0F0F
0,
0,
0,
0,
0,
27403,
18951,
18951,
18951,
18951,
0,
0,
0,
0,
0,
0,
0,
0,
18951,
18951,
51719,
51719,
27403,
27403,
57080,
18951,
18951,
0,
0,
0,
0,
0,
18951,
62738,
62284,
51719,
62284,
23320,
27403,
27403,
57080,
46515,
18951,
0,
0,
0,
18951,
23320,
31774,
31774,
23320,
23320,
23320,
27403,
27403,
35855,
61374,
46515,
18951,
0,
0,
18951,
31774,
44473,
44473,
31774,
23320,
27403,
46515,
61374,
46515,
35855,
61374,
18951,
0,
18951,
31774,
44473,
61374,
61374,
44473,
31774,
27403,
61374,
61374,
61374,
27403,
57080,
46515,
18951,
18951,
31774,
44473,
61374,
61374,
44473,
31774,
27403,
46515,
61374,
46515,
27403,
57080,
46515,
18951,
18951,
31774,
31774,
44473,
44473,
31774,
31774,
23320,
27403,
27403,
27403,
57080,
57080,
46515,
18951,
18951,
31774,
31774,
31774,
31774,
31774,
31774,
23320,
23320,
27403,
27403,
57080,
57080,
46515,
18951,
18951,
31774,
31774,
31774,
31774,
31774,
62738,
23320,
23320,
27403,
27403,
57080,
46515,
46515,
18951,
0,
18951,
23320,
31774,
62738,
62738,
51719,
51719,
23320,
27403,
35855,
46515,
46515,
18951,
0,
0,
18951,
62738,
62284,
62284,
51719,
51719,
51719,
27403,
27403,
46515,
46515,
46515,
18951,
0,
0,
0,
18951,
51719,
51719,
51719,
51719,
23320,
27403,
35855,
46515,
46515,
18951,
0,
0,
0,
0,
0,
18951,
51719,
51719,
23320,
27403,
27403,
46515,
18951,
18951,
0,
0,
0,
0,
0,
0,
0,
0,
18951,
18951,
18951,
18951,
18951,
0,
0,
0,
0,
0,
