0F0F
0,
0,
0,
0,
0,
18951,
27403,
18951,
18951,
18951,
0,
0,
0,
0,
0,
0,
0,
0,
18951,
18951,
62789,
62789,
62789,
27403,
57080,
18951,
18951,
0,
0,
0,
0,
0,
18951,
63282,
63017,
63282,
63282,
62789,
27403,
27403,
57080,
46515,
18951,
0,
0,
0,
18951,
63282,
63017,
63282,
63282,
46515,
35855,
27403,
27403,
35855,
61374,
46515,
18951,
0,
0,
18951,
62789,
61374,
61374,
46515,
35855,
27403,
46515,
61374,
46515,
35855,
61374,
18951,
0,
18951,
63282,
63017,
61374,
61374,
46515,
35855,
27403,
61374,
61374,
61374,
27403,
57080,
46515,
18951,
18951,
63282,
63282,
46515,
46515,
35855,
35855,
27403,
46515,
61374,
46515,
27403,
57080,
46515,
18951,
18951,
63282,
63282,
35855,
35855,
35855,
35855,
35855,
27403,
27403,
27403,
57080,
57080,
46515,
18951,
18951,
63282,
63017,
35855,
35855,
35855,
35855,
35855,
35855,
27403,
27403,
57080,
57080,
46515,
18951,
18951,
63017,
63282,
63017,
35855,
63017,
63017,
63017,
62789,
27403,
27403,
57080,
46515,
46515,
18951,
0,
18951,
63017,
63017,
63017,
62789,
62789,
62789,
62789,
27403,
35855,
46515,
46515,
18951,
0,
0,
18951,
62789,
62789,
62789,
62789,
35855,
35855,
27403,
27403,
46515,
46515,
46515,
18951,
0,
0,
0,
18951,
62789,
35855,
35855,
35855,
35855,
27403,
35855,
46515,
46515,
18951,
0,
0,
0,
0,
0,
18951,
18951,
35855,
27403,
27403,
27403,
46515,
18951,
18951,
0,
0,
0,
0,
0,
0,
0,
0,
18951,
18951,
18951,
18951,
18951,
0,
0,
0,
0,
0,
