0F0F
0,
0,
0,
18951,
51719,
18951,
18951,
18951,
18951,
18951,
0,
0,
0,
0,
0,
0,
0,
18951,
61374,
58652,
51719,
39512,
27403,
27403,
46515,
18951,
18951,
0,
0,
0,
0,
18951,
62284,
62284,
51719,
51719,
39512,
47964,
27403,
27403,
57080,
46515,
18951,
0,
0,
0,
18951,
51719,
51719,
51719,
58652,
61374,
47964,
27403,
27403,
27403,
61374,
46515,
18951,
0,
0,
18951,
39512,
58652,
61374,
47964,
47964,
27403,
46515,
61374,
46515,
27403,
61374,
18951,
0,
18951,
47964,
58652,
58652,
47964,
61374,
61374,
27403,
61374,
61374,
61374,
27403,
57080,
46515,
18951,
18951,
47964,
58652,
58652,
61374,
47964,
47964,
27403,
46515,
61374,
46515,
27403,
57080,
46515,
18951,
18951,
47964,
47964,
47964,
58652,
58652,
61374,
39512,
27403,
27403,
27403,
57080,
57080,
46515,
18951,
18951,
39512,
47964,
51719,
51719,
47964,
39512,
39512,
39512,
27403,
27403,
57080,
46515,
46515,
18951,
18951,
39512,
51719,
62738,
62738,
39512,
39512,
39512,
39512,
27403,
27403,
57080,
46515,
46515,
18951,
0,
18951,
39512,
61374,
61374,
62284,
51719,
39512,
39512,
27403,
35855,
46515,
46515,
18951,
0,
0,
18951,
62738,
62284,
62284,
62284,
51719,
51719,
27403,
27403,
46515,
46515,
46515,
18951,
0,
0,
0,
18951,
51719,
51719,
51719,
51719,
39512,
27403,
35855,
46515,
46515,
18951,
0,
0,
0,
0,
0,
18951,
51719,
51719,
39512,
27403,
27403,
46515,
18951,
18951,
0,
0,
0,
0,
0,
0,
0,
0,
18951,
18951,
18951,
18951,
18951,
0,
0,
0,
0,
0,
