0F0F
0,
0,
0,
0,
0,
0,
18951,
18951,
18951,
18951,
18951,
0,
0,
0,
0,
0,
0,
0,
0,
0,
18951,
18951,
27403,
38521,
27403,
27403,
57080,
18951,
18951,
0,
0,
0,
0,
0,
0,
18951,
38033,
27403,
27403,
27403,
28150,
27403,
27403,
38033,
46515,
18951,
0,
0,
0,
0,
18951,
38033,
27403,
27403,
38033,
27403,
27403,
27403,
27403,
38033,
57080,
46515,
18951,
0,
0,
18951,
28150,
27403,
38033,
38521,
28150,
38033,
27403,
46515,
61374,
46515,
38033,
57080,
18951,
0,
0,
18951,
27403,
38033,
61374,
61374,
38521,
28150,
27403,
61374,
61374,
61374,
27403,
57080,
46515,
18951,
27403,
38033,
27403,
38033,
38521,
38521,
28150,
38033,
27403,
46515,
61374,
46515,
27403,
57080,
46515,
18951,
27403,
38033,
27403,
38033,
26029,
28150,
28150,
27403,
27403,
27403,
27403,
27403,
57080,
57080,
46515,
18951,
27403,
27403,
27403,
27403,
38033,
28150,
38033,
27403,
27403,
28150,
27403,
27403,
57080,
57080,
46515,
18951,
0,
27403,
28150,
27403,
27403,
46515,
27403,
27403,
28150,
28150,
27403,
27403,
57080,
46515,
46515,
18951,
0,
18951,
28150,
17618,
27403,
27403,
27403,
27403,
28150,
38033,
27403,
38033,
46515,
46515,
18951,
0,
0,
0,
27403,
27403,
38033,
27403,
27403,
17618,
38033,
27403,
27403,
46515,
46515,
46515,
18951,
0,
0,
0,
27403,
27403,
38033,
27403,
27403,
27403,
27403,
27403,
38033,
46515,
46515,
18951,
0,
0,
0,
0,
0,
27403,
27403,
38033,
17618,
17618,
27403,
27403,
46515,
18951,
18951,
0,
0,
0,
0,
0,
0,
0,
0,
27403,
18951,
18951,
18951,
18951,
18951,
0,
0,
0,
0,
0,
