0F0F
0,
0,
0,
0,
0,
18951,
27403,
18951,
18951,
18951,
0,
0,
0,
0,
0,
0,
0,
0,
18951,
18951,
28150,
28150,
27403,
27403,
28150,
18951,
18951,
0,
0,
0,
0,
0,
18951,
57080,
61374,
61374,
38521,
28150,
27403,
27403,
28150,
17618,
18951,
0,
0,
0,
18951,
57080,
61374,
61374,
57080,
38521,
28150,
27403,
27403,
38033,
17618,
17618,
18951,
0,
0,
18951,
61374,
61374,
57080,
38521,
28150,
38033,
46515,
61374,
46515,
38033,
17618,
18951,
0,
18951,
38521,
38521,
61374,
38521,
28150,
28150,
27403,
61374,
61374,
61374,
27403,
28150,
17618,
18951,
18951,
38521,
38521,
61374,
38521,
28150,
28150,
27403,
46515,
61374,
46515,
27403,
17618,
17618,
18951,
18951,
38521,
38521,
61374,
57080,
38521,
38521,
28150,
27403,
27403,
27403,
28150,
17618,
17618,
18951,
18951,
38521,
61374,
61374,
61374,
57080,
57080,
28150,
17618,
27403,
27403,
28150,
17618,
17618,
18951,
18951,
57080,
57080,
57080,
57080,
57080,
57080,
28150,
17618,
27403,
27403,
17618,
17618,
17618,
18951,
0,
18951,
57080,
57080,
57080,
57080,
38521,
28150,
17618,
27403,
27403,
17618,
17618,
18951,
0,
0,
18951,
38521,
57080,
57080,
38521,
28150,
17618,
27403,
27403,
17618,
17618,
17618,
18951,
0,
0,
0,
18951,
38521,
38521,
28150,
17618,
17618,
27403,
27403,
17618,
17618,
18951,
0,
0,
0,
0,
0,
18951,
18951,
17618,
17618,
27403,
27403,
17618,
18951,
18951,
0,
0,
0,
0,
0,
0,
0,
0,
18951,
18951,
18951,
18951,
18951,
0,
0,
0,
0,
0,
