0F0F
0,
0,
0,
0,
0,
0,
18951,
18951,
18951,
18951,
18951,
0,
0,
0,
0,
0,
0,
0,
0,
0,
18951,
18951,
62284,
62284,
27403,
27403,
62284,
18951,
18951,
0,
0,
0,
0,
0,
0,
18951,
62284,
62738,
61374,
57080,
57080,
27403,
27403,
57080,
57080,
18951,
0,
0,
0,
0,
18951,
35855,
46515,
61374,
61374,
61374,
57080,
27403,
27403,
35855,
61374,
46515,
18951,
0,
0,
0,
18951,
35855,
35855,
46515,
61374,
57080,
35855,
46515,
61374,
46515,
35855,
57080,
18951,
0,
0,
18951,
62738,
62738,
62284,
62284,
62284,
57080,
27403,
61374,
61374,
61374,
27403,
57080,
46515,
18951,
18951,
62738,
62284,
62284,
62284,
51719,
51719,
57080,
27403,
46515,
61374,
46515,
27403,
57080,
46515,
18951,
18951,
62284,
62284,
51719,
51719,
51719,
57080,
57080,
57080,
27403,
27403,
27403,
57080,
46515,
46515,
18951,
18951,
62284,
51719,
51719,
35855,
46515,
57080,
57080,
57080,
57080,
27403,
27403,
57080,
46515,
46515,
18951,
0,
18951,
51719,
35855,
35855,
46515,
57080,
57080,
57080,
46515,
27403,
35855,
46515,
46515,
46515,
18951,
0,
0,
35855,
35855,
46515,
57080,
57080,
57080,
46515,
35855,
27403,
35855,
46515,
46515,
18951,
0,
0,
0,
18951,
35855,
62284,
62284,
62284,
46515,
46515,
27403,
27403,
46515,
46515,
46515,
18951,
0,
0,
0,
0,
18951,
62284,
51719,
51719,
51719,
51719,
27403,
51719,
46515,
46515,
18951,
0,
0,
0,
0,
0,
0,
18951,
18951,
51719,
51719,
27403,
27403,
46515,
18951,
18951,
0,
0,
0,
0,
0,
0,
0,
0,
0,
18951,
18951,
18951,
18951,
18951,
0,
0,
0,
0,
0,
