0F0F
0,
0,
0,
0,
0,
18951,
18951,
18951,
18951,
18951,
0,
0,
0,
0,
0,
0,
0,
0,
18951,
18951,
27403,
61374,
62789,
57080,
27403,
18951,
18951,
0,
0,
0,
0,
0,
18951,
62789,
46515,
35855,
27403,
61374,
62789,
57080,
27403,
27403,
18951,
0,
0,
0,
18951,
51719,
63282,
62789,
46515,
27403,
61374,
62284,
51719,
62284,
46515,
27403,
18951,
0,
0,
18951,
62789,
51719,
63282,
46515,
61374,
62284,
62789,
63282,
62789,
62284,
46515,
18951,
0,
18951,
46515,
63282,
51719,
63282,
46515,
61374,
62284,
63282,
63282,
63282,
51719,
46515,
27403,
18951,
18951,
46515,
63282,
51719,
62789,
35855,
46515,
51719,
62789,
63282,
62789,
51719,
46515,
27403,
18951,
18951,
35855,
62789,
51719,
62789,
35855,
27403,
46515,
51719,
51719,
51719,
46515,
35855,
27403,
18951,
18951,
35855,
62789,
51719,
62789,
35855,
27403,
27403,
46515,
51719,
46515,
35855,
35855,
27403,
18951,
18951,
35855,
62789,
51719,
62789,
35855,
27403,
27403,
46515,
51719,
57080,
35855,
27403,
27403,
18951,
0,
27403,
51719,
51719,
62789,
27403,
27403,
27403,
46515,
51719,
46515,
35855,
27403,
18951,
0,
0,
18951,
51719,
62789,
27403,
27403,
27403,
46515,
51719,
51719,
46515,
27403,
27403,
18951,
0,
0,
0,
18951,
27403,
27403,
27403,
27403,
46515,
51719,
46515,
27403,
27403,
18951,
0,
0,
0,
0,
0,
18951,
18951,
27403,
46515,
51719,
51719,
46515,
18951,
18951,
0,
0,
0,
0,
0,
0,
0,
0,
18951,
18951,
18951,
18951,
27403,
0,
0,
0,
0,
0,
