0F0F
0,
0,
0,
0,
0,
18951,
18951,
18951,
18951,
18951,
0,
0,
0,
0,
0,
0,
0,
0,
18951,
18951,
57080,
46515,
62738,
35855,
46515,
18951,
18951,
0,
0,
0,
0,
0,
18951,
57080,
57080,
61374,
57080,
35855,
62738,
35855,
46515,
35855,
18951,
0,
0,
0,
18951,
57080,
61374,
61374,
61374,
61374,
46515,
62738,
63017,
62738,
46515,
35855,
18951,
0,
0,
46515,
61374,
61374,
61374,
61374,
46515,
62738,
46515,
61374,
46515,
62738,
46515,
18951,
0,
18951,
57080,
61374,
61374,
61374,
61374,
46515,
62284,
61374,
61374,
61374,
62284,
46515,
35855,
18951,
18951,
61374,
61374,
61374,
61374,
61374,
35855,
62284,
46515,
61374,
46515,
62284,
35855,
35855,
18951,
18951,
61374,
61374,
61374,
61374,
61374,
61374,
35855,
62284,
62284,
62284,
35855,
46515,
35855,
18951,
18951,
61374,
61374,
61374,
61374,
61374,
61374,
57080,
35855,
51719,
35855,
46515,
46515,
35855,
18951,
18951,
57080,
61374,
61374,
61374,
61374,
61374,
57080,
35855,
62284,
35855,
46515,
46515,
35855,
18951,
0,
46515,
57080,
61374,
61374,
61374,
57080,
57080,
35855,
62284,
35855,
46515,
35855,
18951,
0,
0,
18951,
57080,
57080,
57080,
57080,
57080,
35855,
62284,
62284,
46515,
46515,
35855,
18951,
0,
0,
0,
18951,
57080,
57080,
57080,
57080,
35855,
62284,
35855,
46515,
35855,
18951,
0,
0,
0,
0,
0,
18951,
18951,
46515,
35855,
62284,
62284,
35855,
18951,
18951,
0,
0,
0,
0,
0,
0,
0,
0,
18951,
18951,
18951,
18951,
18951,
0,
0,
0,
0,
0,
