0F0F
0,
0,
0,
0,
0,
18951,
18951,
18951,
18951,
18951,
0,
0,
0,
0,
0,
0,
0,
0,
18951,
18951,
53170,
36461,
60619,
60619,
17608,
18951,
18951,
0,
0,
0,
0,
0,
18951,
25355,
25355,
25355,
25355,
25355,
62145,
60619,
18951,
25355,
18951,
0,
0,
0,
18951,
25355,
33683,
25355,
25355,
25355,
36461,
33683,
33683,
25355,
17608,
18951,
18951,
0,
0,
18951,
63348,
63348,
33683,
33683,
36461,
33683,
52786,
63348,
60619,
25355,
17608,
18951,
0,
18951,
53170,
63348,
63348,
53170,
33683,
36461,
25355,
63348,
63348,
63348,
25355,
17608,
25355,
18951,
18951,
36461,
53170,
53170,
36461,
25355,
36461,
25355,
60619,
63348,
60619,
25355,
17608,
25355,
18951,
18951,
36461,
36461,
36461,
36461,
25355,
17608,
36461,
25355,
25355,
25355,
17608,
17608,
25355,
18951,
18951,
17608,
36461,
36461,
17608,
25355,
25355,
17608,
17608,
62145,
62145,
17608,
25355,
18951,
18951,
18951,
17608,
17608,
17608,
25355,
25355,
25355,
25355,
18951,
62145,
60619,
18951,
18951,
17608,
18951,
0,
25355,
17608,
25355,
25355,
25355,
18951,
17608,
17608,
62145,
60619,
25355,
18951,
18951,
0,
0,
18951,
25355,
25355,
18951,
17608,
17608,
17608,
62145,
60619,
17608,
17608,
25355,
18951,
0,
0,
0,
18951,
18951,
17608,
17608,
17608,
17608,
62145,
60619,
17608,
17608,
18951,
0,
0,
0,
0,
0,
18951,
18951,
17608,
17608,
62145,
62145,
17608,
25355,
18951,
0,
0,
0,
0,
0,
0,
0,
0,
18951,
18951,
18951,
18951,
18951,
0,
0,
0,
0,
0,
