0F0F
0,
0,
0,
0,
0,
18951,
18951,
18951,
18951,
18951,
0,
0,
0,
0,
0,
0,
0,
0,
18951,
18951,
63348,
63348,
37918,
37918,
63348,
18951,
18951,
0,
0,
0,
0,
0,
18951,
52786,
63348,
63348,
63348,
63165,
37918,
37918,
63348,
63348,
18951,
0,
0,
0,
18951,
63165,
63422,
63422,
63348,
58518,
58518,
37918,
37918,
33683,
58518,
63348,
18951,
0,
0,
18951,
63165,
63422,
63422,
58518,
60921,
37918,
52786,
63422,
52786,
33683,
58518,
18951,
0,
18951,
60921,
60921,
63165,
63165,
60921,
60921,
37918,
63422,
63422,
63422,
33683,
58518,
63348,
18951,
18951,
60921,
60921,
60921,
60921,
60921,
60921,
33683,
52786,
63422,
52786,
33683,
58518,
58518,
18951,
18951,
60921,
60921,
60921,
63348,
58518,
60921,
58518,
33683,
33683,
33683,
58518,
58518,
63348,
18951,
18951,
58518,
60921,
63348,
63348,
63348,
58518,
58518,
58518,
33683,
33683,
58518,
63348,
63348,
18951,
18951,
58518,
60921,
63348,
63348,
63348,
63348,
63348,
52786,
37918,
33683,
63348,
63348,
52786,
18951,
0,
18951,
58518,
60921,
63348,
63348,
63348,
52786,
52786,
37918,
33683,
63348,
52786,
18951,
0,
0,
18951,
58518,
58518,
58518,
52786,
52786,
52786,
37918,
33683,
52786,
52786,
52786,
18951,
0,
0,
0,
18951,
58518,
58518,
58518,
58518,
58518,
37918,
33683,
58518,
52786,
18951,
0,
0,
0,
0,
0,
18951,
18951,
63348,
63348,
37918,
33683,
63348,
18951,
18951,
0,
0,
0,
0,
0,
0,
0,
0,
18951,
18951,
18951,
18951,
18951,
0,
0,
0,
0,
0,
