0F0F
0,
0,
0,
0,
0,
18951,
18951,
18951,
18951,
18951,
0,
0,
0,
0,
0,
0,
0,
0,
18951,
18951,
44473,
44473,
27403,
27403,
31774,
18951,
18951,
0,
0,
0,
0,
0,
18951,
63017,
63017,
63017,
31774,
62789,
27403,
27403,
62789,
62789,
18951,
0,
0,
0,
18951,
63017,
63017,
63017,
63017,
62789,
62789,
18951,
18951,
18951,
62789,
62789,
18951,
0,
0,
18951,
44473,
57080,
57080,
44473,
63017,
27403,
46515,
61374,
46515,
18951,
62789,
62789,
0,
18951,
31774,
44473,
57080,
57080,
44473,
63017,
27403,
61374,
61374,
61374,
18951,
62789,
23320,
18951,
18951,
31774,
31774,
44473,
44473,
31774,
63017,
18951,
46515,
61374,
46515,
18951,
62789,
23320,
18951,
18951,
31774,
31774,
31774,
31774,
31774,
63017,
62789,
18951,
18951,
18951,
62789,
62789,
23320,
18951,
18951,
31774,
31774,
31774,
31774,
63017,
62789,
62789,
62789,
18951,
18951,
62789,
62789,
62789,
18951,
18951,
31774,
31774,
31774,
63017,
63017,
62789,
31774,
62789,
18951,
18951,
62789,
62789,
35855,
18951,
0,
18951,
31774,
63017,
63017,
62789,
31774,
31774,
23320,
18951,
31774,
23320,
62789,
18951,
0,
0,
18951,
63017,
63017,
63017,
62789,
31774,
31774,
18951,
18951,
23320,
23320,
35855,
18951,
0,
0,
0,
18951,
63017,
62789,
31774,
31774,
23320,
18951,
18951,
23320,
23320,
18951,
0,
0,
0,
0,
0,
18951,
18951,
23320,
23320,
18951,
18951,
23320,
18951,
18951,
0,
0,
0,
0,
0,
0,
0,
0,
18951,
18951,
18951,
18951,
18951,
0,
0,
0,
0,
0,
