0F0F
0,
0,
0,
0,
0,
18951,
27403,
18951,
18951,
18951,
0,
0,
0,
0,
0,
0,
0,
0,
18951,
18951,
26029,
41996,
27403,
27403,
57080,
18951,
18951,
0,
0,
0,
0,
0,
18951,
62963,
17480,
50448,
26029,
26029,
27403,
38033,
57080,
46515,
18951,
0,
0,
0,
18951,
41996,
62963,
62963,
41996,
50448,
26029,
27403,
27403,
38033,
61374,
46515,
18951,
0,
0,
18951,
62963,
61374,
61374,
26029,
26029,
27403,
46515,
61374,
46515,
38033,
57080,
18951,
0,
18951,
44524,
62963,
61374,
44524,
26029,
26029,
27403,
61374,
61374,
61374,
27403,
57080,
46515,
18951,
18951,
44524,
44524,
62963,
26029,
50448,
26029,
27403,
46515,
61374,
46515,
27403,
57080,
57080,
18951,
18951,
62963,
44524,
26029,
26029,
62963,
50448,
26029,
27403,
27403,
27403,
57080,
57080,
46515,
18951,
18951,
62963,
26029,
26029,
62963,
62963,
50448,
26029,
50448,
27403,
27403,
57080,
57080,
46515,
18951,
18951,
62963,
62963,
17480,
50448,
50448,
26029,
17480,
50448,
27403,
27403,
57080,
46515,
46515,
18951,
0,
18951,
50448,
17480,
17480,
26029,
26029,
17480,
41996,
27403,
38033,
57080,
46515,
18951,
0,
0,
18951,
41996,
41996,
17480,
26029,
17480,
41996,
41996,
27403,
46515,
46515,
46515,
18951,
0,
0,
0,
18951,
17480,
17480,
17480,
17480,
17480,
27403,
27403,
46515,
46515,
18951,
0,
0,
0,
0,
0,
18951,
17480,
17480,
27403,
27403,
27403,
46515,
18951,
18951,
0,
0,
0,
0,
0,
0,
0,
0,
18951,
18951,
18951,
18951,
18951,
0,
0,
0,
0,
0,
