0F0F
0,
0,
0,
0,
0,
18951,
18951,
18951,
18951,
18951,
0,
0,
0,
0,
0,
0,
0,
0,
18951,
18951,
63017,
60738,
27403,
27403,
60738,
48131,
18951,
0,
0,
0,
0,
0,
18951,
58312,
58312,
58312,
58312,
47813,
27403,
27403,
57080,
46515,
18951,
0,
0,
0,
18951,
58312,
58737,
58737,
58312,
58312,
47813,
27403,
27403,
35855,
61374,
46515,
18951,
0,
0,
18951,
63216,
61374,
63216,
63017,
58312,
27403,
46515,
61374,
46515,
35855,
57080,
18951,
0,
18951,
63017,
63216,
63216,
63216,
63017,
58312,
27403,
61374,
61374,
61374,
27403,
57080,
46515,
18951,
18951,
63017,
63017,
63017,
63017,
58312,
58312,
27403,
46515,
61374,
46515,
27403,
57080,
46515,
18951,
18951,
63017,
58312,
63017,
58312,
58312,
58312,
47813,
27403,
27403,
27403,
57080,
57080,
46515,
18951,
18951,
63017,
58312,
58312,
58312,
58312,
58312,
47813,
47813,
27403,
27403,
57080,
46515,
46515,
18951,
18951,
58312,
58312,
58312,
58312,
58312,
47813,
47813,
47813,
27403,
27403,
57080,
46515,
46515,
18951,
0,
18951,
58312,
58312,
58312,
58312,
47813,
47813,
47813,
27403,
35855,
46515,
46515,
18951,
0,
0,
18951,
47813,
58312,
47813,
63017,
63017,
63017,
27403,
27403,
60738,
48131,
46515,
18951,
0,
0,
0,
18951,
47813,
63017,
60738,
60738,
60738,
27403,
27403,
60738,
48131,
18951,
0,
0,
0,
0,
0,
18951,
48131,
60738,
60738,
27403,
27403,
60738,
48131,
18951,
0,
0,
0,
0,
0,
0,
0,
0,
18951,
18951,
18951,
18951,
18951,
0,
0,
0,
0,
0,
