0F0F
0,
0,
0,
0,
0,
18951,
18951,
18951,
18951,
18951,
0,
0,
0,
0,
0,
0,
0,
0,
18951,
18951,
52364,
52364,
27403,
27403,
57080,
18951,
18951,
0,
0,
0,
0,
0,
18951,
58802,
58802,
58802,
58802,
52364,
27403,
27403,
57080,
46515,
18951,
0,
0,
0,
18951,
58802,
58997,
58997,
58802,
58802,
52364,
27403,
27403,
35855,
61374,
46515,
18951,
0,
0,
18951,
60237,
62674,
61374,
58997,
58802,
27403,
46515,
61374,
46515,
35855,
57080,
18951,
0,
18951,
27403,
60237,
62674,
62674,
60237,
58802,
27403,
61374,
61374,
61374,
27403,
57080,
46515,
18951,
18951,
27403,
27403,
27403,
60237,
55816,
58802,
27403,
46515,
61374,
46515,
27403,
57080,
46515,
18951,
18951,
27403,
27403,
55816,
55816,
52364,
58802,
52364,
27403,
27403,
27403,
57080,
57080,
46515,
18951,
18951,
27403,
55816,
55816,
52364,
58802,
58802,
52364,
52364,
27403,
27403,
57080,
46515,
46515,
18951,
18951,
27403,
55816,
55816,
58802,
58802,
52364,
52364,
52364,
27403,
27403,
57080,
46515,
46515,
18951,
0,
18951,
27403,
52364,
58802,
58802,
52364,
52364,
52364,
27403,
35855,
46515,
46515,
18951,
0,
0,
18951,
52364,
58802,
58802,
52364,
52364,
52364,
27403,
27403,
57080,
46515,
46515,
18951,
0,
0,
0,
18951,
52364,
52364,
52364,
52364,
52364,
27403,
27403,
46515,
46515,
18951,
0,
0,
0,
0,
0,
18951,
18951,
52364,
52364,
27403,
27403,
35855,
18951,
18951,
0,
0,
0,
0,
0,
0,
0,
0,
18951,
18951,
18951,
18951,
18951,
0,
0,
0,
0,
0,
