0F0F
0,
0,
0,
0,
0,
18951,
18951,
18951,
18951,
18951,
0,
0,
0,
0,
0,
0,
0,
0,
18951,
18951,
21701,
21701,
27403,
27403,
57080,
18951,
18951,
0,
0,
0,
0,
0,
18951,
30121,
60105,
60105,
44105,
21701,
27403,
27403,
57080,
46515,
18951,
0,
0,
0,
18951,
30121,
62837,
63017,
63017,
60105,
44105,
27403,
27403,
35855,
61374,
46515,
18951,
0,
0,
18951,
62837,
61374,
62837,
60105,
60105,
27403,
46515,
61374,
46515,
35855,
57080,
18951,
0,
18951,
44105,
60105,
62837,
63017,
63017,
60105,
27403,
61374,
61374,
61374,
27403,
57080,
46515,
18951,
18951,
60105,
60105,
60105,
60105,
60105,
60105,
27403,
46515,
61374,
46515,
27403,
57080,
46515,
18951,
18951,
60105,
60105,
60105,
63017,
63017,
60105,
60105,
27403,
27403,
27403,
57080,
57080,
46515,
18951,
18951,
60105,
44105,
44105,
60105,
60105,
60105,
44105,
21701,
27403,
27403,
57080,
46515,
46515,
18951,
18951,
44105,
30121,
30121,
44105,
60105,
44105,
21701,
21701,
27403,
27403,
57080,
46515,
46515,
18951,
0,
18951,
30121,
30121,
30121,
30121,
21701,
21701,
21701,
27403,
35855,
46515,
46515,
18951,
0,
0,
18951,
21701,
30121,
30121,
21701,
21701,
21701,
27403,
27403,
57080,
46515,
46515,
18951,
0,
0,
0,
18951,
21701,
21701,
21701,
21701,
21701,
27403,
27403,
46515,
46515,
18951,
0,
0,
0,
0,
0,
18951,
18951,
21701,
21701,
27403,
27403,
35855,
18951,
18951,
0,
0,
0,
0,
0,
0,
0,
0,
18951,
18951,
18951,
18951,
18951,
0,
0,
0,
0,
0,
