0F0F
0,
0,
0,
0,
0,
18951,
18951,
18951,
18951,
18951,
0,
0,
0,
0,
0,
0,
0,
0,
18951,
18951,
21331,
38237,
21331,
27403,
57080,
18951,
18951,
0,
0,
0,
0,
0,
18951,
38100,
38100,
21331,
21531,
21331,
27403,
27403,
57080,
46515,
18951,
0,
0,
0,
18951,
38100,
46518,
46518,
38100,
38100,
31761,
27403,
27403,
35855,
61374,
46515,
18951,
0,
0,
18951,
46518,
61374,
61374,
46518,
38100,
27403,
46515,
61374,
46515,
35855,
57080,
18951,
0,
18951,
38100,
46518,
61374,
61374,
46518,
38100,
27403,
61374,
61374,
61374,
27403,
57080,
46515,
18951,
18951,
38100,
38100,
46518,
46518,
38100,
38100,
27403,
46515,
61374,
46515,
27403,
57080,
46515,
18951,
18951,
38100,
38100,
38100,
38100,
38100,
31761,
31761,
27403,
27403,
27403,
57080,
57080,
46515,
18951,
18951,
38100,
38100,
38100,
38100,
21331,
38237,
21331,
31761,
27403,
27403,
57080,
46515,
46515,
18951,
18951,
38100,
38100,
38100,
38100,
38100,
21531,
21331,
31761,
27403,
27403,
57080,
46515,
46515,
18951,
0,
18951,
38100,
38100,
38100,
38100,
31761,
31761,
31761,
27403,
35855,
46515,
46515,
18951,
0,
0,
18951,
31761,
21331,
21331,
31761,
31761,
31761,
27403,
27403,
57080,
46515,
46515,
18951,
0,
0,
0,
18951,
21331,
38237,
21531,
21331,
31761,
27403,
27403,
46515,
46515,
18951,
0,
0,
0,
0,
0,
21331,
21531,
21531,
21331,
27403,
27403,
35855,
18951,
18951,
0,
0,
0,
0,
0,
0,
0,
21331,
21331,
18951,
18951,
18951,
18951,
0,
0,
0,
0,
0,
