0F0F
0,
0,
0,
0,
0,
18951,
18951,
18951,
18951,
18951,
0,
0,
0,
0,
0,
0,
0,
0,
18951,
18951,
48019,
48019,
27403,
27403,
57080,
18951,
18951,
0,
0,
0,
0,
0,
18951,
62551,
62551,
62551,
62551,
48019,
27403,
27403,
57080,
46515,
18951,
0,
0,
0,
18951,
63099,
61374,
63099,
62551,
62551,
48019,
27403,
27403,
35855,
61374,
46515,
18951,
0,
0,
48019,
63099,
61374,
61374,
63099,
62551,
27403,
46515,
61374,
46515,
35855,
57080,
18951,
0,
18951,
63099,
62840,
63099,
63099,
62840,
63099,
27403,
61374,
61374,
61374,
27403,
57080,
46515,
18951,
18951,
62551,
63099,
62840,
62840,
62840,
63099,
27403,
46515,
61374,
46515,
27403,
57080,
46515,
18951,
18951,
63099,
62840,
62840,
62840,
63099,
62551,
48019,
27403,
27403,
27403,
57080,
57080,
46515,
18951,
18951,
63099,
62840,
62840,
63099,
62551,
62551,
48019,
48019,
27403,
27403,
57080,
46515,
46515,
18951,
18951,
62551,
63099,
63099,
62551,
62551,
48019,
48019,
48019,
27403,
27403,
57080,
46515,
46515,
18951,
0,
18951,
62551,
62551,
62551,
62551,
48019,
48019,
48019,
27403,
35855,
46515,
46515,
18951,
0,
0,
18951,
48019,
62551,
62551,
48019,
48019,
48019,
27403,
27403,
57080,
46515,
46515,
18951,
0,
0,
0,
18951,
48019,
48019,
48019,
48019,
48019,
27403,
27403,
46515,
46515,
18951,
0,
0,
0,
0,
0,
18951,
18951,
48019,
48019,
27403,
27403,
35855,
18951,
18951,
0,
0,
0,
0,
0,
0,
0,
0,
18951,
18951,
18951,
18951,
18951,
0,
0,
0,
0,
0,
