0F0F
0,
0,
0,
0,
0,
18951,
18951,
18951,
18951,
18951,
0,
0,
0,
0,
0,
0,
0,
0,
18951,
18951,
27907,
27907,
27403,
27403,
57080,
18951,
18951,
0,
0,
0,
0,
0,
18951,
36327,
36327,
46151,
51914,
27907,
27403,
27403,
57080,
46515,
18951,
0,
0,
0,
18951,
36327,
46151,
51914,
36327,
46151,
27907,
27403,
27403,
35855,
61374,
46515,
18951,
0,
0,
18951,
46704,
46704,
46151,
46151,
36327,
27403,
46515,
61374,
46515,
35855,
57080,
18951,
0,
18951,
36327,
46704,
61374,
63017,
36327,
36327,
27403,
61374,
61374,
61374,
27403,
57080,
46515,
18951,
18951,
36327,
36327,
63017,
63017,
36327,
36327,
27403,
46515,
61374,
46515,
27403,
57080,
46515,
18951,
18951,
36327,
36327,
36327,
46151,
51914,
36327,
27907,
27403,
27403,
27403,
57080,
57080,
46515,
18951,
18951,
36327,
36327,
51914,
51914,
46151,
36327,
46151,
27907,
27403,
27403,
57080,
46515,
46515,
18951,
18951,
36327,
36327,
46151,
51914,
36327,
51914,
51914,
27907,
27403,
27403,
57080,
46515,
46515,
18951,
0,
18951,
36327,
36327,
36327,
36327,
51914,
51914,
27907,
27403,
35855,
46515,
46515,
18951,
0,
0,
18951,
27907,
36327,
36327,
27907,
27907,
27907,
27403,
27403,
57080,
46515,
46515,
18951,
0,
0,
0,
18951,
27907,
27907,
27907,
27907,
27907,
27403,
27403,
46515,
46515,
18951,
0,
0,
0,
0,
0,
18951,
18951,
27907,
27907,
27403,
27403,
35855,
18951,
18951,
0,
0,
0,
0,
0,
0,
0,
0,
18951,
18951,
18951,
18951,
18951,
0,
0,
0,
0,
0,
