0F0F
0,
0,
0,
0,
0,
18951,
18951,
18951,
18951,
18951,
0,
0,
0,
0,
0,
0,
0,
0,
18951,
18951,
13526,
13526,
27403,
27403,
57080,
18951,
18951,
0,
0,
0,
0,
0,
18951,
19964,
19964,
19964,
19964,
13526,
27403,
27403,
57080,
46515,
18951,
0,
0,
0,
18951,
19964,
36542,
36542,
19964,
19964,
13526,
27403,
27403,
35855,
61374,
46515,
18951,
0,
0,
18951,
63017,
63282,
61374,
36542,
19964,
27403,
46515,
61374,
46515,
35855,
57080,
18951,
0,
18951,
63017,
63017,
63282,
63282,
36542,
33874,
27403,
61374,
61374,
61374,
27403,
57080,
46515,
18951,
18951,
63017,
63017,
63017,
63017,
33874,
33874,
27403,
46515,
61374,
46515,
27403,
57080,
46515,
18951,
18951,
63017,
33874,
33874,
63017,
33874,
33874,
27535,
27403,
27403,
27403,
57080,
57080,
46515,
18951,
18951,
63017,
33874,
33874,
63017,
33874,
33874,
27535,
27535,
27403,
27403,
57080,
46515,
46515,
18951,
18951,
48461,
33874,
33874,
48461,
33874,
27535,
27535,
27535,
27403,
27403,
57080,
46515,
46515,
18951,
0,
18951,
33874,
33874,
33874,
33874,
27535,
27535,
27535,
27403,
35855,
46515,
46515,
18951,
0,
0,
18951,
33874,
33874,
33874,
27535,
27535,
27535,
27403,
27403,
57080,
46515,
46515,
18951,
0,
0,
0,
18951,
27535,
27535,
27535,
27535,
27535,
27403,
27403,
46515,
46515,
18951,
0,
0,
0,
0,
0,
18951,
18951,
27535,
27535,
27403,
27403,
35855,
18951,
18951,
0,
0,
0,
0,
0,
0,
0,
0,
18951,
18951,
18951,
18951,
18951,
0,
0,
0,
0,
0,
