0F0F
0,
0,
0,
0,
0,
18951,
18951,
18951,
18951,
18951,
0,
0,
0,
0,
0,
0,
0,
0,
18951,
18951,
51719,
51719,
27403,
27403,
57080,
18951,
18951,
0,
0,
0,
0,
0,
18951,
62284,
62284,
62284,
62284,
51719,
27403,
27403,
57080,
46515,
18951,
0,
0,
0,
18951,
58652,
62738,
61374,
62738,
62284,
51719,
27403,
27403,
35855,
61374,
46515,
18951,
0,
0,
18951,
62738,
62284,
62738,
61374,
62284,
27403,
46515,
61374,
46515,
35855,
57080,
18951,
0,
18951,
61374,
62284,
61374,
62284,
61374,
62284,
27403,
61374,
61374,
61374,
27403,
57080,
46515,
18951,
18951,
61374,
62738,
62284,
62738,
61374,
62284,
27403,
46515,
61374,
46515,
27403,
57080,
46515,
18951,
18951,
62738,
61374,
62284,
58652,
62738,
62284,
51719,
27403,
27403,
27403,
57080,
57080,
46515,
18951,
18951,
62284,
62284,
62284,
62284,
62284,
62284,
51719,
51719,
27403,
27403,
57080,
46515,
46515,
18951,
18951,
62284,
62284,
62284,
62284,
62284,
51719,
51719,
51719,
27403,
27403,
57080,
46515,
46515,
18951,
0,
18951,
62284,
62284,
62284,
62284,
51719,
51719,
51719,
27403,
35855,
46515,
46515,
18951,
0,
0,
18951,
51719,
62284,
62284,
51719,
51719,
51719,
27403,
27403,
57080,
46515,
46515,
18951,
0,
0,
0,
18951,
51719,
51719,
51719,
51719,
51719,
27403,
27403,
46515,
46515,
18951,
0,
0,
0,
0,
0,
18951,
18951,
51719,
51719,
27403,
27403,
35855,
18951,
18951,
0,
0,
0,
0,
0,
0,
0,
0,
18951,
18951,
18951,
18951,
18951,
0,
0,
0,
0,
0,
