0F0F
65535,
65535,
65535,
65535,
63454,
18951,
18951,
18951,
18951,
18951,
65535,
65535,
65535,
65535,
65535,
65535,
65535,
65535,
18951,
18951,
54228,
54228,
27403,
27403,
62841,
18951,
18951,
65535,
65535,
65535,
65535,
65535,
18951,
62841,
62841,
62841,
62841,
54228,
27403,
27403,
62841,
37784,
18951,
65535,
65535,
65535,
18951,
62841,
63099,
63099,
62841,
62841,
54228,
27403,
27403,
35737,
46173,
37784,
18951,
65535,
65535,
18951,
63099,
61374,
61374,
63099,
62841,
27403,
42326,
61374,
42326,
35737,
46173,
18951,
65535,
18951,
62841,
62747,
61374,
61374,
62747,
62841,
27403,
61374,
61374,
61374,
27403,
46173,
37784,
18951,
18951,
62841,
62227,
62747,
62747,
62227,
62841,
27403,
42326,
61374,
42326,
27403,
46173,
37784,
18951,
18951,
62841,
62227,
62227,
62227,
62227,
62841,
54228,
27403,
27403,
27403,
46173,
46173,
37784,
18951,
18951,
62841,
62841,
62227,
62227,
62841,
62841,
54228,
54228,
27403,
27403,
62841,
37784,
37784,
18951,
18951,
62841,
62841,
62841,
62841,
62841,
54228,
54228,
54228,
27403,
27403,
62841,
37784,
37784,
18951,
63390,
18951,
62841,
62841,
62841,
62841,
54228,
54228,
54228,
27403,
35737,
54228,
37784,
18951,
63454,
65535,
18951,
54228,
62841,
62841,
54228,
54228,
54228,
27403,
27403,
37784,
37784,
37784,
18951,
65535,
65535,
65535,
18951,
54228,
54228,
54228,
54228,
54228,
27403,
35737,
54228,
37784,
18951,
65535,
65535,
65535,
65535,
65535,
18951,
18951,
54228,
54228,
27403,
27403,
54228,
18951,
18951,
65535,
65535,
65535,
65535,
65535,
65535,
65535,
63454,
18951,
18951,
18951,
18951,
18951,
65535,
65535,
65535,
65535,
65535,
