0F0F
0,
0,
0,
0,
0,
18951,
18951,
18951,
18951,
18951,
0,
0,
0,
0,
0,
0,
0,
0,
18951,
18951,
62738,
27403,
62284,
51719,
27403,
18951,
18951,
0,
0,
0,
0,
0,
18951,
62738,
62738,
62738,
62738,
27403,
27403,
35855,
62284,
51719,
18951,
0,
0,
0,
18951,
62738,
57080,
57080,
62738,
62738,
62738,
62284,
62284,
62284,
62284,
51719,
18951,
0,
0,
18951,
57080,
61374,
61374,
57080,
62738,
35855,
51719,
57080,
51719,
62284,
62284,
18951,
0,
18951,
62738,
57080,
61374,
61374,
57080,
62738,
35855,
57080,
62738,
62738,
27403,
62284,
51719,
18951,
18951,
62738,
62738,
57080,
57080,
62738,
62738,
27403,
51719,
62738,
51719,
27403,
51719,
51719,
18951,
18951,
62738,
62738,
62738,
62738,
62738,
62738,
62284,
27403,
51719,
27403,
51719,
51719,
51719,
18951,
18951,
62738,
62738,
62738,
62738,
62738,
62284,
62284,
62284,
62284,
62284,
62284,
51719,
51719,
18951,
18951,
62284,
62738,
62738,
62738,
62738,
62284,
62284,
35855,
27403,
62284,
51719,
51719,
51719,
18951,
0,
18951,
62738,
62738,
62738,
62284,
62284,
62284,
35855,
62284,
27403,
51719,
51719,
18951,
0,
0,
18951,
62284,
62284,
62284,
62284,
62284,
62284,
35855,
62284,
27403,
51719,
51719,
18951,
0,
0,
0,
18951,
62284,
62284,
62284,
51719,
35855,
62284,
27403,
51719,
51719,
18951,
0,
0,
0,
0,
0,
18951,
18951,
51719,
51719,
35855,
51719,
27403,
18951,
18951,
0,
0,
0,
0,
0,
0,
0,
0,
18951,
18951,
18951,
18951,
18951,
0,
0,
0,
0,
0,
