00000000000000000000000000000000000000000000
01000000000000000000000000000000000000000000
02000000000000000000000000000000000000000000
03000000000000000000000000000000000000000000
04000000000000000000000000000000000000000000
05000000000000000000000000000000000000000000
06000000000000000000000000000000000000000000
07000000000000000000000000000000000000000000
08000000000000000000000000000000000000000000
09000000000000000000000000000000000000000000
10000000000000000000000000000000000000000000
11000000000000000000000000000000000000000000
12000000000000000000000000000000000000000000
13000000000000000000000000000000000000000000
14000000000000000000000000000000000000000000
15000000000000000000000000000000000000000000
16000000000000000000000000000000000000000000
17000000000000000000000000000000000000000000
18000000000000000000000000000000000000000000
19000000000000000000000000000000000000000000
20000000000000000000000000000000000000000000
21000000000000000000000000000000000000000000
22000000000000000000000000000000000000000000
23000000000000000000000000000000000000000000
24000000000000000000000000000000000000000000
25000000000000000000000000000000000000000000
26000000000000000000000000000000000000000000
27000000000000000000000000000000000000000000
28000000000000000000000000000000000000000000
29000000000000000000000000000000000000000000
