2020
0,
0,
0,
0,
0,
0,
0,
0,
0,
0,
0,
0,
0,
0,
0,
0,
0,
0,
0,
0,
0,
0,
0,
0,
0,
0,
0,
0,
0,
0,
0,
0,
0,
0,
0,
0,
0,
0,
0,
0,
0,
0,
0,
0,
0,
0,
0,
0,
0,
0,
0,
0,
0,
0,
0,
0,
0,
0,
0,
0,
0,
0,
0,
0,
0,
0,
0,
0,
0,
0,
0,
0,
0,
0,
0,
0,
0,
0,
0,
0,
0,
0,
0,
0,
0,
0,
0,
0,
0,
0,
0,
0,
0,
0,
0,
0,
0,
0,
0,
0,
0,
0,
0,
0,
0,
0,
0,
0,
0,
0,
0,
0,
12678,
12743,
0,
0,
0,
0,
0,
0,
0,
0,
0,
0,
0,
0,
0,
0,
0,
0,
0,
0,
0,
0,
0,
0,
0,
0,
12710,
14759,
14823,
0,
0,
14791,
62870,
64918,
14823,
0,
0,
0,
0,
0,
0,
0,
0,
0,
0,
0,
0,
0,
0,
0,
0,
0,
0,
0,
0,
0,
12710,
14791,
62248,
64329,
64361,
12710,
14759,
64950,
60757,
54256,
23243,
12711,
0,
0,
0,
0,
0,
0,
0,
0,
0,
0,
0,
0,
0,
0,
0,
0,
0,
0,
0,
12678,
60168,
64361,
46339,
48451,
65410,
59042,
21162,
62870,
56595,
21162,
23243,
12711,
0,
0,
0,
0,
0,
0,
0,
0,
0,
0,
0,
0,
0,
0,
0,
0,
0,
0,
0,
14758,
51716,
54691,
65410,
65410,
65442,
65378,
65378,
23275,
62870,
23243,
23275,
54224,
14823,
0,
0,
0,
0,
0,
0,
0,
0,
0,
0,
0,
0,
0,
0,
0,
0,
0,
14791,
47588,
65346,
65410,
48451,
63298,
65442,
48419,
64329,
23243,
21162,
54256,
54256,
21130,
12743,
0,
12678,
14823,
0,
0,
0,
0,
0,
0,
0,
0,
0,
0,
0,
0,
0,
0,
14759,
61122,
61122,
52643,
61122,
61154,
52611,
58120,
21162,
52825,
21130,
21162,
23243,
50604,
21162,
14791,
46518,
12743,
0,
0,
0,
0,
0,
0,
0,
0,
0,
0,
0,
0,
0,
0,
14791,
65410,
52643,
65442,
65378,
51717,
64361,
64329,
14759,
14791,
56941,
65426,
65458,
56909,
56941,
23275,
41736,
14823,
0,
0,
0,
0,
0,
0,
0,
0,
0,
0,
0,
0,
0,
12710,
65442,
61186,
50499,
65410,
47588,
62281,
64361,
21162,
50744,
65535,
52716,
65393,
65426,
61168,
56909,
23243,
39623,
14791,
0,
0,
0,
0,
0,
0,
0,
0,
0,
0,
0,
0,
0,
12710,
65410,
48387,
61122,
65378,
47556,
60168,
23243,
21130,
21162,
23275,
59088,
63281,
65393,
59056,
54797,
54797,
12711,
0,
12710,
12711,
0,
0,
0,
0,
0,
0,
0,
0,
0,
0,
0,
14791,
65442,
52643,
65410,
53765,
64361,
64361,
23275,
52201,
23243,
23243,
23243,
23275,
54281,
65426,
58989,
56941,
23243,
14823,
65535,
14823,
0,
0,
0,
0,
0,
0,
0,
0,
0,
0,
0,
12710,
65442,
48419,
63234,
51717,
60200,
21162,
14791,
48008,
50121,
23243,
21162,
60709,
62790,
48040,
56909,
56909,
52684,
54256,
41736,
21130,
14823,
0,
0,
0,
0,
0,
0,
0,
0,
0,
0,
0,
14791,
48419,
61154,
51717,
60168,
12711,
0,
12678,
48040,
52201,
48008,
58629,
43784,
21130,
23243,
56909,
52652,
43784,
54256,
63422,
14823,
0,
0,
0,
0,
0,
0,
0,
0,
0,
0,
0,
14759,
65410,
52643,
53765,
64361,
51717,
14791,
52201,
23275,
54281,
62790,
54281,
62789,
60742,
23243,
23275,
56941,
43816,
54256,
14823,
0,
0,
0,
0,
0,
0,
0,
0,
0,
0,
0,
0,
0,
12678,
50499,
23243,
21162,
62281,
51717,
21130,
23242,
62790,
48040,
60709,
62789,
56549,
50121,
23243,
52684,
56909,
14791,
0,
0,
0,
0,
0,
0,
0,
0,
0,
0,
0,
0,
0,
14759,
21130,
48419,
23275,
60168,
21162,
23243,
45508,
23210,
60741,
39623,
58661,
60741,
54469,
50121,
50121,
21130,
14791,
0,
0,
0,
0,
0,
0,
0,
0,
0,
0,
0,
0,
0,
14759,
64950,
64361,
23243,
64361,
64361,
43784,
23243,
51717,
23243,
23275,
62789,
62789,
62790,
52201,
52201,
52201,
14823,
0,
0,
0,
0,
0,
0,
0,
0,
0,
0,
0,
0,
0,
0,
12710,
64950,
60168,
60168,
51716,
47556,
39655,
43784,
21130,
39655,
23275,
56517,
60709,
65393,
45960,
50153,
54829,
12711,
0,
0,
0,
0,
0,
0,
0,
0,
0,
0,
0,
0,
0,
0,
12678,
51716,
47556,
47588,
64361,
60168,
62248,
43784,
39623,
39655,
23275,
61136,
60709,
65425,
52684,
54829,
54829,
12711,
0,
0,
0,
0,
0,
0,
0,
0,
0,
0,
0,
0,
0,
14791,
64918,
64361,
64361,
64361,
64361,
64361,
51717,
43784,
43784,
23275,
65458,
65426,
65458,
58989,
56941,
56941,
14823,
0,
0,
0,
0,
0,
0,
0,
0,
0,
0,
0,
0,
0,
0,
12710,
58676,
64950,
60168,
60168,
51716,
47556,
62248,
23243,
21130,
23210,
65393,
21162,
54829,
23275,
52684,
54829,
12743,
0,
0,
0,
0,
0,
0,
0,
0,
0,
0,
0,
0,
0,
0,
12710,
47588,
64950,
47556,
47588,
64361,
60168,
62280,
14759,
12710,
63281,
65393,
21162,
56909,
23243,
12678,
12743,
0,
0,
0,
0,
0,
0,
0,
0,
0,
0,
0,
0,
0,
0,
0,
0,
14759,
14759,
64950,
64361,
64361,
64361,
14823,
0,
14791,
65426,
23275,
56941,
56941,
14823,
0,
0,
0,
0,
0,
0,
0,
0,
0,
0,
0,
0,
0,
0,
0,
0,
0,
0,
0,
0,
12678,
58676,
64361,
12711,
0,
0,
12710,
63249,
23243,
12678,
12743,
0,
0,
0,
0,
0,
0,
0,
0,
0,
0,
0,
0,
0,
0,
0,
0,
0,
0,
0,
0,
0,
0,
12678,
14823,
0,
0,
0,
0,
12710,
14791,
0,
0,
0,
0,
0,
0,
0,
0,
0,
0,
0,
0,
0,
0,
0,
0,
0,
0,
0,
0,
0,
0,
0,
0,
0,
0,
0,
0,
0,
0,
0,
0,
0,
0,
0,
0,
0,
0,
0,
0,
0,
0,
0,
0,
0,
0,
0,
0,
0,
0,
0,
0,
0,
0,
0,
0,
0,
0,
0,
0,
0,
0,
0,
0,
0,
0,
0,
0,
0,
0,
0,
0,
0,
0,
0,
0,
0,
0,
0,
0,
0,
0,
0,
0,
0,
0,
0,
0,
0,
0,
0,
0,
0,
0,
0,
0,
0,
0,
0,
0,
0,
0,
0,
0,
0,
0,
0,
0,
0,
0,
0,
0,
0,
0,
0,
0,
0,
0,
0,
0,
0,
0,
0,
0,
0,
0,
0,
0,
0,
0,
0,
0,
0,
0,
0,
0,
0,
0,
0,
0,
0,
0,
0,
0,
