2020
0,
0,
0,
0,
0,
0,
0,
0,
0,
0,
0,
0,
0,
0,
0,
0,
0,
0,
0,
0,
0,
0,
0,
0,
0,
0,
0,
0,
0,
0,
0,
0,
0,
0,
0,
0,
0,
0,
0,
0,
0,
0,
0,
0,
0,
0,
0,
0,
0,
0,
0,
0,
0,
0,
0,
0,
0,
0,
0,
0,
0,
0,
0,
0,
0,
0,
0,
0,
0,
0,
0,
0,
0,
0,
0,
0,
0,
0,
0,
0,
0,
0,
0,
0,
0,
0,
0,
0,
0,
0,
0,
0,
0,
0,
0,
0,
0,
0,
0,
0,
0,
0,
0,
0,
0,
0,
0,
0,
0,
0,
0,
0,
0,
0,
0,
0,
0,
0,
0,
0,
0,
0,
0,
0,
0,
0,
0,
0,
0,
0,
0,
0,
0,
0,
0,
0,
0,
0,
0,
0,
0,
0,
0,
0,
0,
0,
0,
0,
0,
0,
0,
0,
0,
0,
0,
0,
0,
0,
0,
0,
0,
0,
0,
0,
0,
0,
0,
0,
0,
0,
0,
0,
0,
0,
0,
0,
0,
0,
0,
0,
0,
0,
0,
0,
0,
0,
0,
0,
0,
0,
0,
0,
0,
0,
0,
0,
0,
0,
0,
0,
0,
0,
0,
0,
0,
0,
0,
0,
0,
12710,
12743,
0,
0,
0,
0,
0,
0,
0,
0,
0,
0,
0,
0,
0,
0,
0,
0,
0,
0,
0,
0,
0,
0,
0,
14759,
12710,
0,
0,
0,
0,
14791,
29390,
29390,
12743,
0,
0,
0,
0,
0,
0,
0,
0,
0,
0,
0,
0,
0,
0,
0,
0,
0,
0,
0,
14759,
12710,
14791,
48343,
48311,
12743,
0,
0,
0,
14791,
31503,
31503,
31503,
12743,
0,
0,
0,
0,
0,
0,
0,
0,
0,
0,
0,
0,
0,
0,
0,
0,
0,
12710,
48343,
46230,
46230,
48343,
46230,
31471,
14791,
0,
12710,
31503,
21162,
31471,
31503,
12710,
0,
0,
0,
0,
0,
0,
0,
0,
0,
0,
0,
0,
0,
0,
0,
0,
12710,
44117,
48343,
44117,
44117,
48343,
29390,
37778,
14791,
0,
12710,
31503,
12678,
21162,
31503,
27341,
12711,
0,
0,
0,
0,
0,
0,
0,
0,
0,
0,
0,
0,
0,
0,
0,
14791,
48343,
48343,
48343,
48343,
52856,
41972,
39923,
14791,
0,
0,
14791,
0,
14791,
31503,
23243,
23243,
14791,
0,
0,
0,
0,
0,
0,
0,
0,
0,
0,
0,
0,
0,
14791,
46230,
44149,
48343,
46198,
12710,
23275,
37810,
23210,
64363,
12711,
0,
0,
0,
12710,
23243,
29390,
46262,
48343,
12710,
0,
0,
0,
0,
0,
0,
0,
0,
0,
0,
0,
0,
14791,
44117,
44117,
48343,
37810,
65503,
52856,
37778,
21162,
65510,
60170,
12710,
0,
12678,
21162,
48311,
29390,
39891,
48311,
42068,
12711,
0,
0,
0,
0,
0,
0,
0,
0,
0,
0,
0,
14791,
48343,
48343,
48343,
48343,
41972,
41972,
23243,
49932,
52012,
64363,
23243,
14791,
23243,
48343,
48343,
48343,
33584,
48343,
48343,
23243,
14791,
0,
0,
0,
0,
0,
0,
0,
0,
0,
0,
14791,
39859,
44149,
48343,
37810,
37810,
23243,
21162,
21162,
41972,
37810,
21162,
23275,
44149,
46230,
48343,
44149,
31503,
48343,
44117,
23211,
12743,
0,
0,
0,
0,
0,
0,
0,
0,
0,
0,
0,
12710,
37778,
41972,
37810,
21130,
23243,
21162,
37778,
49964,
62218,
64298,
23243,
21130,
44149,
48343,
44117,
23211,
48343,
35729,
23211,
39891,
12710,
0,
0,
0,
0,
0,
0,
0,
0,
0,
0,
14791,
41972,
41972,
41972,
23243,
23243,
41972,
49964,
56837,
65510,
64363,
23275,
48343,
48343,
48343,
23243,
41972,
41972,
41972,
23275,
41972,
14791,
0,
0,
0,
0,
0,
0,
0,
0,
0,
0,
0,
12678,
41972,
37810,
21162,
23275,
45803,
52613,
56806,
62250,
21162,
23275,
44149,
46230,
23243,
21162,
39891,
41972,
21162,
39891,
39891,
12710,
0,
0,
0,
0,
0,
0,
0,
0,
0,
0,
0,
0,
14791,
37810,
37778,
23243,
45771,
45771,
49964,
37778,
21162,
48343,
44117,
12710,
31503,
29390,
21162,
23243,
37778,
39891,
39891,
12710,
0,
0,
0,
0,
0,
0,
0,
0,
0,
0,
0,
0,
14759,
41972,
48343,
41972,
23243,
41972,
41972,
42004,
48343,
48343,
14759,
31503,
31503,
31503,
23275,
41972,
41972,
41972,
41972,
14791,
0,
0,
0,
0,
0,
0,
0,
0,
0,
0,
0,
0,
0,
12710,
37810,
48343,
44117,
44149,
48343,
44117,
44149,
14791,
29390,
29422,
41972,
29390,
39891,
23243,
37778,
39891,
12743,
0,
0,
0,
0,
0,
0,
0,
0,
0,
0,
0,
0,
0,
0,
0,
12678,
14791,
37778,
44149,
48343,
12678,
12711,
0,
21130,
37810,
41972,
29390,
39891,
39923,
21130,
21162,
12743,
0,
0,
0,
0,
0,
0,
0,
0,
0,
0,
0,
0,
0,
0,
0,
0,
0,
14759,
14759,
14791,
0,
0,
0,
14791,
41972,
41972,
41972,
33584,
41972,
41972,
14791,
0,
0,
0,
0,
0,
0,
0,
0,
0,
0,
0,
0,
0,
0,
0,
0,
0,
0,
0,
0,
0,
0,
0,
0,
0,
12710,
41972,
37778,
39891,
12710,
12710,
0,
0,
0,
0,
0,
0,
0,
0,
0,
0,
0,
0,
0,
0,
0,
0,
0,
0,
0,
0,
0,
0,
0,
0,
0,
0,
0,
12710,
12678,
12743,
0,
0,
0,
0,
0,
0,
0,
0,
0,
0,
0,
0,
0,
0,
0,
0,
0,
0,
0,
0,
0,
0,
0,
0,
0,
0,
0,
0,
0,
0,
0,
0,
0,
0,
0,
0,
0,
0,
0,
0,
0,
0,
0,
0,
0,
0,
0,
0,
0,
0,
0,
0,
0,
0,
0,
0,
0,
0,
0,
0,
0,
0,
0,
0,
0,
0,
0,
0,
0,
0,
0,
0,
0,
0,
0,
0,
0,
0,
0,
0,
0,
0,
0,
0,
0,
0,
0,
0,
0,
0,
0,
0,
0,
0,
0,
0,
0,
0,
0,
0,
0,
0,
0,
0,
0,
0,
0,
0,
0,
0,
0,
0,
0,
0,
0,
0,
0,
0,
0,
0,
0,
0,
0,
0,
0,
0,
0,
0,
0,
0,
0,
0,
0,
0,
0,
0,
0,
0,
0,
0,
0,
0,
0,
0,
0,
0,
0,
0,
0,
0,
0,
0,
0,
0,
0,
0,
0,
0,
0,
0,
0,
0,
0,
0,
0,
0,
0,
0,
0,
0,
0,
0,
0,
0,
0,
0,
0,
0,
0,
0,
0,
0,
0,
0,
0,
0,
0,
0,
0,
0,
0,
0,
0,
0,
0,
0,
0,
0,
0,
0,
0,
0,
