2020
0,
0,
0,
0,
0,
0,
0,
0,
0,
0,
0,
0,
0,
0,
0,
0,
0,
12710,
14759,
14791,
0,
0,
0,
0,
0,
0,
0,
0,
0,
0,
0,
0,
0,
0,
0,
0,
0,
0,
0,
0,
12710,
12743,
0,
0,
0,
0,
0,
0,
14823,
65535,
43956,
43956,
12711,
0,
0,
0,
0,
0,
0,
0,
0,
0,
0,
0,
0,
0,
0,
0,
0,
0,
0,
0,
12678,
50262,
14791,
0,
0,
0,
0,
12678,
41875,
37714,
41875,
65535,
12710,
0,
0,
0,
0,
0,
0,
0,
0,
0,
0,
0,
0,
0,
0,
0,
0,
12710,
12743,
0,
14791,
56536,
56536,
12743,
0,
0,
0,
14791,
23243,
23243,
43956,
23243,
12743,
0,
0,
0,
0,
0,
0,
0,
0,
0,
0,
0,
0,
0,
0,
12710,
14759,
14759,
41875,
14791,
0,
14759,
58584,
41874,
12710,
14759,
14759,
56503,
56536,
54422,
23243,
14791,
0,
0,
0,
0,
0,
0,
0,
0,
0,
0,
0,
0,
0,
0,
0,
12678,
43956,
39762,
15371,
17516,
12678,
12710,
56536,
52310,
39794,
35536,
52310,
52342,
56504,
52310,
54422,
12743,
0,
0,
0,
0,
0,
0,
0,
0,
0,
0,
0,
0,
0,
0,
0,
0,
14759,
14759,
43956,
43956,
17516,
17516,
23275,
56536,
43956,
58584,
56504,
56536,
58584,
56504,
43956,
14791,
0,
0,
0,
0,
0,
0,
0,
0,
0,
0,
0,
0,
0,
0,
0,
0,
0,
0,
12710,
43956,
39794,
41875,
23275,
52342,
54423,
58584,
39762,
33487,
56536,
52342,
23243,
43956,
12678,
12710,
12743,
0,
0,
0,
0,
0,
0,
0,
0,
0,
0,
0,
0,
0,
0,
0,
0,
14759,
21130,
21162,
43956,
52310,
52342,
56536,
52310,
52342,
23243,
37713,
23211,
41875,
12678,
33454,
33455,
12710,
0,
0,
0,
0,
0,
0,
0,
0,
0,
0,
0,
0,
0,
0,
12710,
23275,
56536,
43956,
43956,
56536,
56536,
58584,
56503,
14759,
14791,
41907,
23275,
43956,
14759,
35535,
35535,
33487,
14791,
0,
0,
0,
0,
0,
0,
0,
0,
0,
0,
0,
0,
14759,
54390,
58584,
39794,
39794,
43956,
39794,
33455,
56536,
12710,
52790,
65535,
39762,
23211,
14791,
50645,
14759,
33487,
31374,
12743,
0,
0,
0,
0,
0,
0,
0,
0,
0,
0,
0,
0,
0,
12678,
14791,
39762,
39762,
23243,
21130,
52342,
56536,
31374,
31406,
41875,
21130,
52758,
14791,
48565,
38031,
14759,
29326,
12743,
0,
0,
0,
0,
0,
0,
0,
0,
0,
0,
0,
0,
0,
0,
14791,
23243,
23243,
58584,
56536,
58584,
58584,
56536,
56536,
23275,
65535,
14791,
56951,
40144,
40177,
65535,
14759,
14791,
0,
0,
0,
0,
0,
0,
0,
0,
0,
0,
0,
0,
0,
12710,
58584,
52342,
54390,
56536,
21162,
23211,
56536,
52342,
41875,
43956,
21162,
54870,
54935,
65503,
38096,
65535,
12710,
0,
0,
0,
0,
0,
0,
0,
0,
0,
0,
0,
0,
0,
0,
12710,
56536,
52310,
21130,
23275,
15371,
15403,
23243,
21130,
39794,
23243,
21162,
54870,
65535,
63422,
23243,
65535,
48564,
12743,
0,
0,
0,
0,
0,
0,
0,
0,
0,
0,
0,
0,
14791,
56536,
58584,
23243,
23985,
17548,
17548,
17548,
17548,
23243,
23275,
56536,
33487,
23275,
65535,
23275,
65535,
23275,
54903,
14791,
0,
0,
0,
0,
0,
0,
0,
0,
0,
0,
0,
14791,
54423,
54390,
58584,
15403,
21839,
23985,
15403,
15435,
17548,
21162,
54423,
56536,
52342,
33455,
23243,
52310,
56503,
41875,
21130,
12743,
0,
0,
0,
0,
0,
0,
0,
0,
0,
0,
0,
14759,
12710,
21130,
14759,
52310,
15403,
23985,
21775,
21839,
14791,
52310,
54390,
56536,
21130,
54423,
56536,
52310,
54423,
41875,
21130,
12710,
12743,
0,
0,
0,
0,
0,
0,
0,
0,
0,
0,
0,
0,
0,
14759,
56536,
56536,
17548,
17516,
14791,
0,
14791,
56536,
23275,
56536,
58584,
58584,
56536,
43956,
23243,
35535,
43956,
43956,
14791,
0,
0,
0,
0,
0,
0,
0,
0,
0,
0,
0,
12710,
56536,
12678,
12710,
56536,
12710,
0,
14791,
21130,
39794,
43955,
21130,
54455,
56536,
63422,
23211,
56503,
50262,
33487,
41907,
63422,
14823,
0,
0,
0,
0,
0,
0,
0,
0,
0,
0,
12678,
14759,
0,
0,
14791,
0,
0,
14791,
37714,
21162,
14759,
37714,
23243,
65535,
21130,
54423,
56503,
50262,
33487,
41907,
63422,
14823,
0,
0,
0,
0,
0,
0,
0,
0,
0,
0,
0,
0,
0,
0,
0,
0,
14791,
43956,
43956,
43956,
43956,
14791,
43956,
23275,
43956,
58584,
56536,
35535,
43956,
43988,
54903,
14823,
0,
0,
0,
0,
0,
0,
0,
0,
0,
0,
0,
0,
0,
0,
0,
0,
12710,
14759,
12678,
39794,
43956,
37714,
14759,
43956,
39762,
41875,
41875,
39762,
41875,
41875,
12710,
0,
0,
0,
0,
0,
0,
0,
0,
0,
0,
0,
0,
0,
0,
0,
14759,
12710,
0,
0,
0,
12710,
43956,
39762,
41875,
12710,
12678,
12710,
14759,
39762,
43955,
12743,
0,
0,
0,
0,
0,
0,
0,
0,
0,
0,
0,
0,
0,
0,
0,
0,
14791,
43956,
14791,
0,
0,
14791,
43956,
14791,
35535,
35568,
43956,
14791,
0,
14759,
14791,
0,
0,
0,
0,
0,
0,
0,
0,
0,
0,
0,
0,
0,
0,
0,
0,
0,
14791,
39762,
39794,
14791,
0,
0,
14759,
39762,
41875,
43956,
37714,
12743,
0,
0,
0,
0,
0,
0,
0,
0,
0,
0,
0,
0,
0,
0,
0,
0,
0,
0,
0,
0,
0,
12710,
41875,
43956,
12678,
12710,
43956,
31406,
41875,
43956,
39762,
12743,
0,
0,
0,
0,
0,
0,
0,
0,
0,
0,
0,
0,
0,
0,
0,
0,
0,
0,
0,
0,
0,
14791,
43956,
35568,
43956,
35568,
43956,
43956,
35535,
33487,
14791,
0,
0,
0,
0,
0,
0,
0,
0,
0,
0,
0,
0,
0,
0,
0,
0,
0,
0,
0,
0,
0,
0,
0,
12710,
43956,
37714,
31406,
43955,
37714,
41875,
41907,
12710,
0,
0,
0,
0,
0,
0,
0,
0,
0,
0,
0,
0,
0,
0,
0,
0,
0,
0,
0,
0,
0,
0,
0,
0,
14759,
12678,
41875,
35535,
39762,
12710,
12743,
0,
0,
0,
0,
0,
0,
0,
0,
0,
0,
0,
0,
0,
0,
0,
0,
0,
0,
0,
0,
0,
0,
0,
0,
0,
0,
0,
14759,
14759,
12743,
0,
0,
0,
0,
0,
0,
0,
0,
0,
0,
0,
0,
0,
0,
0,
0,
0,
0,
0,
0,
0,
0,
0,
0,
0,
0,
0,
0,
0,
0,
0,
0,
0,
0,
0,
0,
0,
0,
0,
0,
0,
0,
0,
0,
0,
0,
