2020
0,
0,
0,
0,
0,
0,
0,
0,
0,
0,
0,
0,
0,
0,
0,
0,
0,
0,
0,
0,
0,
0,
0,
0,
0,
0,
0,
0,
0,
0,
0,
0,
0,
0,
0,
0,
0,
0,
0,
0,
0,
0,
0,
0,
0,
0,
0,
0,
0,
0,
0,
0,
0,
0,
0,
0,
0,
0,
0,
0,
0,
0,
0,
0,
0,
0,
0,
0,
0,
0,
0,
0,
0,
0,
0,
0,
0,
0,
0,
0,
0,
0,
0,
0,
0,
0,
0,
0,
0,
0,
0,
0,
0,
0,
0,
0,
0,
0,
0,
0,
0,
0,
0,
0,
0,
0,
0,
0,
0,
0,
0,
0,
0,
0,
0,
0,
0,
0,
0,
0,
0,
0,
0,
0,
0,
0,
0,
0,
0,
0,
0,
0,
0,
0,
0,
0,
0,
0,
0,
0,
0,
0,
0,
0,
0,
0,
0,
0,
0,
0,
0,
0,
0,
0,
0,
0,
0,
0,
0,
0,
0,
0,
0,
0,
0,
0,
0,
0,
0,
0,
0,
0,
0,
0,
0,
0,
0,
0,
0,
0,
0,
0,
0,
0,
0,
0,
0,
0,
0,
0,
0,
0,
0,
0,
0,
0,
0,
0,
0,
0,
0,
0,
0,
0,
0,
0,
0,
0,
0,
0,
0,
0,
0,
0,
0,
0,
0,
0,
0,
0,
0,
0,
0,
0,
0,
0,
0,
0,
0,
0,
0,
0,
0,
0,
0,
0,
0,
0,
0,
0,
21130,
12710,
12710,
12678,
12710,
0,
0,
12711,
0,
0,
0,
0,
0,
0,
0,
0,
0,
0,
0,
0,
12678,
12678,
12710,
12678,
12678,
0,
0,
0,
0,
0,
12678,
23243,
62998,
65503,
65535,
63422,
50711,
12710,
12678,
48044,
12743,
0,
0,
0,
0,
0,
0,
0,
0,
0,
0,
0,
14791,
54969,
54969,
58707,
52205,
12710,
12743,
0,
12710,
14791,
34487,
65535,
65176,
23275,
65535,
65535,
65535,
54969,
54937,
23243,
12743,
0,
0,
0,
0,
0,
0,
0,
0,
0,
0,
0,
0,
12678,
14791,
54482,
52434,
58707,
45964,
12678,
58708,
62998,
65046,
65208,
62998,
65535,
23243,
63422,
65535,
65535,
48630,
52824,
12743,
0,
0,
0,
0,
0,
0,
0,
0,
0,
0,
0,
0,
0,
0,
12678,
52401,
23243,
21130,
21162,
65208,
62998,
62998,
65208,
62998,
65503,
23275,
63422,
65503,
65535,
48630,
52856,
52888,
12678,
0,
0,
0,
0,
0,
0,
0,
0,
0,
0,
0,
0,
0,
0,
14791,
65208,
65208,
58675,
23243,
65208,
65208,
65208,
65208,
65208,
65535,
65535,
65535,
65535,
54969,
54969,
54937,
12743,
0,
12743,
0,
0,
0,
0,
0,
0,
0,
0,
0,
0,
0,
12710,
62998,
65208,
48012,
54482,
58707,
21130,
62998,
32407,
17422,
30261,
65208,
63422,
65535,
65535,
48630,
52856,
54937,
48630,
14758,
56595,
12678,
0,
0,
0,
0,
0,
0,
0,
0,
0,
0,
12710,
65046,
65208,
48044,
54514,
58707,
21162,
65078,
19600,
63454,
19535,
65535,
62998,
65535,
54937,
50710,
52856,
54937,
48630,
23243,
56627,
12710,
0,
0,
0,
0,
0,
0,
0,
0,
0,
0,
0,
14791,
52205,
58707,
58707,
58707,
23243,
65208,
32439,
19567,
32439,
65535,
65208,
65208,
23243,
54969,
54969,
54969,
58675,
23243,
58707,
12743,
0,
0,
0,
0,
0,
0,
0,
0,
0,
0,
0,
0,
12710,
12678,
54482,
23243,
62998,
65046,
65208,
63422,
65535,
65208,
62965,
65078,
65175,
21130,
56595,
58675,
52401,
12710,
12711,
0,
0,
0,
0,
0,
0,
0,
0,
0,
0,
0,
0,
0,
0,
12678,
12710,
65208,
65046,
65078,
65208,
65046,
65110,
65208,
45964,
65110,
65175,
21162,
56627,
58675,
52401,
12711,
0,
0,
0,
0,
0,
0,
0,
0,
0,
0,
0,
0,
0,
12710,
14791,
65208,
52205,
23243,
65208,
23243,
65208,
65208,
58707,
58707,
58707,
52205,
52205,
58707,
58707,
58707,
12743,
0,
0,
0,
0,
0,
0,
0,
0,
0,
0,
0,
0,
0,
12710,
62965,
52205,
21130,
21130,
65176,
21130,
52434,
58707,
52401,
54482,
58707,
52401,
54482,
58675,
52401,
56562,
56627,
12678,
0,
0,
0,
0,
0,
0,
0,
0,
0,
0,
0,
0,
14823,
65503,
21130,
23243,
48044,
65078,
23243,
12678,
12678,
14791,
54482,
56562,
58707,
52434,
56562,
58675,
52434,
56595,
12743,
0,
0,
0,
0,
0,
0,
0,
0,
0,
0,
0,
0,
0,
14791,
65535,
65535,
65208,
58675,
12710,
12743,
0,
0,
0,
12710,
12710,
14791,
58675,
58707,
58707,
58675,
12743,
0,
0,
0,
0,
0,
0,
0,
0,
0,
0,
0,
0,
0,
12710,
65535,
63422,
12678,
12710,
12710,
0,
0,
0,
0,
0,
0,
0,
0,
12678,
54482,
56627,
12678,
0,
0,
0,
0,
0,
0,
0,
0,
0,
0,
0,
0,
0,
0,
12678,
12710,
12710,
0,
0,
0,
0,
0,
0,
0,
0,
0,
0,
0,
0,
12678,
12743,
0,
0,
0,
0,
0,
0,
0,
0,
0,
0,
0,
0,
0,
0,
0,
0,
0,
0,
0,
0,
0,
0,
0,
0,
0,
0,
0,
0,
0,
0,
0,
0,
0,
0,
0,
0,
0,
0,
0,
0,
0,
0,
0,
0,
0,
0,
0,
0,
0,
0,
0,
0,
0,
0,
0,
0,
0,
0,
0,
0,
0,
0,
0,
0,
0,
0,
0,
0,
0,
0,
0,
0,
0,
0,
0,
0,
0,
0,
0,
0,
0,
0,
0,
0,
0,
0,
0,
0,
0,
0,
0,
0,
0,
0,
0,
0,
0,
0,
0,
0,
0,
0,
0,
0,
0,
0,
0,
0,
0,
0,
0,
0,
0,
0,
0,
0,
0,
0,
0,
0,
0,
0,
0,
0,
0,
0,
0,
0,
0,
0,
0,
0,
0,
0,
0,
0,
0,
0,
0,
0,
0,
0,
0,
0,
0,
0,
0,
0,
0,
0,
0,
0,
0,
0,
0,
0,
0,
0,
0,
0,
0,
0,
0,
0,
0,
0,
0,
0,
0,
0,
0,
0,
0,
0,
0,
0,
0,
0,
0,
0,
0,
0,
0,
0,
0,
0,
0,
0,
0,
0,
0,
0,
0,
0,
0,
0,
0,
0,
0,
0,
0,
0,
0,
0,
0,
0,
0,
0,
0,
0,
0,
0,
0,
0,
0,
0,
0,
0,
0,
0,
0,
0,
0,
0,
0,
0,
0,
0,
0,
0,
0,
0,
0,
0,
0,
0,
0,
0,
0,
0,
0,
0,
0,
0,
0,
0,
0,
0,
0,
0,
0,
0,
0,
0,
0,
0,
0,
0,
0,
0,
0,
0,
0,
0,
0,
0,
