2020
0,
0,
0,
0,
0,
0,
0,
0,
0,
0,
0,
0,
0,
0,
0,
0,
0,
0,
0,
0,
0,
0,
0,
0,
0,
0,
0,
0,
0,
0,
0,
0,
0,
0,
0,
0,
0,
0,
0,
0,
0,
0,
0,
0,
0,
0,
0,
0,
0,
0,
0,
0,
0,
0,
0,
0,
0,
0,
0,
0,
0,
0,
0,
0,
0,
0,
0,
0,
0,
0,
0,
0,
0,
0,
0,
0,
0,
0,
0,
0,
0,
0,
0,
0,
0,
0,
0,
0,
0,
0,
0,
0,
0,
0,
0,
0,
0,
0,
0,
0,
0,
0,
0,
0,
0,
0,
0,
0,
0,
0,
0,
0,
0,
0,
0,
0,
0,
0,
0,
0,
0,
0,
0,
0,
0,
0,
0,
0,
0,
0,
0,
0,
0,
0,
0,
0,
0,
0,
0,
0,
0,
0,
0,
0,
0,
0,
0,
0,
0,
0,
0,
0,
0,
0,
0,
0,
0,
0,
0,
0,
0,
0,
0,
0,
0,
0,
0,
0,
14791,
14791,
0,
14791,
14791,
0,
0,
0,
0,
0,
0,
0,
0,
0,
0,
0,
0,
0,
0,
0,
0,
0,
0,
0,
0,
0,
0,
0,
0,
0,
0,
12678,
56074,
62315,
12678,
58154,
43883,
12678,
0,
0,
0,
0,
0,
0,
0,
0,
0,
0,
0,
0,
0,
0,
0,
0,
0,
0,
0,
0,
0,
0,
0,
0,
14791,
41802,
60235,
43883,
65434,
60235,
62315,
41770,
12710,
0,
0,
0,
0,
12678,
0,
0,
0,
0,
0,
0,
0,
0,
0,
0,
0,
0,
0,
0,
0,
0,
0,
0,
14791,
64786,
62315,
43883,
62315,
62315,
62315,
62315,
14791,
0,
0,
0,
14791,
19218,
14791,
0,
0,
14791,
0,
0,
0,
0,
0,
0,
0,
0,
0,
0,
0,
0,
0,
12678,
62315,
62608,
39690,
62315,
62608,
56106,
65500,
56074,
12678,
0,
0,
0,
14759,
17104,
12710,
0,
12678,
25590,
12710,
0,
0,
0,
0,
0,
0,
0,
0,
0,
0,
0,
0,
12710,
65500,
64721,
41803,
65500,
64721,
64785,
62315,
58154,
41803,
14791,
0,
14759,
14791,
12678,
0,
0,
12678,
25590,
14759,
0,
0,
0,
0,
0,
0,
0,
0,
0,
0,
0,
0,
14759,
65500,
64785,
43883,
64818,
64785,
64786,
62315,
60235,
62315,
14791,
12710,
29916,
29948,
29883,
14791,
14791,
25557,
25622,
14791,
0,
0,
0,
0,
0,
0,
0,
0,
0,
0,
0,
0,
12678,
64818,
39690,
21130,
62315,
62608,
65369,
64818,
56074,
56106,
23243,
56074,
12710,
29915,
27737,
29850,
25557,
21130,
25590,
12710,
0,
0,
0,
0,
0,
0,
0,
0,
0,
0,
0,
12710,
60235,
43883,
21162,
50345,
23275,
64721,
65467,
64818,
58154,
41803,
23275,
23477,
25590,
14791,
27802,
29915,
29915,
21162,
14791,
0,
0,
0,
0,
0,
0,
0,
0,
0,
0,
0,
0,
14759,
64786,
23275,
64966,
52425,
23275,
60235,
64786,
43883,
41803,
23243,
25622,
25558,
25590,
14791,
29883,
29916,
29916,
25557,
14791,
0,
0,
0,
0,
0,
0,
0,
0,
0,
0,
0,
0,
12678,
39690,
64999,
39690,
62822,
54473,
21130,
39722,
64818,
56074,
39722,
23243,
23444,
23509,
14759,
27737,
29850,
29883,
23444,
12710,
0,
0,
0,
0,
0,
0,
0,
0,
0,
0,
0,
0,
14759,
43851,
65031,
41803,
64967,
54505,
23243,
64786,
64818,
60235,
62315,
23275,
25557,
62315,
29916,
29883,
29916,
25590,
25557,
14791,
0,
0,
0,
0,
0,
0,
0,
0,
0,
0,
0,
0,
14759,
64786,
23275,
64966,
52425,
23275,
60235,
64786,
65500,
60235,
62315,
23275,
25558,
25590,
29948,
29883,
29916,
25622,
25557,
14791,
14791,
12710,
0,
0,
0,
0,
0,
0,
0,
0,
0,
0,
12678,
56074,
43883,
21130,
48232,
23243,
62608,
64688,
65500,
56074,
56106,
23243,
23444,
23509,
25590,
23444,
17137,
25557,
12678,
19217,
25557,
17104,
12710,
0,
0,
0,
0,
0,
0,
0,
0,
0,
14759,
43851,
64818,
41803,
23243,
62315,
64785,
64786,
64818,
60235,
62315,
23275,
25557,
25590,
25622,
25557,
29916,
19218,
12710,
14791,
25590,
25557,
14791,
0,
0,
0,
0,
0,
0,
0,
0,
0,
0,
12710,
65500,
64721,
41803,
64818,
65434,
64785,
62315,
58154,
60235,
14791,
12710,
14759,
25622,
17137,
29915,
25590,
12710,
0,
14759,
12710,
0,
0,
0,
0,
0,
0,
0,
0,
0,
0,
0,
12678,
64818,
62608,
39690,
64818,
63289,
64688,
62315,
56074,
39722,
14759,
0,
0,
14759,
12678,
17137,
29883,
12678,
0,
0,
0,
0,
0,
0,
0,
0,
0,
0,
0,
0,
0,
0,
14759,
62315,
65467,
43851,
64818,
64785,
62315,
62315,
60235,
14759,
0,
0,
0,
0,
0,
14791,
29916,
12710,
0,
0,
0,
0,
0,
0,
0,
0,
0,
0,
0,
0,
0,
0,
0,
14791,
65434,
60235,
43883,
58186,
65467,
62315,
58154,
12710,
0,
0,
0,
0,
0,
0,
14759,
0,
0,
0,
0,
0,
0,
0,
0,
0,
0,
0,
0,
0,
0,
0,
0,
14791,
56074,
56074,
43883,
56074,
56106,
62315,
39690,
12678,
0,
0,
0,
0,
0,
0,
0,
0,
0,
0,
0,
0,
0,
0,
0,
0,
0,
0,
0,
0,
0,
0,
0,
0,
14759,
62315,
62315,
14759,
62315,
43883,
14759,
0,
0,
0,
0,
0,
0,
0,
0,
0,
0,
0,
0,
0,
0,
0,
0,
0,
0,
0,
0,
0,
0,
0,
0,
0,
0,
12710,
14791,
0,
12710,
14791,
0,
0,
0,
0,
0,
0,
0,
0,
0,
0,
0,
0,
0,
0,
0,
0,
0,
0,
0,
0,
0,
0,
0,
0,
0,
0,
0,
0,
0,
0,
0,
0,
0,
0,
0,
0,
0,
0,
0,
0,
0,
0,
0,
0,
0,
0,
0,
0,
0,
0,
0,
0,
0,
0,
0,
0,
0,
0,
0,
0,
0,
0,
0,
0,
0,
0,
0,
0,
0,
0,
0,
0,
0,
0,
0,
0,
0,
0,
0,
0,
0,
0,
0,
0,
0,
0,
0,
0,
0,
0,
0,
0,
0,
0,
0,
0,
0,
0,
0,
0,
0,
0,
0,
0,
0,
0,
0,
0,
0,
0,
0,
0,
0,
0,
0,
0,
0,
0,
0,
0,
0,
0,
0,
0,
0,
0,
0,
0,
0,
0,
0,
0,
0,
0,
0,
0,
0,
0,
0,
0,
0,
0,
0,
0,
0,
0,
0,
0,
0,
0,
0,
0,
0,
0,
0,
0,
0,
0,
0,
0,
0,
0,
0,
0,
0,
0,
0,
0,
0,
0,
0,
0,
0,
0,
0,
0,
0,
0,
0,
