2020
0,
0,
0,
0,
0,
0,
0,
0,
0,
0,
0,
0,
0,
0,
0,
0,
0,
0,
0,
0,
0,
0,
0,
0,
0,
0,
0,
0,
0,
0,
0,
0,
0,
0,
0,
0,
0,
0,
0,
0,
0,
0,
0,
0,
0,
0,
0,
0,
0,
0,
0,
0,
0,
0,
0,
0,
0,
0,
0,
0,
0,
0,
0,
0,
0,
0,
0,
0,
0,
0,
0,
0,
0,
0,
0,
0,
0,
0,
0,
12710,
14823,
0,
0,
0,
0,
0,
0,
0,
0,
0,
0,
0,
0,
0,
0,
0,
0,
0,
0,
0,
0,
0,
12710,
12743,
0,
0,
0,
0,
0,
0,
14791,
48763,
48763,
14759,
0,
0,
0,
0,
0,
0,
0,
0,
0,
0,
0,
0,
0,
0,
0,
0,
0,
0,
0,
14791,
34037,
33972,
12710,
12710,
0,
0,
0,
0,
14791,
21130,
21162,
36183,
12710,
0,
0,
0,
0,
0,
0,
0,
0,
0,
0,
0,
0,
0,
0,
0,
0,
0,
0,
14791,
23243,
23243,
23275,
25585,
12710,
14823,
0,
0,
14759,
50876,
50876,
23243,
14823,
0,
0,
0,
0,
0,
0,
0,
0,
0,
0,
0,
0,
0,
0,
0,
0,
0,
0,
14791,
36182,
36118,
23275,
25553,
23473,
25586,
14791,
0,
14791,
21162,
23243,
38231,
12743,
0,
0,
0,
0,
0,
0,
0,
0,
0,
0,
0,
0,
0,
0,
0,
0,
0,
0,
14759,
21162,
21130,
23243,
23440,
21130,
23243,
21130,
12678,
14791,
46618,
46618,
23243,
23408,
12710,
0,
0,
0,
0,
0,
0,
0,
0,
0,
0,
0,
0,
0,
0,
0,
0,
0,
14791,
38231,
36183,
23243,
23275,
65493,
65493,
54732,
23275,
38231,
23243,
23243,
25586,
25585,
14823,
0,
0,
0,
0,
0,
0,
0,
0,
0,
0,
0,
0,
0,
0,
0,
0,
0,
0,
14759,
23243,
65493,
52652,
21162,
23243,
21162,
21162,
23243,
21162,
36118,
23275,
23473,
14791,
0,
12710,
14791,
0,
0,
0,
0,
0,
0,
0,
0,
0,
0,
0,
0,
0,
0,
0,
12710,
48459,
23243,
21162,
61202,
65493,
63283,
50507,
23275,
61202,
21162,
50876,
12710,
0,
14791,
23440,
23440,
14823,
0,
0,
0,
0,
0,
0,
0,
0,
0,
0,
0,
0,
0,
0,
14791,
23275,
65493,
65493,
65461,
23243,
23243,
23275,
38263,
65461,
23275,
50909,
50876,
14791,
23275,
25585,
25585,
14823,
0,
0,
0,
0,
0,
0,
0,
0,
0,
0,
0,
0,
0,
14791,
21162,
63315,
23243,
21162,
21162,
65493,
52619,
21162,
38263,
63283,
21163,
50909,
46650,
23242,
65355,
21162,
23505,
25585,
12710,
0,
0,
0,
0,
0,
0,
0,
0,
0,
0,
0,
0,
14791,
65363,
21162,
65493,
63283,
61170,
14791,
54056,
65503,
38263,
61202,
21162,
25586,
23440,
34037,
23243,
21130,
12710,
25553,
12710,
0,
0,
0,
0,
0,
0,
0,
0,
0,
0,
0,
0,
14791,
23275,
65493,
65493,
54764,
23275,
60265,
62607,
65535,
65493,
54764,
23275,
50909,
38231,
27666,
65355,
60265,
65355,
14759,
14823,
0,
0,
0,
0,
0,
0,
0,
0,
0,
0,
0,
0,
0,
14791,
63315,
54764,
21162,
34037,
65535,
65535,
36118,
65493,
21162,
46683,
50909,
46650,
25553,
58858,
63146,
54665,
14823,
0,
0,
0,
0,
0,
0,
0,
0,
0,
0,
0,
0,
0,
0,
12710,
21162,
54764,
21162,
34005,
38231,
23472,
63283,
54764,
21162,
46650,
50909,
46618,
23472,
23243,
21130,
21162,
14823,
0,
0,
0,
0,
0,
0,
0,
0,
0,
0,
0,
0,
0,
0,
0,
14759,
14791,
23275,
38231,
27666,
65493,
54764,
23243,
38231,
38231,
50909,
50876,
25586,
23275,
65323,
23243,
23243,
14823,
0,
0,
0,
0,
0,
0,
0,
0,
0,
0,
0,
0,
0,
0,
0,
0,
12710,
34037,
38231,
23473,
23473,
38231,
34037,
36118,
50876,
23472,
21162,
23243,
21130,
21162,
23275,
34005,
14791,
0,
0,
0,
0,
0,
0,
0,
0,
0,
0,
0,
0,
0,
0,
0,
0,
12710,
38231,
34037,
34037,
38231,
34005,
34037,
38231,
34005,
21162,
56810,
21130,
21162,
36183,
34005,
36118,
14823,
0,
0,
0,
0,
0,
0,
0,
0,
0,
0,
0,
0,
0,
0,
0,
14759,
38231,
38231,
25586,
38231,
23243,
23243,
38231,
23243,
23243,
23243,
23275,
38231,
38231,
25586,
50876,
14823,
0,
0,
0,
0,
0,
0,
0,
0,
0,
0,
0,
0,
12678,
14823,
0,
0,
14791,
34037,
34037,
25618,
34005,
21162,
23275,
46618,
46682,
23243,
12678,
12710,
36183,
23440,
36118,
14823,
0,
0,
0,
0,
0,
0,
0,
0,
0,
0,
0,
12710,
34005,
36183,
12678,
12678,
23275,
34037,
34037,
25586,
46618,
46618,
23243,
21130,
21162,
36183,
12710,
0,
12710,
12710,
48763,
14823,
0,
0,
0,
0,
0,
0,
0,
0,
0,
0,
0,
14791,
23243,
23243,
23275,
25586,
25586,
23275,
38231,
50909,
50909,
50909,
23275,
50909,
50909,
38231,
14823,
0,
0,
0,
14823,
0,
0,
0,
0,
0,
0,
0,
0,
0,
0,
0,
0,
12710,
34005,
38231,
21162,
23440,
25586,
23472,
21162,
23243,
46618,
46650,
23243,
21130,
21162,
36183,
12710,
0,
0,
0,
0,
0,
0,
0,
0,
0,
0,
0,
0,
0,
0,
0,
0,
12710,
21162,
23243,
21162,
21162,
25586,
23473,
23472,
25586,
21162,
21162,
14791,
46650,
48763,
23243,
12710,
0,
0,
0,
0,
0,
0,
0,
0,
0,
0,
0,
0,
0,
0,
0,
0,
0,
14791,
38231,
36183,
14791,
25586,
25586,
25586,
25586,
25586,
14759,
0,
14759,
14759,
14823,
0,
0,
0,
0,
0,
0,
0,
0,
0,
0,
0,
0,
0,
0,
0,
0,
0,
0,
0,
14759,
12710,
0,
14759,
12710,
23472,
25586,
12678,
0,
0,
0,
0,
0,
0,
0,
0,
0,
0,
0,
0,
0,
0,
0,
0,
0,
0,
0,
0,
0,
0,
0,
0,
0,
0,
0,
0,
0,
12678,
14823,
0,
0,
0,
0,
0,
0,
0,
0,
0,
0,
0,
0,
0,
0,
0,
0,
0,
0,
0,
0,
0,
0,
0,
0,
0,
0,
0,
0,
0,
0,
0,
0,
0,
0,
0,
0,
0,
0,
0,
0,
0,
0,
0,
0,
0,
0,
0,
0,
0,
0,
0,
0,
0,
0,
0,
0,
0,
0,
0,
0,
0,
0,
0,
0,
0,
0,
0,
0,
0,
0,
0,
0,
0,
0,
0,
0,
0,
0,
0,
0,
0,
0,
0,
0,
0,
0,
0,
0,
0,
0,
0,
0,
0,
0,
0,
0,
0,
0,
0,
0,
0,
0,
0,
0,
0,
0,
0,
0,
0,
0,
0,
0,
0,
