2020
0,
0,
0,
0,
0,
0,
0,
0,
0,
0,
0,
0,
0,
0,
0,
0,
0,
0,
0,
0,
0,
0,
0,
0,
0,
0,
0,
0,
0,
0,
0,
0,
0,
0,
0,
0,
0,
0,
0,
0,
0,
0,
0,
0,
0,
0,
0,
0,
0,
0,
0,
0,
0,
0,
0,
0,
0,
0,
0,
0,
0,
0,
0,
0,
0,
0,
0,
0,
0,
0,
0,
0,
0,
0,
0,
0,
0,
0,
0,
0,
0,
14759,
14791,
0,
14759,
14791,
0,
0,
0,
0,
0,
0,
0,
0,
0,
0,
0,
0,
0,
0,
0,
0,
0,
0,
0,
0,
0,
0,
0,
0,
0,
12678,
12710,
32364,
12710,
0,
14791,
50602,
12711,
0,
0,
0,
0,
0,
0,
0,
0,
0,
0,
0,
0,
0,
0,
0,
0,
0,
0,
0,
0,
0,
0,
0,
14791,
30187,
30187,
14791,
0,
0,
14791,
52682,
54794,
12743,
0,
0,
0,
0,
0,
0,
0,
0,
0,
0,
0,
0,
0,
0,
0,
0,
0,
0,
0,
0,
0,
0,
14791,
32364,
21834,
14791,
0,
0,
0,
14791,
56939,
14791,
0,
0,
0,
0,
0,
0,
0,
0,
0,
0,
0,
0,
0,
0,
0,
0,
0,
0,
0,
0,
0,
12710,
32364,
19657,
19689,
21834,
12678,
12711,
0,
0,
12711,
0,
0,
0,
0,
0,
0,
0,
0,
0,
0,
0,
0,
0,
0,
0,
0,
0,
14759,
12711,
0,
0,
0,
12710,
23275,
19689,
19689,
21834,
19689,
19721,
14791,
0,
12711,
0,
0,
0,
0,
0,
0,
0,
0,
0,
0,
0,
0,
0,
0,
0,
0,
14759,
21834,
23243,
14759,
14759,
14791,
64855,
64855,
23275,
21834,
21834,
21834,
21834,
21834,
14759,
14791,
0,
0,
0,
0,
0,
0,
0,
0,
0,
0,
0,
0,
0,
0,
0,
12678,
19657,
21834,
21130,
21130,
52274,
48080,
21130,
64855,
60628,
21130,
14791,
19657,
19689,
21834,
12710,
0,
0,
0,
0,
0,
0,
0,
0,
0,
0,
0,
0,
0,
0,
0,
0,
12710,
19689,
40847,
36622,
30155,
23243,
21162,
21162,
23275,
62709,
21162,
57083,
21162,
19721,
21834,
19657,
12710,
12710,
12711,
0,
0,
0,
0,
0,
0,
0,
0,
0,
0,
0,
0,
14791,
21834,
38767,
40847,
40847,
38767,
40847,
38767,
21834,
23275,
64855,
64855,
23275,
56907,
23243,
23243,
23275,
65484,
56939,
56907,
14791,
0,
0,
0,
0,
0,
0,
0,
0,
0,
0,
0,
14791,
36622,
36526,
32364,
36558,
36526,
40815,
21130,
21130,
23275,
60629,
60629,
23243,
46343,
52714,
65484,
61195,
63307,
65452,
50602,
54794,
14791,
0,
0,
0,
0,
0,
0,
0,
0,
0,
12710,
44010,
23243,
19721,
40847,
38735,
38670,
23243,
21162,
21162,
23275,
64790,
64790,
23243,
65535,
50568,
65484,
65355,
65452,
40847,
54762,
56907,
14823,
0,
0,
0,
0,
0,
0,
0,
0,
0,
14791,
44010,
23243,
38767,
40847,
40815,
23243,
23243,
23275,
65535,
23275,
64855,
64855,
23243,
14791,
50600,
65484,
65484,
65484,
65484,
56907,
56907,
14823,
0,
0,
0,
0,
0,
0,
0,
0,
0,
12678,
23275,
36622,
36526,
38767,
36558,
30123,
23243,
21130,
21130,
23275,
60628,
21130,
57083,
63422,
46407,
65484,
36558,
63307,
65452,
19657,
54794,
14791,
0,
0,
0,
0,
0,
0,
0,
0,
0,
12710,
23275,
32332,
38670,
40847,
38735,
38670,
23243,
21162,
23211,
52274,
64758,
23243,
57115,
48455,
65452,
65484,
65355,
65452,
56939,
52714,
12743,
0,
0,
0,
0,
0,
0,
0,
0,
0,
0,
0,
14759,
14791,
32364,
40847,
40847,
38767,
32364,
23243,
52274,
52274,
12710,
56939,
56939,
56907,
23243,
23243,
23243,
56939,
56939,
56907,
14791,
0,
0,
0,
0,
0,
0,
0,
0,
0,
0,
0,
12743,
0,
12678,
14791,
30155,
36526,
40815,
21130,
12678,
14759,
0,
12678,
56939,
21130,
36590,
21834,
36525,
21162,
56907,
12710,
0,
0,
0,
0,
0,
0,
0,
0,
0,
0,
0,
0,
14759,
12743,
0,
0,
12710,
12710,
14759,
12743,
0,
0,
0,
0,
14791,
36622,
21802,
40847,
36622,
32300,
14791,
0,
0,
0,
0,
0,
0,
0,
0,
0,
0,
0,
0,
0,
0,
12710,
12743,
0,
0,
0,
0,
0,
0,
0,
0,
0,
14791,
38735,
21834,
40847,
38735,
32332,
14791,
0,
0,
0,
0,
0,
0,
0,
0,
0,
0,
0,
0,
0,
0,
0,
12678,
12743,
0,
0,
0,
0,
0,
0,
0,
12710,
40847,
30123,
36590,
40847,
36525,
30187,
12743,
0,
0,
0,
0,
0,
0,
0,
0,
0,
0,
0,
0,
0,
0,
0,
0,
14759,
12710,
12711,
0,
0,
0,
14759,
12710,
12710,
40847,
32267,
38735,
40847,
36590,
12743,
0,
0,
0,
0,
0,
0,
0,
0,
0,
0,
0,
0,
0,
0,
0,
0,
0,
0,
0,
12710,
14759,
12710,
12710,
14759,
0,
14791,
40847,
32332,
38767,
40847,
32300,
12743,
0,
0,
0,
0,
0,
0,
0,
0,
0,
0,
0,
0,
0,
0,
0,
0,
0,
0,
0,
0,
0,
0,
0,
0,
0,
12678,
40847,
36526,
36590,
32332,
12710,
0,
0,
0,
0,
0,
0,
0,
0,
0,
0,
0,
0,
0,
0,
0,
0,
0,
0,
0,
0,
0,
0,
0,
0,
0,
0,
12710,
40847,
38735,
32332,
14791,
0,
0,
0,
0,
0,
0,
0,
0,
0,
0,
0,
0,
0,
0,
0,
0,
0,
0,
0,
0,
0,
0,
0,
0,
0,
0,
0,
0,
14791,
38735,
12743,
0,
0,
0,
0,
0,
0,
0,
0,
0,
0,
0,
0,
0,
0,
0,
0,
0,
0,
0,
0,
0,
0,
0,
0,
0,
0,
0,
0,
0,
14791,
28075,
12711,
0,
0,
0,
0,
0,
0,
0,
0,
0,
0,
0,
0,
0,
0,
0,
0,
0,
0,
0,
0,
0,
0,
0,
0,
0,
0,
0,
0,
0,
0,
14790,
32332,
14791,
0,
0,
0,
0,
0,
0,
0,
0,
0,
0,
0,
0,
0,
0,
0,
0,
0,
0,
0,
0,
0,
0,
0,
0,
0,
0,
0,
0,
0,
0,
12710,
14791,
0,
0,
0,
0,
0,
0,
0,
0,
0,
0,
0,
0,
0,
0,
0,
0,
0,
0,
0,
0,
0,
0,
0,
0,
0,
0,
0,
0,
0,
0,
0,
0,
0,
0,
0,
0,
0,
0,
0,
0,
0,
0,
0,
0,
0,
0,
0,
0,
0,
0,
0,
0,
0,
0,
0,
0,
0,
0,
0,
0,
0,
0,
0,
0,
0,
0,
0,
0,
0,
0,
0,
0,
0,
0,
0,
