2020
0,
0,
0,
0,
0,
0,
0,
0,
0,
0,
0,
0,
0,
0,
0,
0,
0,
0,
0,
0,
0,
0,
0,
0,
0,
0,
0,
0,
0,
0,
0,
0,
0,
0,
0,
0,
0,
0,
0,
0,
0,
12710,
12743,
0,
0,
0,
0,
0,
0,
0,
0,
0,
0,
0,
0,
0,
0,
0,
0,
0,
0,
0,
0,
0,
0,
0,
0,
0,
0,
0,
0,
0,
0,
14791,
65522,
14791,
12743,
0,
14791,
12743,
0,
0,
12710,
14791,
0,
0,
0,
0,
0,
0,
0,
0,
0,
0,
0,
0,
0,
0,
0,
0,
0,
0,
0,
0,
0,
0,
12710,
65522,
61328,
14758,
65532,
63385,
12710,
14791,
63385,
65498,
14791,
0,
0,
0,
0,
0,
0,
0,
0,
0,
0,
0,
0,
0,
0,
0,
0,
0,
0,
0,
14791,
14759,
58217,
25323,
65521,
65522,
65522,
65531,
65532,
65532,
65531,
54861,
65522,
12743,
0,
0,
0,
0,
0,
0,
0,
0,
0,
0,
0,
0,
0,
0,
0,
0,
0,
14791,
65319,
64774,
58217,
60265,
23275,
65522,
65532,
65531,
65532,
65532,
65531,
65522,
65522,
12743,
0,
0,
0,
0,
0,
0,
0,
0,
0,
0,
0,
0,
0,
0,
0,
0,
14758,
65126,
65319,
63078,
62629,
60297,
63376,
21162,
65532,
48524,
48556,
23275,
63376,
65489,
14791,
0,
0,
0,
0,
0,
0,
0,
0,
0,
0,
0,
0,
0,
0,
0,
0,
0,
14791,
65255,
65319,
58217,
58217,
60297,
65521,
65522,
65532,
65531,
14791,
60297,
65521,
65522,
14791,
0,
0,
0,
0,
0,
0,
0,
0,
0,
0,
0,
0,
0,
0,
0,
0,
0,
14790,
65222,
64806,
56137,
64741,
23275,
23243,
65522,
65522,
23243,
65531,
65522,
65489,
23275,
42187,
12711,
0,
0,
0,
0,
0,
0,
0,
0,
0,
0,
0,
0,
0,
0,
0,
0,
0,
12678,
60265,
54024,
21162,
65522,
54024,
56137,
65522,
63376,
63440,
65522,
21162,
50669,
52781,
46476,
12743,
0,
0,
12710,
12743,
0,
0,
0,
0,
0,
0,
0,
0,
0,
0,
0,
0,
14759,
64806,
23275,
65521,
60265,
58217,
23275,
65522,
65521,
52781,
54862,
65521,
54861,
42219,
52749,
52781,
14791,
14791,
38032,
38031,
12743,
0,
0,
0,
0,
0,
0,
0,
12710,
12743,
0,
14790,
65222,
65319,
21162,
23243,
23275,
23242,
64742,
51943,
65489,
65522,
65522,
65489,
65522,
54861,
40074,
23275,
54861,
50637,
38032,
23243,
12711,
0,
0,
0,
0,
0,
0,
0,
14758,
60549,
14791,
54056,
65126,
65319,
63078,
62629,
60265,
12710,
62629,
64806,
45734,
65498,
65522,
63376,
65489,
65522,
63376,
65489,
23243,
21130,
23275,
65521,
33806,
14791,
0,
0,
0,
0,
0,
0,
0,
14791,
64806,
60265,
60265,
64806,
64805,
60265,
14791,
0,
14791,
64806,
49895,
65532,
65532,
65522,
65522,
65522,
65522,
65522,
65522,
65522,
65522,
65522,
38031,
14824,
0,
0,
0,
0,
0,
0,
0,
14790,
65319,
64741,
58185,
60265,
56137,
12710,
0,
14758,
64742,
51943,
65498,
65531,
65532,
65489,
65522,
65522,
65489,
65522,
60265,
47814,
65522,
14759,
12711,
0,
0,
0,
0,
0,
0,
0,
14758,
63078,
65319,
65158,
65126,
60297,
62629,
12678,
0,
12710,
47815,
65532,
63417,
65498,
65522,
63408,
65489,
65522,
12678,
14758,
64741,
54024,
12743,
0,
0,
0,
0,
0,
0,
0,
0,
0,
0,
14791,
65319,
65287,
14759,
14791,
14759,
0,
14791,
64806,
60265,
51943,
65531,
65532,
65522,
65522,
23275,
14791,
0,
14791,
65319,
58217,
14791,
0,
0,
0,
0,
0,
0,
0,
0,
0,
0,
0,
14791,
12743,
0,
0,
0,
0,
14791,
56104,
58185,
51943,
65497,
65521,
65522,
37994,
12743,
0,
14758,
65254,
64774,
12710,
0,
0,
0,
0,
0,
0,
0,
0,
0,
0,
0,
0,
0,
0,
0,
0,
12678,
12678,
64806,
21130,
47815,
65532,
63408,
63441,
65522,
63376,
50637,
14759,
12710,
65190,
12743,
0,
0,
0,
0,
0,
0,
0,
0,
0,
0,
0,
0,
0,
0,
0,
0,
14791,
65287,
65319,
64806,
58217,
14791,
54894,
65522,
65522,
65522,
65522,
65522,
54861,
52781,
23275,
14791,
0,
0,
0,
0,
0,
0,
0,
0,
0,
0,
0,
0,
0,
0,
0,
0,
14791,
65158,
65190,
60265,
56104,
12710,
14791,
12710,
52749,
65522,
63408,
52749,
64806,
45734,
35951,
14791,
0,
0,
0,
0,
0,
0,
0,
0,
0,
0,
0,
0,
0,
0,
12678,
12678,
65319,
63078,
62629,
60265,
54024,
12711,
0,
0,
12710,
14791,
21130,
23242,
64774,
54024,
12743,
0,
0,
0,
0,
0,
0,
0,
0,
0,
0,
0,
0,
0,
0,
14791,
65319,
64806,
60297,
64806,
64806,
60265,
14791,
0,
0,
0,
0,
0,
14791,
60265,
60265,
60265,
14791,
0,
0,
0,
0,
0,
0,
0,
0,
0,
0,
0,
0,
0,
0,
14791,
65190,
65190,
60265,
56104,
64709,
60265,
12711,
0,
0,
0,
0,
14791,
62629,
64742,
14791,
12710,
0,
0,
0,
0,
0,
0,
0,
0,
0,
0,
0,
0,
0,
0,
0,
0,
14758,
65158,
64806,
54056,
54056,
60265,
54056,
12711,
0,
0,
0,
14791,
63046,
12743,
0,
0,
0,
0,
0,
0,
0,
0,
0,
0,
0,
0,
0,
0,
0,
0,
0,
0,
0,
14791,
64806,
60265,
60265,
60265,
14791,
0,
0,
0,
0,
14791,
65287,
14791,
0,
0,
0,
0,
0,
0,
0,
0,
0,
0,
0,
0,
0,
0,
0,
0,
0,
0,
0,
14758,
60265,
56104,
62661,
14791,
0,
0,
0,
0,
0,
0,
12710,
0,
0,
0,
0,
0,
0,
0,
0,
0,
0,
0,
0,
0,
0,
0,
0,
0,
0,
0,
14758,
62629,
60297,
62629,
62629,
14791,
0,
0,
0,
0,
0,
0,
0,
0,
0,
0,
0,
0,
0,
0,
0,
0,
0,
0,
0,
0,
0,
0,
0,
0,
0,
0,
0,
14791,
14791,
64806,
14791,
0,
0,
0,
0,
0,
0,
0,
0,
0,
0,
0,
0,
0,
0,
0,
0,
0,
0,
0,
0,
0,
0,
0,
0,
0,
0,
0,
0,
0,
0,
12710,
0,
0,
0,
0,
0,
0,
0,
0,
0,
0,
0,
0,
0,
0,
0,
0,
0,
0,
0,
0,
0,
0,
0,
0,
0,
0,
0,
0,
0,
0,
0,
0,
0,
0,
0,
0,
0,
0,
0,
0,
0,
0,
0,
0,
0,
0,
0,
0,
0,
0,
0,
0,
0,
0,
0,
0,
0,
0,
0,
0,
0,
0,
0,
0,
0,
0,
0,
0,
0,
0,
0,
0,
0,
0,
0,
0,
0,
0,
0,
0,
0,
0,
0,
0,
0,
0,
