2020
0,
0,
0,
0,
0,
0,
0,
0,
0,
0,
0,
0,
0,
0,
0,
0,
0,
0,
0,
0,
0,
0,
0,
0,
0,
0,
0,
0,
0,
0,
0,
0,
0,
0,
0,
0,
0,
0,
0,
0,
0,
0,
0,
0,
0,
0,
0,
0,
0,
0,
0,
0,
12678,
12710,
14823,
0,
0,
0,
0,
0,
0,
0,
0,
0,
0,
0,
0,
0,
0,
0,
0,
0,
0,
12678,
14823,
0,
0,
0,
0,
0,
0,
0,
0,
14759,
19287,
19353,
21401,
12711,
0,
0,
0,
0,
0,
0,
0,
0,
0,
0,
0,
0,
0,
0,
0,
0,
0,
14791,
19503,
14759,
14823,
0,
0,
0,
0,
14759,
14791,
21434,
14759,
14759,
14791,
21434,
14823,
0,
0,
0,
0,
0,
0,
0,
0,
0,
0,
0,
0,
0,
0,
0,
0,
0,
14791,
17390,
19470,
14759,
12711,
0,
14791,
50541,
37898,
14759,
12711,
0,
0,
12678,
14823,
0,
0,
0,
0,
0,
0,
0,
0,
0,
0,
0,
0,
0,
0,
0,
0,
0,
0,
12678,
21162,
19535,
21130,
12710,
21791,
30238,
63283,
23243,
21130,
12710,
12710,
12678,
37898,
14791,
0,
0,
0,
0,
0,
0,
0,
0,
0,
0,
0,
0,
0,
0,
0,
14759,
14791,
23275,
19535,
19535,
19503,
23275,
32479,
21434,
65428,
23275,
65535,
23275,
60265,
64723,
23275,
54766,
14823,
0,
0,
0,
0,
0,
0,
0,
0,
0,
0,
0,
12710,
14759,
12710,
17390,
19535,
17390,
19471,
19535,
17358,
21195,
21791,
30271,
54734,
39978,
21162,
58185,
64723,
65503,
23275,
65395,
12711,
0,
0,
0,
0,
0,
0,
0,
0,
0,
0,
12710,
17358,
19535,
17358,
17358,
19535,
21130,
21162,
19535,
21130,
12710,
58217,
19611,
37898,
54734,
48461,
21162,
23211,
21162,
65395,
37898,
12711,
0,
0,
0,
0,
0,
0,
0,
0,
0,
0,
14759,
14759,
14759,
14791,
23243,
23243,
23275,
19535,
19535,
23275,
65535,
65535,
21791,
21791,
23243,
23275,
56814,
65460,
65428,
14759,
14823,
0,
0,
0,
0,
0,
0,
0,
0,
0,
0,
0,
0,
0,
0,
12710,
30271,
23275,
17358,
17390,
23275,
19288,
19321,
21434,
19612,
21758,
21790,
19611,
21162,
12710,
12711,
0,
0,
0,
0,
0,
0,
0,
0,
0,
0,
0,
0,
0,
0,
0,
0,
12710,
30239,
23275,
17358,
21163,
21791,
19612,
19645,
21790,
19612,
21725,
23243,
21130,
14791,
0,
0,
0,
0,
0,
0,
0,
0,
0,
0,
0,
0,
0,
0,
14759,
14823,
0,
14791,
23243,
23275,
19535,
23275,
32479,
21791,
21791,
21791,
21435,
21791,
23243,
23275,
21434,
21791,
14759,
14823,
0,
0,
14759,
14759,
14823,
0,
0,
0,
0,
0,
0,
0,
14823,
65503,
12678,
14759,
30239,
21162,
23275,
30239,
19677,
21791,
19288,
19645,
23275,
19611,
23243,
54734,
21130,
21402,
21758,
30206,
12710,
14791,
30238,
21790,
19321,
12678,
0,
0,
0,
0,
0,
12678,
23275,
50712,
65535,
65535,
65535,
30303,
23275,
19644,
19353,
21791,
21130,
23243,
65535,
21130,
23243,
54766,
35785,
23211,
12710,
12710,
32447,
32415,
12678,
14791,
21725,
12678,
0,
0,
0,
0,
14823,
65535,
65535,
65535,
65535,
65535,
21791,
32479,
32479,
23275,
21434,
23275,
21435,
21823,
65535,
52857,
23275,
56814,
40010,
54766,
14823,
0,
14759,
14823,
0,
0,
14759,
14759,
0,
0,
0,
0,
12710,
48599,
54938,
65535,
65503,
65535,
19612,
30271,
21791,
19612,
21162,
23275,
19644,
65535,
65535,
48599,
65535,
23243,
35785,
52654,
14791,
0,
0,
0,
0,
0,
0,
0,
0,
0,
0,
0,
0,
12710,
65535,
48631,
12678,
14791,
30271,
19645,
21791,
19644,
21725,
23275,
19644,
65535,
23243,
21130,
65535,
23275,
50509,
54734,
37898,
12711,
0,
0,
0,
0,
0,
0,
0,
0,
0,
0,
0,
14759,
14759,
14823,
0,
0,
14759,
23243,
21791,
21791,
21791,
23243,
23243,
23275,
21791,
21791,
23243,
23275,
54766,
40010,
54766,
14823,
0,
0,
0,
0,
0,
0,
0,
0,
0,
0,
0,
0,
0,
0,
0,
14791,
46550,
48599,
23275,
19611,
21162,
14791,
19611,
19644,
21758,
21130,
19677,
21790,
48461,
37898,
52654,
12711,
0,
0,
0,
0,
0,
0,
0,
0,
0,
0,
0,
0,
0,
0,
12678,
52889,
48631,
12710,
52857,
12678,
14791,
0,
12678,
21162,
23275,
61170,
65363,
21790,
21162,
54734,
37898,
12711,
0,
0,
0,
0,
0,
0,
0,
0,
0,
0,
0,
0,
0,
0,
14759,
14759,
12710,
0,
14823,
0,
0,
0,
0,
14791,
21791,
23243,
23243,
23275,
21790,
54766,
14823,
0,
0,
0,
0,
0,
0,
0,
0,
0,
0,
0,
0,
0,
0,
0,
0,
0,
0,
0,
0,
0,
0,
0,
0,
12710,
21434,
19611,
63283,
21790,
35785,
37865,
14791,
0,
0,
0,
0,
0,
0,
0,
0,
0,
0,
0,
0,
0,
0,
0,
0,
0,
12678,
12678,
14759,
12711,
0,
0,
12678,
19353,
21791,
19288,
21402,
21434,
50509,
14791,
0,
0,
0,
0,
0,
0,
0,
0,
0,
0,
0,
0,
0,
0,
0,
0,
0,
0,
12710,
52857,
52889,
52825,
14759,
14791,
21790,
21435,
21823,
54734,
21791,
14759,
14823,
0,
0,
0,
0,
0,
0,
0,
0,
0,
0,
0,
0,
0,
0,
0,
0,
0,
0,
0,
12678,
19288,
21791,
19612,
19612,
21434,
19287,
50541,
21434,
12678,
14791,
0,
0,
0,
0,
0,
0,
0,
0,
0,
0,
0,
0,
0,
0,
0,
0,
0,
0,
0,
0,
14791,
19677,
19677,
21791,
21725,
52825,
65535,
12678,
12710,
14823,
0,
0,
0,
0,
0,
0,
0,
0,
0,
0,
0,
0,
0,
0,
0,
0,
0,
0,
0,
0,
0,
0,
14759,
14759,
21434,
54938,
65535,
65535,
14823,
0,
0,
0,
0,
0,
0,
0,
0,
0,
0,
0,
0,
0,
0,
0,
0,
0,
0,
0,
0,
0,
0,
0,
0,
0,
0,
12710,
65503,
65535,
46518,
12711,
0,
0,
0,
0,
0,
0,
0,
0,
0,
0,
0,
0,
0,
0,
0,
0,
0,
0,
0,
0,
0,
0,
0,
0,
0,
0,
0,
0,
12710,
14759,
14791,
0,
0,
0,
0,
0,
0,
0,
0,
0,
0,
0,
0,
0,
0,
0,
0,
0,
0,
0,
0,
0,
0,
0,
0,
0,
0,
0,
0,
0,
0,
0,
0,
0,
0,
0,
0,
0,
0,
0,
0,
0,
0,
0,
0,
0,
0,
0,
0,
0,
0,
0,
0,
0,
0,
0,
0,
0,
0,
0,
0,
0,
0,
0,
0,
0,
0,
0,
0,
0,
0,
0,
0,
0,
0,
0,
0,
0,
0,
0,
0,
0,
0,
0,
0,
