2020
0,
0,
0,
0,
0,
0,
0,
0,
0,
0,
0,
0,
0,
0,
0,
0,
0,
0,
0,
0,
0,
0,
0,
0,
0,
0,
0,
0,
0,
0,
0,
0,
0,
0,
0,
0,
0,
0,
0,
0,
0,
0,
0,
0,
0,
0,
0,
0,
0,
0,
0,
0,
0,
0,
0,
0,
0,
0,
0,
0,
0,
0,
0,
0,
0,
0,
0,
0,
0,
0,
0,
0,
0,
0,
0,
0,
0,
0,
0,
0,
0,
0,
0,
0,
0,
0,
0,
0,
0,
0,
0,
0,
0,
0,
0,
0,
0,
0,
0,
0,
0,
0,
0,
0,
0,
0,
0,
0,
0,
0,
0,
0,
0,
0,
14759,
14791,
0,
0,
0,
0,
0,
0,
0,
0,
0,
0,
0,
0,
0,
0,
0,
0,
0,
0,
0,
0,
0,
0,
0,
0,
0,
0,
0,
0,
0,
12678,
23966,
21755,
12711,
0,
0,
0,
0,
0,
0,
0,
0,
0,
0,
0,
0,
0,
0,
0,
0,
0,
0,
0,
0,
0,
0,
0,
0,
0,
0,
0,
0,
14759,
23243,
21162,
14791,
0,
0,
0,
0,
0,
0,
0,
0,
0,
0,
0,
0,
0,
0,
0,
0,
14791,
0,
0,
0,
0,
0,
0,
0,
0,
0,
14759,
12743,
28255,
65535,
65535,
19579,
23243,
14791,
0,
14823,
0,
0,
0,
0,
0,
0,
0,
0,
0,
0,
0,
12711,
26013,
14791,
0,
0,
0,
0,
0,
0,
0,
12678,
28287,
26045,
26077,
28287,
26045,
26078,
19611,
63390,
12678,
19578,
12711,
0,
0,
0,
0,
0,
0,
0,
0,
0,
0,
14791,
28223,
19579,
12710,
12710,
14823,
0,
0,
0,
14791,
65535,
14791,
28223,
28255,
65535,
28255,
65535,
65535,
19578,
65535,
14759,
14791,
0,
0,
0,
0,
0,
0,
0,
0,
0,
0,
0,
12711,
30303,
64396,
64396,
28255,
12710,
12678,
14791,
28223,
28223,
28287,
45969,
28223,
28287,
28223,
65535,
65535,
19546,
65535,
65535,
14791,
0,
0,
0,
0,
0,
0,
0,
0,
0,
0,
0,
0,
14791,
26110,
44148,
64396,
62283,
60235,
19611,
26078,
26077,
28255,
41808,
54424,
28287,
26045,
26078,
19611,
63422,
65503,
65535,
12711,
0,
0,
0,
0,
0,
0,
0,
0,
0,
0,
0,
0,
0,
12710,
12710,
14759,
12710,
19578,
28287,
28255,
28255,
28287,
28223,
28255,
28287,
28223,
28255,
19611,
65535,
65535,
52856,
50711,
14823,
0,
0,
0,
0,
0,
0,
0,
0,
0,
0,
0,
0,
0,
0,
0,
0,
12711,
28287,
28223,
23933,
65535,
12711,
28223,
28287,
65535,
65535,
28287,
19546,
65535,
52856,
48630,
14791,
0,
0,
0,
0,
0,
0,
0,
0,
0,
0,
0,
0,
0,
0,
0,
0,
12678,
23275,
26078,
26077,
19611,
21787,
26077,
28287,
63422,
65503,
28287,
17432,
48598,
52823,
46485,
14791,
0,
0,
0,
0,
0,
0,
0,
0,
0,
0,
0,
0,
14759,
12710,
14759,
14791,
48406,
64428,
28255,
28255,
28287,
28255,
28255,
28287,
28255,
28287,
19611,
65535,
52856,
52856,
50743,
14823,
0,
0,
0,
0,
0,
0,
0,
0,
0,
0,
12678,
14791,
28255,
28191,
48407,
64395,
64396,
28287,
17498,
28223,
28287,
26143,
28223,
28287,
26143,
19579,
65535,
48630,
50743,
52824,
21162,
28255,
14823,
0,
0,
0,
0,
0,
0,
0,
0,
12711,
26045,
28255,
45610,
60235,
64428,
26078,
17400,
14759,
12710,
26078,
28287,
26045,
26078,
28287,
26045,
17465,
23243,
46517,
48598,
23243,
12678,
26111,
14791,
0,
0,
0,
0,
0,
0,
0,
0,
14791,
19579,
28287,
28287,
28255,
19579,
12710,
14791,
0,
0,
12710,
28287,
28255,
28255,
28287,
28255,
28287,
28287,
23243,
14759,
14823,
0,
14823,
0,
0,
0,
0,
0,
0,
0,
0,
0,
0,
12678,
14759,
12710,
12678,
14823,
0,
0,
0,
0,
0,
14759,
12711,
26111,
28287,
21162,
28191,
28287,
26078,
12710,
0,
0,
0,
0,
0,
0,
0,
0,
0,
0,
0,
0,
0,
0,
0,
0,
0,
0,
0,
0,
0,
0,
0,
0,
0,
12678,
14759,
12678,
12710,
28287,
26045,
12678,
12710,
12711,
0,
0,
0,
0,
0,
0,
0,
0,
0,
0,
0,
0,
0,
0,
0,
0,
0,
0,
0,
0,
0,
0,
0,
0,
0,
0,
0,
14759,
14791,
0,
0,
14791,
0,
0,
0,
0,
0,
0,
0,
0,
0,
0,
0,
0,
0,
0,
0,
0,
0,
0,
0,
0,
0,
0,
0,
0,
0,
0,
0,
0,
0,
0,
14759,
12711,
0,
0,
0,
0,
0,
0,
0,
0,
0,
0,
0,
0,
0,
0,
0,
0,
0,
0,
0,
0,
0,
0,
0,
0,
14759,
12711,
0,
0,
0,
12678,
14791,
0,
0,
0,
0,
0,
0,
0,
0,
0,
0,
0,
0,
0,
0,
0,
0,
0,
0,
0,
0,
0,
0,
0,
0,
14759,
28287,
28255,
14823,
0,
0,
0,
14759,
14823,
0,
0,
0,
0,
0,
0,
0,
0,
0,
0,
0,
0,
0,
0,
0,
0,
0,
0,
0,
0,
0,
0,
12678,
28191,
49055,
26110,
17498,
14823,
0,
12710,
14823,
0,
0,
0,
0,
0,
0,
0,
0,
0,
0,
0,
0,
0,
0,
0,
0,
0,
0,
0,
0,
0,
0,
0,
12678,
26078,
28287,
17433,
17465,
14759,
12678,
12743,
0,
0,
0,
0,
0,
0,
0,
0,
0,
0,
0,
0,
0,
0,
0,
0,
0,
0,
0,
0,
0,
0,
0,
0,
0,
14759,
19611,
19579,
14823,
0,
0,
0,
0,
0,
0,
0,
0,
0,
0,
0,
0,
0,
0,
0,
0,
0,
0,
0,
0,
0,
0,
0,
0,
0,
0,
0,
0,
0,
14759,
12743,
0,
0,
0,
0,
0,
0,
0,
0,
0,
0,
0,
0,
0,
0,
0,
0,
0,
0,
0,
0,
0,
0,
0,
0,
0,
0,
0,
0,
0,
0,
0,
0,
0,
0,
0,
0,
0,
0,
0,
0,
0,
0,
0,
0,
0,
0,
0,
0,
0,
0,
0,
0,
0,
0,
0,
0,
0,
0,
0,
0,
0,
0,
0,
0,
0,
0,
0,
0,
0,
0,
0,
0,
0,
0,
0,
0,
0,
0,
0,
0,
0,
0,
0,
0,
0,
0,
0,
0,
0,
0,
0,
0,
0,
0,
0,
0,
0,
0,
0,
0,
0,
0,
0,
0,
0,
0,
0,
0,
0,
0,
0,
0,
0,
0,
0,
0,
0,
0,
0,
0,
0,
0,
0,
0,
0,
0,
0,
0,
0,
0,
0,
0,
0,
0,
0,
0,
0,
0,
0,
0,
