2020
0,
0,
0,
0,
0,
0,
0,
0,
0,
0,
0,
0,
0,
0,
0,
0,
0,
0,
0,
0,
0,
0,
0,
0,
0,
0,
0,
0,
0,
0,
0,
0,
0,
0,
0,
0,
0,
0,
0,
0,
0,
0,
0,
0,
0,
0,
0,
0,
0,
0,
0,
0,
0,
0,
0,
0,
0,
0,
0,
0,
0,
0,
0,
0,
0,
0,
0,
0,
0,
0,
0,
0,
0,
0,
0,
0,
0,
0,
0,
0,
0,
0,
0,
0,
0,
0,
0,
0,
0,
0,
0,
0,
0,
0,
0,
0,
0,
0,
0,
0,
0,
0,
0,
0,
0,
0,
0,
14791,
14759,
14824,
0,
0,
0,
0,
0,
0,
0,
0,
0,
0,
0,
0,
0,
0,
0,
0,
0,
0,
0,
0,
0,
0,
0,
0,
0,
0,
0,
0,
14758,
65110,
60526,
62606,
14824,
0,
0,
0,
0,
0,
0,
0,
0,
0,
0,
0,
0,
0,
0,
0,
0,
0,
0,
0,
0,
0,
0,
0,
0,
0,
0,
14758,
65046,
64752,
62574,
14823,
0,
0,
0,
0,
0,
0,
0,
0,
0,
0,
0,
0,
0,
0,
0,
0,
0,
0,
0,
0,
0,
0,
0,
0,
0,
0,
0,
14791,
65110,
64752,
60265,
14824,
0,
14823,
0,
0,
0,
0,
0,
0,
0,
0,
0,
0,
0,
0,
0,
0,
0,
0,
0,
0,
0,
0,
0,
0,
0,
0,
0,
12710,
60526,
64752,
54024,
49702,
14791,
54024,
14791,
0,
0,
0,
0,
0,
0,
0,
0,
0,
0,
0,
0,
0,
0,
0,
0,
0,
0,
0,
0,
0,
0,
0,
0,
14758,
51782,
60297,
65125,
23243,
53863,
49702,
14823,
0,
0,
0,
0,
0,
0,
0,
0,
0,
0,
0,
0,
0,
0,
0,
0,
0,
0,
0,
0,
0,
0,
0,
0,
0,
14791,
60297,
23243,
25323,
53863,
14823,
0,
0,
0,
0,
0,
0,
14791,
14791,
14759,
14824,
0,
0,
0,
0,
0,
0,
0,
0,
0,
0,
0,
0,
0,
0,
0,
0,
0,
14791,
47622,
47654,
23243,
12711,
0,
0,
0,
0,
0,
12710,
62607,
51783,
48599,
14823,
0,
0,
0,
0,
0,
0,
0,
0,
0,
12710,
12710,
14791,
12710,
12710,
14824,
0,
0,
14791,
23211,
23243,
14824,
0,
0,
0,
0,
0,
14791,
56104,
60265,
60265,
14791,
0,
0,
0,
0,
0,
0,
0,
0,
0,
14823,
65535,
65535,
65535,
65535,
52857,
54970,
12710,
14791,
64752,
64719,
60265,
14824,
0,
0,
14791,
12710,
14791,
53863,
51782,
53831,
14824,
0,
0,
0,
0,
0,
0,
0,
0,
0,
0,
0,
12678,
12710,
54938,
48631,
21130,
23275,
62868,
60526,
64752,
60526,
62574,
60265,
12711,
0,
14791,
54024,
23211,
23243,
21130,
14791,
0,
0,
0,
0,
0,
0,
0,
0,
0,
0,
0,
0,
0,
0,
14791,
14791,
65046,
65111,
62639,
64687,
64752,
58185,
65190,
60297,
12710,
14823,
0,
12710,
23243,
35921,
33775,
51783,
14823,
0,
0,
0,
0,
0,
0,
0,
0,
0,
0,
0,
0,
0,
0,
0,
14791,
25323,
64719,
64719,
64752,
64719,
14791,
65254,
23243,
51783,
14791,
23243,
60297,
35921,
33840,
64752,
60297,
14823,
0,
0,
0,
0,
0,
0,
0,
0,
0,
0,
0,
0,
0,
14758,
64948,
64752,
60526,
54056,
64751,
63013,
65093,
60265,
21130,
21162,
51783,
47654,
33808,
23243,
54024,
56137,
56137,
12711,
0,
0,
0,
0,
0,
0,
0,
0,
0,
0,
0,
0,
14823,
65078,
64719,
64752,
51782,
64719,
64752,
58217,
60265,
25323,
58185,
51783,
14791,
12710,
25323,
60297,
58185,
60265,
14824,
0,
0,
0,
0,
0,
0,
0,
0,
0,
0,
0,
0,
0,
0,
14759,
14791,
25323,
51815,
64719,
60297,
58217,
25323,
60297,
51782,
14823,
0,
12710,
23243,
25323,
51782,
14824,
0,
0,
0,
0,
0,
0,
0,
0,
0,
0,
0,
0,
0,
0,
0,
0,
0,
14791,
60526,
54056,
23243,
21130,
47654,
23243,
12711,
0,
0,
0,
14758,
58217,
21130,
49702,
12710,
12711,
0,
0,
0,
0,
0,
0,
0,
0,
0,
0,
0,
0,
0,
0,
0,
14791,
64719,
14759,
14791,
58217,
25323,
60297,
51782,
14823,
0,
0,
14791,
14791,
14758,
53831,
53831,
49734,
14791,
14824,
0,
0,
0,
0,
0,
0,
0,
0,
0,
0,
0,
0,
0,
14791,
12710,
0,
14791,
56137,
35888,
60297,
23211,
23243,
14791,
12710,
14823,
0,
0,
14791,
60265,
56136,
60265,
60265,
14791,
0,
0,
0,
0,
0,
0,
0,
0,
0,
0,
0,
0,
0,
0,
12710,
65535,
31727,
48663,
23243,
21130,
56104,
60265,
54024,
56137,
14823,
0,
0,
14758,
54024,
64687,
51783,
48599,
14823,
0,
0,
0,
0,
0,
0,
0,
0,
0,
0,
0,
0,
14791,
65535,
46489,
52857,
52857,
25323,
58217,
65222,
25323,
58185,
25323,
60297,
14791,
0,
0,
12710,
14791,
14791,
12710,
14824,
0,
0,
0,
0,
0,
0,
0,
0,
0,
0,
0,
0,
12710,
65535,
46489,
50776,
52857,
25323,
62639,
23243,
25323,
56137,
23243,
53863,
14791,
0,
0,
0,
0,
0,
0,
0,
0,
0,
0,
0,
0,
0,
0,
0,
0,
0,
0,
14823,
63454,
40182,
54938,
48631,
40182,
25323,
60526,
62574,
64719,
60526,
56137,
23243,
12711,
0,
0,
0,
0,
0,
0,
0,
0,
0,
0,
0,
0,
0,
0,
0,
0,
0,
0,
14791,
65535,
44409,
54970,
52857,
14791,
14791,
64752,
65110,
65111,
64719,
64752,
64752,
14823,
0,
0,
0,
0,
0,
0,
0,
0,
0,
0,
0,
0,
0,
0,
0,
0,
0,
0,
14823,
65535,
42328,
54938,
14791,
0,
0,
14759,
64719,
65110,
65013,
64719,
14824,
0,
0,
0,
0,
0,
0,
0,
0,
0,
0,
0,
0,
0,
0,
0,
0,
0,
0,
0,
0,
12678,
12678,
14824,
0,
0,
0,
0,
12710,
14759,
12678,
14791,
0,
0,
0,
0,
0,
0,
0,
0,
0,
0,
0,
0,
0,
0,
0,
0,
0,
0,
0,
0,
0,
0,
0,
0,
0,
0,
0,
0,
0,
0,
0,
0,
0,
0,
0,
0,
0,
0,
0,
0,
0,
0,
0,
0,
0,
0,
0,
0,
0,
0,
0,
0,
0,
0,
0,
0,
0,
0,
0,
0,
0,
0,
0,
0,
0,
0,
0,
0,
0,
0,
0,
0,
0,
0,
0,
0,
0,
0,
0,
0,
0,
0,
0,
0,
0,
0,
0,
0,
0,
0,
0,
0,
0,
0,
0,
0,
0,
0,
0,
0,
0,
0,
0,
0,
0,
0,
0,
0,
