2020
0,
0,
0,
0,
0,
0,
0,
0,
0,
0,
0,
0,
0,
0,
0,
0,
0,
0,
0,
0,
0,
0,
0,
0,
0,
0,
0,
0,
0,
0,
0,
0,
0,
0,
0,
0,
0,
0,
0,
0,
0,
0,
0,
0,
0,
0,
0,
0,
0,
0,
0,
0,
0,
0,
0,
0,
0,
0,
0,
0,
0,
0,
0,
0,
0,
0,
0,
0,
0,
0,
0,
0,
0,
0,
0,
0,
0,
0,
0,
0,
0,
0,
0,
0,
0,
0,
0,
0,
0,
0,
0,
0,
0,
0,
0,
0,
0,
0,
0,
0,
0,
0,
0,
0,
0,
0,
0,
12678,
14791,
0,
0,
0,
0,
0,
0,
0,
0,
0,
0,
0,
0,
0,
0,
0,
0,
0,
0,
0,
0,
0,
0,
0,
0,
0,
0,
12678,
14791,
0,
12710,
65535,
50778,
12678,
12678,
12678,
14791,
0,
0,
0,
0,
0,
12678,
14791,
0,
0,
0,
0,
0,
0,
0,
0,
0,
0,
0,
0,
0,
0,
14791,
63365,
52358,
12710,
65535,
50810,
50810,
50810,
50810,
21130,
50121,
12678,
14791,
0,
12678,
12678,
39720,
50778,
14791,
0,
0,
0,
0,
0,
0,
0,
0,
0,
0,
0,
0,
14791,
63365,
52390,
63397,
63397,
63397,
50810,
52390,
52358,
21162,
39688,
39688,
39720,
50121,
12678,
21130,
39688,
39720,
36052,
14791,
0,
0,
0,
0,
0,
0,
0,
0,
0,
0,
0,
0,
0,
12710,
63397,
63397,
63397,
52390,
50810,
50810,
52390,
52358,
21162,
52390,
61100,
39688,
31696,
21130,
21162,
39720,
50810,
12678,
0,
0,
0,
0,
0,
0,
0,
0,
0,
0,
0,
0,
14791,
63365,
63397,
52390,
63397,
52390,
31728,
50810,
50810,
50810,
50810,
50810,
21162,
36084,
50810,
50810,
21162,
39688,
14791,
0,
0,
0,
0,
0,
0,
0,
0,
0,
0,
0,
0,
14791,
63365,
63397,
52390,
63397,
63397,
52390,
45608,
21162,
50810,
50810,
31696,
21162,
61100,
52390,
50778,
12678,
12678,
14791,
0,
0,
0,
0,
0,
0,
0,
0,
0,
0,
0,
0,
0,
12678,
12710,
21162,
21162,
63397,
52390,
50810,
65503,
64202,
31696,
31696,
45576,
21162,
39720,
50810,
50810,
50778,
14791,
0,
0,
0,
0,
0,
0,
0,
0,
0,
0,
0,
0,
0,
0,
0,
12678,
64202,
21130,
63397,
52390,
45608,
45608,
64202,
64202,
64202,
64202,
64202,
21130,
21130,
50778,
12678,
0,
0,
0,
0,
12678,
12678,
0,
0,
0,
0,
0,
0,
0,
0,
0,
14791,
64202,
45576,
21130,
63397,
52390,
64202,
45576,
64202,
64202,
64202,
21130,
21130,
50121,
50121,
21130,
12678,
14791,
0,
12678,
12678,
50121,
50810,
12678,
0,
0,
0,
0,
0,
0,
0,
0,
12678,
12678,
21130,
63365,
52390,
45608,
64202,
64202,
45576,
21130,
21162,
50121,
50121,
50121,
50121,
50121,
50121,
50121,
12678,
21162,
39688,
39688,
36084,
12678,
0,
0,
0,
0,
0,
0,
0,
0,
0,
12678,
40472,
21162,
21162,
21130,
45576,
64202,
45576,
21130,
50121,
50121,
50121,
50121,
50121,
50121,
50121,
21130,
21130,
21162,
39688,
39688,
50810,
12678,
0,
0,
0,
0,
0,
0,
0,
0,
0,
0,
12710,
51038,
40472,
40472,
21130,
64202,
64202,
21130,
21130,
39720,
50121,
50121,
50121,
50121,
50121,
50121,
21130,
21162,
50121,
39688,
36084,
12678,
0,
0,
0,
0,
0,
0,
0,
0,
0,
14791,
51038,
51070,
51070,
40504,
21130,
21130,
64202,
21130,
39688,
21130,
21130,
21130,
50121,
50121,
50121,
21130,
12678,
12678,
21162,
50121,
12678,
0,
0,
0,
0,
0,
0,
0,
0,
0,
0,
12678,
51070,
51070,
40504,
21162,
50778,
36052,
21130,
36052,
39688,
50121,
50121,
39688,
21130,
21130,
12678,
14791,
0,
0,
12678,
12678,
0,
0,
0,
0,
0,
0,
0,
0,
0,
0,
0,
0,
12710,
40504,
40504,
21130,
21162,
31696,
36052,
39688,
50121,
50121,
50121,
50121,
39688,
14791,
0,
0,
0,
0,
0,
0,
0,
0,
0,
0,
0,
0,
0,
0,
0,
0,
0,
14791,
51038,
51070,
40504,
40472,
21130,
50778,
36084,
39688,
50121,
50121,
50121,
39688,
12678,
0,
0,
0,
0,
0,
0,
0,
0,
0,
0,
0,
0,
0,
0,
0,
0,
0,
0,
12678,
51070,
51070,
51070,
21162,
50778,
36084,
31696,
39688,
50121,
50121,
39688,
21130,
12678,
0,
0,
0,
0,
0,
0,
0,
0,
0,
0,
0,
0,
0,
0,
0,
0,
0,
0,
0,
12710,
51070,
51070,
21130,
21162,
21162,
36052,
21130,
50121,
50121,
50121,
50121,
12678,
0,
12678,
12678,
0,
0,
0,
0,
0,
0,
0,
0,
0,
0,
0,
0,
0,
0,
0,
0,
0,
12710,
21162,
51038,
40472,
21130,
50810,
21130,
21130,
50121,
50121,
50121,
50121,
14791,
39688,
36052,
14791,
0,
0,
0,
0,
0,
0,
0,
0,
0,
0,
0,
0,
0,
0,
0,
0,
12678,
51038,
51070,
51070,
21130,
21162,
40472,
12678,
12678,
12678,
50121,
50121,
21130,
39688,
50810,
12678,
0,
0,
0,
0,
0,
0,
0,
0,
0,
0,
0,
0,
0,
0,
0,
0,
0,
12710,
12710,
51070,
51038,
40472,
40504,
12678,
0,
0,
12678,
39688,
21130,
39688,
36084,
12678,
0,
0,
0,
0,
0,
0,
0,
0,
0,
0,
0,
0,
0,
0,
0,
0,
0,
0,
0,
12710,
40504,
12710,
12710,
0,
0,
0,
0,
12678,
12678,
39688,
12678,
0,
0,
0,
0,
0,
0,
0,
0,
0,
0,
0,
0,
0,
0,
0,
0,
0,
0,
0,
14791,
51038,
40504,
12678,
0,
0,
0,
0,
0,
0,
0,
12678,
0,
0,
0,
0,
0,
0,
0,
0,
0,
0,
0,
0,
0,
0,
0,
0,
0,
0,
0,
0,
0,
12710,
12710,
0,
0,
0,
0,
0,
0,
0,
0,
0,
0,
0,
0,
0,
0,
0,
0,
0,
0,
0,
0,
0,
0,
0,
0,
0,
0,
0,
0,
0,
0,
0,
0,
0,
0,
0,
0,
0,
0,
0,
0,
0,
0,
0,
0,
0,
0,
0,
0,
0,
0,
0,
0,
0,
0,
0,
0,
0,
0,
0,
0,
0,
0,
0,
0,
0,
0,
0,
0,
0,
0,
0,
0,
0,
0,
0,
0,
0,
0,
0,
0,
0,
0,
0,
0,
0,
0,
0,
0,
0,
0,
0,
0,
0,
0,
0,
0,
0,
0,
0,
0,
0,
0,
0,
0,
0,
0,
0,
0,
0,
0,
0,
0,
0,
0,
0,
0,
0,
0,
0,
0,
0,
0,
0,
0,
0,
0,
0,
0,
0,
0,
0,
0,
0,
0,
0,
0,
0,
0,
0,
0,
0,
0,
0,
0,
0,
0,
0,
0,
