2020
0,
0,
0,
0,
0,
0,
0,
0,
0,
0,
0,
0,
0,
0,
0,
0,
0,
0,
0,
0,
0,
0,
0,
0,
0,
0,
0,
0,
0,
0,
0,
0,
0,
0,
0,
0,
0,
0,
0,
0,
0,
0,
0,
0,
0,
0,
0,
0,
0,
0,
0,
0,
0,
0,
0,
0,
0,
0,
0,
0,
0,
0,
0,
0,
0,
0,
0,
0,
0,
0,
0,
0,
0,
0,
0,
0,
0,
0,
0,
0,
0,
0,
0,
0,
0,
0,
0,
0,
0,
0,
0,
0,
0,
0,
0,
0,
0,
0,
0,
0,
0,
0,
0,
0,
0,
0,
0,
0,
0,
0,
0,
0,
14791,
14824,
0,
0,
0,
0,
0,
0,
0,
0,
0,
0,
0,
0,
0,
0,
0,
0,
0,
0,
0,
0,
0,
0,
0,
0,
0,
0,
0,
0,
0,
14759,
65503,
14791,
12743,
0,
0,
0,
0,
0,
0,
0,
0,
0,
0,
0,
0,
0,
0,
0,
0,
0,
0,
0,
0,
0,
0,
0,
14791,
14791,
14823,
0,
14823,
38606,
38671,
65535,
14823,
0,
0,
0,
14791,
14824,
0,
0,
0,
0,
0,
0,
0,
0,
0,
0,
0,
0,
0,
0,
0,
0,
14791,
14823,
51183,
51183,
31949,
14791,
14823,
38607,
23275,
23275,
14823,
0,
14791,
14823,
65535,
14791,
14823,
0,
0,
0,
0,
0,
0,
0,
0,
0,
0,
0,
0,
0,
0,
12710,
38671,
47021,
47021,
51183,
34381,
21162,
38639,
21162,
29869,
51183,
12678,
12710,
33808,
34381,
29901,
65535,
12743,
0,
0,
0,
0,
0,
0,
0,
0,
0,
0,
0,
0,
0,
14823,
49102,
51183,
38639,
49103,
32014,
51183,
65535,
25356,
38638,
51183,
29373,
35934,
31644,
23275,
23243,
32014,
38639,
14823,
0,
0,
0,
0,
0,
0,
0,
0,
0,
0,
0,
0,
14823,
49102,
49102,
40751,
49102,
49102,
14823,
49102,
29901,
38671,
36526,
29372,
35966,
29531,
35934,
31645,
23243,
23307,
38639,
14791,
0,
0,
0,
0,
0,
0,
0,
0,
0,
0,
0,
0,
14823,
47021,
34381,
32014,
47021,
65503,
65535,
44941,
29836,
38671,
44942,
27290,
46559,
27450,
33820,
31644,
31739,
23243,
31982,
12743,
0,
0,
0,
0,
0,
0,
0,
0,
0,
0,
0,
14791,
51183,
51183,
23243,
51183,
51183,
31982,
40751,
49102,
49135,
51183,
49102,
51183,
29405,
44479,
35934,
29373,
27323,
31982,
14824,
0,
0,
0,
0,
0,
0,
0,
0,
0,
0,
0,
0,
14791,
51183,
14759,
23243,
51183,
38606,
49102,
51183,
49102,
49102,
33840,
49102,
49135,
38671,
27291,
27324,
29405,
36526,
38639,
14824,
0,
0,
0,
0,
0,
0,
0,
0,
0,
0,
0,
0,
12678,
14824,
0,
12710,
51183,
29837,
47021,
51183,
44941,
46989,
25355,
44941,
23243,
51183,
44909,
23243,
38639,
34349,
23243,
31982,
12743,
0,
0,
0,
0,
0,
0,
0,
0,
0,
0,
0,
0,
0,
14823,
51183,
23275,
23307,
38671,
51183,
51183,
51183,
51183,
51183,
23275,
25356,
38639,
51183,
25356,
31982,
38671,
38671,
38607,
14791,
14824,
0,
0,
0,
0,
0,
0,
0,
0,
0,
0,
0,
14759,
12710,
14791,
38606,
29901,
32014,
38574,
49102,
32014,
29901,
49135,
51183,
23243,
23275,
38671,
36526,
38639,
38671,
29901,
65535,
14824,
0,
0,
0,
0,
0,
0,
0,
0,
0,
0,
0,
0,
0,
14823,
36462,
21162,
38671,
27788,
21162,
51183,
29836,
47022,
38671,
44941,
29837,
23275,
34381,
36526,
31982,
34381,
31949,
65535,
12743,
0,
0,
0,
0,
0,
0,
0,
0,
0,
0,
0,
0,
14791,
14791,
14791,
38671,
14791,
51183,
38671,
32014,
38671,
51183,
51183,
40719,
65535,
23275,
38671,
32014,
38639,
31982,
14824,
0,
0,
0,
0,
0,
0,
0,
0,
0,
0,
0,
0,
0,
0,
0,
12710,
14824,
0,
12710,
38671,
36462,
23275,
51183,
36462,
29901,
23275,
21162,
23275,
38671,
29836,
31982,
65535,
14791,
0,
0,
0,
0,
0,
0,
0,
0,
0,
0,
0,
0,
0,
0,
0,
0,
0,
12710,
38639,
12710,
36462,
14823,
36430,
65503,
23275,
34381,
29901,
23275,
21162,
12710,
14823,
0,
0,
0,
0,
0,
0,
0,
0,
0,
0,
0,
0,
0,
0,
0,
0,
0,
0,
14791,
14824,
0,
14824,
0,
14791,
14823,
38671,
38639,
38671,
32014,
14824,
0,
0,
0,
0,
0,
0,
0,
0,
0,
0,
0,
0,
0,
0,
0,
0,
0,
0,
0,
0,
0,
0,
0,
0,
0,
0,
14791,
32014,
36462,
38607,
14824,
0,
0,
0,
0,
0,
0,
0,
0,
0,
0,
0,
0,
0,
0,
0,
0,
0,
0,
0,
0,
0,
0,
0,
0,
0,
0,
0,
14790,
38639,
27756,
23243,
14824,
0,
0,
0,
0,
0,
0,
0,
0,
0,
0,
0,
0,
0,
0,
0,
0,
0,
0,
0,
0,
0,
0,
0,
0,
0,
0,
14823,
38671,
38671,
38639,
14824,
0,
0,
0,
0,
0,
0,
0,
0,
0,
0,
0,
0,
0,
0,
0,
0,
0,
0,
0,
0,
0,
0,
0,
0,
0,
0,
14823,
47022,
49102,
38639,
14791,
0,
0,
0,
0,
0,
0,
0,
0,
0,
0,
0,
0,
0,
0,
0,
0,
0,
0,
0,
0,
0,
0,
0,
0,
0,
0,
0,
0,
12710,
23243,
51183,
12743,
0,
0,
0,
0,
0,
0,
0,
0,
0,
0,
0,
0,
0,
0,
0,
0,
0,
0,
0,
0,
0,
0,
0,
0,
0,
0,
0,
14823,
51183,
14791,
14824,
0,
0,
0,
0,
0,
0,
0,
0,
0,
0,
0,
0,
0,
0,
0,
0,
0,
0,
0,
0,
0,
0,
0,
0,
0,
0,
0,
0,
14791,
14791,
0,
0,
0,
0,
0,
0,
0,
0,
0,
0,
0,
0,
0,
0,
0,
0,
0,
0,
0,
0,
0,
0,
0,
0,
0,
0,
0,
0,
0,
0,
0,
0,
0,
0,
0,
0,
0,
0,
0,
0,
0,
0,
0,
0,
0,
0,
0,
0,
0,
0,
0,
0,
0,
0,
0,
0,
0,
0,
0,
0,
0,
0,
0,
0,
0,
0,
0,
0,
0,
0,
0,
0,
0,
0,
0,
0,
0,
0,
0,
0,
0,
0,
0,
0,
0,
0,
0,
0,
0,
0,
0,
0,
0,
0,
0,
0,
0,
0,
0,
0,
0,
0,
0,
0,
0,
0,
0,
0,
0,
0,
0,
0,
0,
0,
0,
0,
0,
0,
0,
0,
0,
0,
0,
0,
0,
0,
0,
0,
0,
0,
0,
0,
0,
0,
0,
0,
0,
0,
0,
0,
0,
