2020
0,
0,
0,
0,
0,
0,
0,
0,
0,
0,
0,
0,
0,
0,
0,
0,
0,
0,
0,
0,
0,
0,
0,
0,
0,
0,
0,
0,
0,
0,
0,
0,
0,
0,
0,
0,
0,
0,
0,
0,
0,
0,
0,
0,
0,
0,
0,
0,
0,
0,
0,
0,
0,
0,
0,
0,
0,
0,
0,
0,
0,
0,
0,
0,
0,
0,
0,
0,
0,
0,
0,
0,
0,
0,
0,
0,
0,
0,
0,
0,
0,
0,
0,
0,
0,
0,
0,
0,
0,
0,
0,
0,
0,
0,
0,
0,
0,
0,
0,
0,
0,
0,
0,
0,
0,
0,
0,
0,
0,
0,
0,
0,
0,
0,
0,
0,
0,
0,
0,
0,
0,
0,
0,
0,
0,
0,
0,
0,
0,
0,
0,
0,
0,
0,
0,
0,
0,
0,
0,
0,
0,
0,
0,
0,
0,
0,
0,
0,
0,
0,
0,
0,
0,
0,
0,
0,
0,
0,
0,
0,
0,
0,
0,
0,
0,
0,
0,
0,
0,
0,
0,
0,
0,
0,
0,
12678,
12678,
12711,
0,
0,
0,
0,
0,
0,
0,
0,
0,
0,
0,
0,
0,
0,
0,
0,
0,
0,
0,
0,
0,
0,
0,
0,
0,
0,
0,
0,
12678,
46418,
50644,
35822,
12678,
0,
0,
0,
0,
0,
0,
0,
0,
0,
0,
0,
0,
0,
0,
0,
0,
0,
0,
0,
0,
0,
0,
0,
0,
0,
0,
0,
12678,
48531,
21162,
46451,
12710,
0,
0,
0,
0,
0,
0,
0,
0,
0,
0,
0,
0,
0,
0,
0,
0,
0,
12678,
12678,
12678,
12678,
12678,
12678,
12711,
0,
0,
0,
12710,
40048,
50644,
12711,
0,
0,
0,
0,
0,
0,
12678,
12711,
0,
0,
0,
0,
0,
0,
0,
0,
0,
12645,
62314,
58185,
56105,
64394,
58185,
56105,
49799,
10597,
10597,
12678,
45670,
35822,
12711,
0,
0,
0,
0,
0,
12678,
12645,
58821,
12678,
12678,
0,
0,
0,
0,
0,
0,
0,
0,
0,
12678,
12678,
19049,
21130,
21130,
47719,
64394,
62313,
60233,
37416,
21097,
47719,
12711,
0,
0,
0,
12646,
12678,
49831,
60901,
63014,
65094,
12678,
0,
0,
0,
0,
0,
0,
0,
0,
0,
0,
0,
12678,
54831,
65496,
63383,
21162,
62346,
62314,
64394,
62314,
12711,
0,
0,
12678,
12678,
35336,
37416,
65126,
63014,
63046,
12711,
0,
0,
0,
0,
0,
0,
0,
0,
0,
0,
0,
12678,
48493,
65496,
59190,
19017,
64394,
58153,
56105,
49831,
58153,
56105,
12678,
12678,
57109,
21130,
33255,
45670,
49831,
56741,
58821,
48291,
12678,
0,
0,
0,
0,
0,
0,
0,
0,
0,
0,
12710,
61270,
65496,
21130,
60233,
64394,
35336,
47718,
65126,
60265,
19049,
21162,
50638,
47751,
64394,
35304,
37384,
49799,
35335,
48291,
12678,
12678,
0,
0,
0,
0,
0,
0,
0,
0,
0,
0,
12710,
63383,
21162,
64394,
47751,
37416,
47751,
21498,
12710,
63014,
21130,
54831,
63014,
63014,
49799,
62314,
37384,
12710,
48531,
12711,
0,
0,
0,
0,
0,
0,
0,
0,
0,
0,
0,
0,
0,
12645,
64394,
45670,
33255,
54799,
45670,
56741,
65094,
33255,
48526,
65496,
43590,
45638,
64394,
56105,
12678,
0,
10597,
12678,
0,
0,
0,
0,
0,
0,
0,
0,
0,
0,
0,
0,
12678,
62313,
49799,
37416,
63383,
37416,
62346,
62314,
64426,
40016,
63415,
65528,
63415,
52718,
49799,
47751,
37384,
12711,
0,
0,
0,
0,
0,
0,
0,
0,
0,
0,
0,
0,
0,
12710,
62346,
12678,
54831,
65496,
52718,
37416,
62346,
37384,
64426,
54799,
63447,
65528,
63415,
63447,
65528,
47751,
49799,
37384,
12678,
12678,
0,
0,
0,
0,
0,
0,
0,
0,
0,
0,
0,
12678,
12678,
0,
12710,
59222,
57077,
37384,
33255,
48493,
37416,
59157,
45638,
37384,
57109,
59157,
49799,
56105,
58185,
64394,
43590,
45670,
12678,
10597,
12710,
0,
0,
0,
0,
0,
0,
0,
0,
0,
0,
0,
0,
12710,
63415,
65528,
52751,
52718,
54831,
21130,
62346,
64394,
35336,
21130,
65528,
37384,
64394,
64394,
62313,
64394,
65126,
48291,
12678,
12711,
0,
0,
0,
0,
0,
0,
0,
0,
0,
0,
0,
0,
12678,
65528,
63383,
61302,
54831,
37935,
21129,
64394,
60265,
19049,
37416,
60265,
62314,
64394,
60265,
63014,
65126,
60902,
63046,
12711,
0,
0,
0,
0,
0,
0,
0,
0,
0,
0,
0,
0,
0,
12710,
59190,
57109,
65528,
59158,
35822,
49799,
56105,
35822,
21130,
19017,
19049,
64394,
56105,
58185,
63046,
56709,
12710,
0,
0,
0,
0,
0,
0,
0,
0,
0,
0,
0,
0,
0,
0,
0,
12710,
63415,
54831,
63447,
52719,
21130,
47751,
48563,
40048,
48531,
12678,
12678,
12678,
65094,
65126,
63014,
63046,
12711,
0,
0,
0,
0,
0,
0,
0,
0,
0,
0,
0,
0,
0,
0,
0,
12678,
65528,
37968,
63383,
54831,
19049,
37935,
50644,
19049,
12710,
0,
0,
12678,
50403,
60902,
12678,
12711,
0,
0,
0,
0,
0,
0,
0,
0,
0,
0,
0,
0,
0,
0,
0,
0,
12710,
59158,
35822,
54799,
10597,
12646,
50644,
19017,
46418,
12711,
0,
0,
12678,
10597,
12710,
0,
0,
0,
0,
0,
0,
0,
0,
0,
0,
0,
0,
0,
0,
0,
0,
0,
0,
12678,
12678,
12678,
0,
12678,
50676,
50644,
40016,
12711,
0,
0,
0,
0,
0,
0,
0,
0,
0,
0,
0,
0,
0,
0,
0,
0,
0,
0,
0,
0,
0,
0,
0,
0,
0,
0,
0,
0,
12678,
12646,
12710,
0,
0,
0,
0,
0,
0,
0,
0,
0,
0,
0,
0,
0,
0,
0,
0,
0,
0,
0,
0,
0,
0,
0,
0,
0,
0,
0,
0,
0,
0,
0,
0,
0,
0,
0,
0,
0,
0,
0,
0,
0,
0,
0,
0,
0,
0,
0,
0,
0,
0,
0,
0,
0,
0,
0,
0,
0,
0,
0,
0,
0,
0,
0,
0,
0,
0,
0,
0,
0,
0,
0,
0,
0,
0,
0,
0,
0,
0,
0,
0,
0,
0,
0,
0,
0,
0,
0,
0,
0,
0,
0,
0,
0,
0,
0,
0,
0,
0,
0,
0,
0,
0,
0,
0,
0,
0,
0,
0,
0,
0,
0,
0,
0,
0,
0,
0,
0,
0,
0,
0,
0,
0,
0,
0,
0,
0,
0,
0,
0,
0,
0,
0,
0,
0,
0,
0,
0,
0,
0,
0,
0,
0,
0,
0,
0,
0,
0,
0,
0,
0,
0,
0,
0,
0,
0,
0,
0,
0,
0,
0,
0,
0,
0,
0,
0,
0,
0,
0,
0,
0,
