2020
0,
0,
0,
0,
0,
0,
0,
0,
0,
0,
0,
0,
0,
0,
0,
0,
0,
0,
0,
0,
0,
0,
0,
0,
0,
0,
0,
0,
0,
0,
0,
0,
0,
0,
0,
0,
0,
0,
0,
0,
0,
0,
0,
0,
0,
0,
0,
0,
0,
0,
0,
0,
0,
0,
0,
0,
0,
0,
0,
0,
0,
0,
0,
0,
0,
0,
0,
0,
0,
0,
0,
0,
0,
0,
0,
0,
0,
0,
0,
0,
0,
0,
0,
0,
0,
0,
0,
0,
0,
0,
0,
0,
0,
0,
0,
0,
0,
0,
0,
0,
0,
0,
0,
0,
0,
0,
0,
0,
0,
0,
14790,
0,
0,
0,
0,
0,
14790,
14823,
0,
0,
0,
0,
0,
0,
0,
0,
0,
0,
0,
0,
0,
0,
0,
0,
0,
0,
0,
0,
0,
0,
0,
14790,
54024,
14790,
0,
0,
0,
14791,
23835,
14791,
0,
0,
0,
0,
0,
0,
0,
0,
0,
0,
0,
0,
0,
0,
0,
0,
0,
0,
0,
0,
0,
0,
14758,
12678,
54024,
12678,
0,
0,
14790,
23836,
19381,
23835,
14823,
0,
0,
0,
0,
0,
0,
0,
0,
0,
0,
0,
0,
0,
0,
0,
0,
0,
0,
0,
0,
14790,
54024,
21130,
54024,
12678,
0,
0,
12678,
58407,
23836,
21162,
14791,
0,
0,
0,
0,
0,
0,
0,
0,
0,
0,
0,
0,
0,
14758,
14790,
14790,
14790,
14790,
0,
0,
12678,
54024,
21130,
21130,
34399,
14790,
14790,
58375,
58407,
21130,
14791,
0,
0,
0,
0,
0,
0,
0,
0,
0,
0,
0,
0,
0,
14790,
25491,
31894,
31894,
31894,
31894,
14790,
14790,
12678,
21130,
56359,
34399,
34431,
21130,
19349,
58407,
19349,
14791,
0,
0,
14790,
14823,
0,
0,
0,
0,
0,
0,
0,
0,
0,
0,
12710,
31894,
21162,
21162,
21162,
21162,
31894,
31894,
21130,
21130,
23868,
34431,
34431,
34399,
21130,
19349,
12678,
0,
14758,
14791,
23835,
14791,
0,
0,
0,
0,
0,
0,
0,
0,
0,
0,
12678,
21162,
25491,
25491,
25491,
25491,
21162,
21162,
23836,
34399,
34431,
34431,
34431,
23868,
34399,
12678,
0,
14790,
51976,
19349,
23868,
19349,
14823,
0,
0,
0,
0,
0,
0,
0,
0,
0,
0,
12678,
12678,
25491,
25491,
25491,
25491,
23836,
34431,
34431,
23868,
19381,
34431,
34431,
34431,
12678,
0,
12678,
54056,
23868,
23868,
23836,
14791,
0,
0,
0,
0,
0,
0,
0,
0,
0,
0,
0,
0,
12678,
12678,
12678,
25491,
34431,
34431,
21162,
63455,
12678,
58407,
34431,
34431,
14791,
0,
12678,
19381,
23868,
23868,
23868,
14791,
0,
0,
0,
0,
0,
0,
0,
0,
0,
0,
0,
0,
0,
0,
0,
12678,
21162,
21162,
31894,
58407,
58375,
34399,
34431,
34431,
19349,
14790,
19349,
19349,
19381,
23836,
14791,
0,
0,
0,
0,
0,
0,
0,
0,
0,
0,
0,
0,
0,
0,
0,
14790,
21130,
31894,
31894,
21162,
34399,
34399,
34431,
34431,
19381,
44503,
44503,
44503,
19349,
19349,
14791,
0,
0,
0,
0,
0,
0,
0,
0,
0,
0,
0,
0,
0,
0,
14790,
14790,
31894,
31894,
21162,
21162,
34399,
34431,
34431,
54056,
54056,
21130,
31926,
44535,
44535,
44503,
21130,
12678,
14823,
0,
0,
0,
0,
0,
0,
0,
0,
0,
0,
0,
0,
14790,
31894,
31894,
21162,
21162,
25491,
21130,
34431,
34431,
54056,
58375,
62727,
21130,
34431,
31926,
44535,
44503,
21162,
34398,
14791,
0,
0,
0,
0,
0,
0,
0,
0,
0,
0,
0,
14791,
31894,
21162,
21162,
25491,
25491,
21130,
21130,
23868,
34431,
54024,
62759,
62759,
58375,
21162,
34431,
31926,
21162,
34399,
19349,
21130,
14823,
0,
0,
0,
0,
0,
0,
0,
0,
0,
0,
12678,
25491,
25491,
25491,
21130,
21130,
25491,
25491,
21162,
23868,
54024,
58407,
21162,
62759,
21130,
34431,
21162,
34399,
23868,
34431,
34398,
14791,
0,
0,
0,
0,
0,
0,
0,
0,
0,
0,
12678,
31894,
21130,
21130,
25491,
25491,
25491,
21130,
12678,
12678,
21130,
62759,
21130,
21162,
34399,
34431,
34398,
62759,
60711,
19349,
14791,
0,
0,
0,
0,
0,
0,
0,
0,
0,
0,
0,
0,
12678,
12678,
25491,
25491,
21130,
12678,
12678,
0,
0,
12678,
62759,
21130,
23836,
21163,
34399,
62759,
62759,
34431,
34399,
34398,
14823,
0,
0,
0,
0,
0,
0,
0,
0,
0,
0,
0,
0,
0,
12678,
12678,
12678,
0,
0,
0,
0,
0,
12678,
25491,
21162,
23836,
21162,
21162,
34431,
34399,
21162,
21162,
14791,
0,
0,
0,
0,
0,
0,
0,
0,
0,
0,
0,
0,
0,
0,
0,
0,
0,
0,
14790,
14790,
14790,
31894,
31894,
25491,
21162,
23836,
21130,
21162,
21162,
19349,
23836,
19349,
14823,
0,
0,
0,
0,
0,
0,
0,
0,
0,
0,
0,
0,
0,
0,
0,
14790,
14790,
31894,
31894,
31894,
25491,
25491,
21130,
23836,
23868,
23836,
19349,
58375,
58407,
23868,
23868,
23835,
14823,
0,
0,
0,
0,
0,
0,
0,
0,
0,
0,
0,
0,
0,
14790,
31894,
31894,
25491,
25491,
25491,
21130,
21130,
25491,
21162,
23868,
23868,
21130,
21162,
62727,
56360,
23836,
19349,
14791,
0,
0,
0,
0,
0,
0,
0,
0,
0,
0,
0,
0,
0,
12678,
25491,
25491,
25491,
21130,
21130,
25491,
25491,
25491,
21130,
25491,
21162,
21130,
25491,
12710,
23868,
23868,
23836,
14791,
0,
0,
0,
0,
0,
0,
0,
0,
0,
0,
0,
0,
0,
0,
12678,
21130,
21130,
25491,
25491,
25491,
25491,
21130,
25491,
25491,
21130,
25491,
14791,
0,
12711,
23836,
21162,
14791,
0,
0,
0,
0,
0,
0,
0,
0,
0,
0,
0,
0,
0,
0,
0,
12678,
12678,
12678,
21130,
25491,
21130,
25491,
25491,
25491,
12678,
12678,
0,
0,
0,
12678,
14791,
0,
0,
0,
0,
0,
0,
0,
0,
0,
0,
0,
0,
0,
0,
0,
0,
0,
0,
0,
12678,
12678,
12678,
12678,
12678,
12678,
0,
0,
0,
0,
0,
0,
0,
0,
0,
0,
0,
0,
0,
0,
0,
0,
0,
0,
0,
0,
0,
0,
0,
0,
0,
0,
0,
0,
0,
0,
0,
0,
0,
0,
0,
0,
0,
0,
0,
0,
0,
0,
0,
0,
0,
0,
0,
0,
0,
0,
0,
0,
0,
0,
0,
0,
0,
0,
0,
0,
0,
0,
0,
0,
0,
0,
0,
0,
0,
0,
0,
0,
0,
0,
0,
0,
0,
0,
0,
0,
0,
0,
0,
0,
0,
0,
0,
0,
0,
0,
0,
0,
0,
0,
0,
0,
0,
0,
0,
0,
0,
0,
0,
0,
0,
0,
0,
0,
