2020
0,
0,
0,
0,
0,
0,
0,
0,
0,
0,
0,
0,
0,
0,
0,
0,
0,
0,
0,
0,
0,
0,
0,
0,
0,
0,
0,
0,
0,
0,
0,
0,
0,
0,
0,
0,
0,
0,
0,
0,
0,
0,
0,
0,
0,
0,
0,
0,
0,
0,
0,
0,
0,
0,
0,
0,
0,
0,
0,
0,
0,
0,
0,
0,
0,
0,
0,
0,
0,
0,
0,
0,
0,
0,
0,
0,
0,
0,
0,
0,
0,
0,
0,
0,
0,
0,
0,
0,
0,
0,
0,
0,
0,
0,
0,
0,
0,
0,
0,
0,
0,
0,
0,
0,
0,
0,
0,
0,
0,
0,
0,
0,
0,
0,
0,
0,
0,
0,
0,
0,
0,
0,
0,
0,
0,
0,
0,
0,
0,
0,
0,
0,
0,
0,
14791,
14791,
14823,
0,
0,
0,
0,
0,
0,
0,
0,
0,
0,
0,
0,
0,
0,
0,
0,
0,
0,
0,
0,
0,
0,
0,
0,
0,
0,
0,
0,
12710,
30252,
34509,
21707,
12743,
0,
0,
12710,
14791,
12711,
0,
0,
0,
0,
0,
0,
0,
0,
0,
0,
0,
0,
0,
0,
0,
0,
0,
0,
0,
0,
0,
14791,
23820,
38609,
42866,
30284,
21739,
14791,
14758,
50540,
65535,
59091,
14791,
0,
0,
0,
0,
12678,
14791,
0,
0,
14759,
14823,
0,
0,
0,
0,
0,
0,
0,
0,
0,
0,
14791,
42866,
42866,
42866,
34509,
34509,
25323,
61137,
65535,
65461,
52652,
14823,
0,
0,
0,
14791,
64203,
64203,
14791,
14791,
64203,
14823,
0,
0,
0,
0,
0,
0,
0,
0,
0,
12678,
23916,
38576,
38576,
34509,
30220,
30252,
23275,
54831,
61203,
65429,
12711,
0,
0,
0,
12710,
14791,
45512,
21162,
19434,
21707,
49641,
14791,
0,
0,
0,
0,
0,
0,
0,
0,
0,
12710,
34509,
30317,
30284,
34509,
30284,
30284,
23884,
23210,
56976,
65461,
39944,
14791,
0,
12710,
63348,
65429,
21162,
23884,
19434,
21707,
23243,
14823,
0,
0,
0,
0,
0,
0,
0,
0,
0,
14791,
34509,
32461,
32461,
34509,
32461,
32461,
32461,
14791,
65535,
14791,
59056,
14791,
14791,
44169,
65461,
65461,
23243,
23916,
23916,
14759,
14823,
0,
0,
0,
0,
0,
0,
0,
0,
0,
0,
12710,
34509,
30252,
30252,
34509,
30220,
30252,
23884,
12678,
12710,
23275,
54799,
56911,
65429,
59091,
61236,
23243,
21130,
19402,
23852,
12711,
0,
0,
0,
0,
0,
0,
0,
0,
0,
0,
0,
12710,
23916,
32397,
32397,
34509,
32365,
23852,
19466,
23243,
52620,
61137,
56911,
59056,
65461,
61203,
65429,
65461,
61203,
23243,
23243,
17321,
14823,
0,
0,
0,
0,
0,
0,
0,
0,
0,
0,
0,
14791,
32461,
32461,
34509,
23884,
51721,
64822,
49673,
25323,
61137,
61136,
54700,
61137,
52620,
44201,
65461,
65397,
64203,
64203,
23243,
14823,
0,
0,
0,
0,
0,
0,
0,
0,
0,
0,
0,
14791,
21739,
30252,
34509,
17289,
58026,
14791,
57994,
21162,
52652,
12678,
14758,
52652,
54799,
50540,
23243,
21130,
60074,
23243,
17289,
14759,
14791,
0,
0,
0,
0,
0,
0,
0,
0,
0,
0,
0,
14791,
23852,
23916,
17353,
47593,
64203,
47593,
19402,
14823,
0,
14791,
44169,
56911,
59056,
23275,
17321,
19466,
32461,
30284,
23884,
23243,
12678,
14823,
0,
0,
0,
0,
0,
0,
0,
0,
0,
0,
14791,
23916,
23884,
19434,
23243,
23243,
14823,
0,
0,
0,
14791,
61137,
65429,
23275,
23884,
23916,
34509,
32429,
23916,
51721,
62155,
14823,
0,
0,
0,
0,
0,
0,
0,
0,
0,
0,
0,
14791,
12678,
21707,
23916,
21707,
12743,
0,
0,
0,
0,
12678,
12710,
23243,
21130,
19401,
23852,
21707,
23243,
23211,
12711,
0,
0,
0,
0,
0,
0,
0,
0,
0,
0,
0,
0,
0,
0,
12710,
14791,
14791,
0,
0,
0,
0,
0,
0,
0,
14791,
48459,
23243,
23243,
12678,
14791,
49673,
60074,
14823,
0,
0,
0,
0,
0,
0,
0,
0,
0,
0,
0,
0,
0,
0,
0,
0,
0,
0,
0,
0,
0,
0,
0,
14791,
59024,
52652,
14823,
0,
0,
14791,
12710,
14823,
0,
0,
0,
0,
0,
0,
0,
0,
0,
0,
0,
0,
0,
0,
0,
12678,
12743,
0,
0,
0,
0,
0,
14791,
65429,
54799,
50507,
14791,
0,
0,
0,
0,
0,
0,
0,
0,
0,
0,
0,
0,
0,
0,
0,
0,
0,
0,
0,
14791,
21771,
19402,
14791,
14791,
0,
0,
14758,
65429,
65461,
48459,
14823,
0,
0,
0,
0,
0,
0,
0,
0,
0,
0,
0,
0,
0,
0,
0,
0,
0,
0,
0,
0,
14791,
23243,
23275,
42866,
32397,
14759,
14791,
63348,
65461,
52652,
14791,
0,
0,
0,
0,
0,
0,
0,
0,
0,
0,
0,
0,
0,
0,
0,
0,
0,
0,
0,
0,
12678,
61137,
52751,
21162,
32461,
30220,
21162,
65429,
57011,
12710,
14823,
0,
0,
0,
0,
0,
0,
0,
0,
0,
0,
0,
0,
0,
0,
0,
0,
0,
0,
0,
0,
0,
0,
14791,
14791,
23884,
19434,
12710,
14759,
14791,
14791,
0,
0,
0,
0,
0,
0,
0,
0,
0,
0,
0,
0,
0,
0,
0,
0,
0,
0,
0,
0,
0,
0,
0,
0,
0,
14791,
32461,
23916,
14791,
0,
0,
0,
0,
0,
0,
0,
0,
0,
0,
0,
0,
0,
0,
0,
0,
0,
0,
0,
0,
0,
0,
0,
0,
0,
0,
0,
0,
0,
12678,
14823,
0,
0,
0,
0,
0,
0,
0,
0,
0,
0,
0,
0,
0,
0,
0,
0,
0,
0,
0,
0,
0,
0,
0,
0,
0,
0,
0,
0,
0,
0,
0,
0,
0,
0,
0,
0,
0,
0,
0,
0,
0,
0,
0,
0,
0,
0,
0,
0,
0,
0,
0,
0,
0,
0,
0,
0,
0,
0,
0,
0,
0,
0,
0,
0,
0,
0,
0,
0,
0,
0,
0,
0,
0,
0,
0,
0,
0,
0,
0,
0,
0,
0,
0,
0,
0,
0,
0,
0,
0,
0,
0,
0,
0,
0,
0,
0,
0,
0,
0,
0,
0,
0,
0,
0,
0,
0,
0,
0,
0,
0,
0,
0,
0,
0,
0,
0,
0,
0,
0,
0,
0,
0,
0,
0,
0,
0,
0,
0,
0,
0,
0,
0,
0,
0,
0,
0,
0,
0,
0,
0,
0,
0,
0,
0,
0,
0,
0,
0,
0,
0,
0,
0,
0,
0,
0,
0,
0,
0,
0,
0,
0,
0,
0,
0,
0,
0,
0,
0,
0,
0,
0,
0,
0,
0,
0,
0,
0,
0,
