2020
0,
0,
0,
0,
0,
0,
0,
0,
0,
0,
0,
0,
0,
0,
0,
0,
0,
0,
0,
0,
0,
0,
0,
0,
0,
0,
0,
0,
0,
0,
0,
0,
0,
0,
0,
0,
0,
0,
0,
0,
0,
0,
0,
0,
0,
0,
0,
0,
0,
0,
0,
0,
0,
0,
0,
0,
0,
0,
0,
0,
0,
0,
0,
0,
0,
0,
0,
0,
0,
0,
0,
0,
0,
0,
0,
0,
0,
0,
0,
14790,
14790,
14790,
0,
0,
0,
0,
0,
0,
0,
0,
0,
0,
0,
0,
0,
0,
0,
0,
0,
0,
0,
0,
0,
0,
0,
0,
0,
0,
0,
0,
14790,
65173,
65173,
50513,
14790,
0,
0,
0,
0,
0,
0,
0,
0,
0,
0,
0,
0,
0,
0,
0,
0,
0,
0,
0,
0,
0,
0,
0,
0,
14790,
14790,
14790,
39949,
21162,
50545,
21162,
12678,
14790,
0,
0,
0,
0,
0,
0,
0,
0,
0,
0,
0,
0,
0,
0,
0,
0,
0,
0,
0,
0,
0,
0,
14790,
35660,
35660,
35660,
21130,
44046,
21162,
44046,
21130,
44046,
14790,
0,
0,
0,
0,
0,
0,
0,
0,
0,
0,
0,
0,
0,
0,
0,
0,
0,
0,
0,
0,
14790,
35660,
35660,
21130,
21130,
21130,
44078,
44046,
44078,
44046,
35660,
12678,
0,
0,
0,
0,
0,
0,
0,
0,
0,
0,
0,
0,
0,
0,
0,
0,
0,
0,
0,
0,
12678,
21130,
21130,
54611,
21130,
50513,
21130,
44078,
44078,
35660,
35660,
35660,
14790,
0,
0,
0,
0,
0,
0,
0,
0,
0,
0,
0,
0,
0,
0,
0,
0,
0,
0,
14790,
21130,
54611,
54611,
44078,
50513,
65205,
65173,
21130,
21130,
21130,
21130,
35660,
12678,
0,
0,
0,
0,
0,
0,
0,
0,
0,
0,
0,
0,
0,
0,
0,
0,
0,
14790,
44046,
54611,
54643,
44078,
50513,
65205,
29614,
29614,
21130,
50513,
65173,
50513,
21130,
12678,
0,
0,
0,
0,
0,
0,
0,
0,
0,
0,
0,
0,
0,
0,
0,
0,
14790,
54611,
54611,
54643,
54643,
54611,
44078,
65205,
65173,
21130,
29582,
65205,
29614,
65205,
65173,
50513,
14790,
0,
0,
0,
0,
0,
0,
0,
0,
0,
0,
0,
0,
0,
0,
14790,
54611,
54643,
54643,
54643,
54643,
44078,
65173,
39981,
21162,
21130,
65503,
29614,
65503,
29614,
50545,
65205,
50513,
14758,
0,
0,
0,
0,
0,
0,
0,
0,
0,
0,
0,
0,
0,
12678,
54643,
54643,
54643,
54643,
54643,
29582,
65205,
21130,
65503,
65503,
48697,
65503,
65535,
29582,
29582,
29614,
50545,
12678,
0,
0,
0,
0,
0,
0,
0,
0,
0,
0,
0,
0,
0,
12678,
44078,
54643,
54643,
54643,
44078,
44046,
21162,
21130,
29614,
29614,
48697,
65535,
48697,
65503,
65503,
29582,
50545,
50513,
14790,
0,
0,
0,
0,
0,
0,
0,
0,
0,
0,
0,
0,
0,
12678,
44078,
44078,
44078,
44078,
21130,
65503,
39949,
65173,
65173,
29614,
29614,
65535,
65535,
65535,
48665,
29582,
50545,
12678,
0,
0,
0,
0,
0,
0,
0,
0,
0,
0,
0,
0,
0,
0,
12678,
44078,
21130,
21130,
35660,
43696,
43664,
65205,
65205,
65173,
50513,
29614,
65535,
65535,
65535,
65503,
29582,
50513,
14790,
0,
0,
0,
0,
0,
0,
0,
0,
0,
0,
0,
0,
0,
0,
12678,
39949,
65503,
12678,
60307,
21130,
43664,
65205,
65205,
65205,
29582,
48697,
65535,
65535,
29582,
50513,
50545,
12678,
0,
0,
0,
0,
0,
0,
0,
0,
0,
0,
0,
0,
0,
14790,
50513,
65173,
39981,
65503,
60307,
60307,
60307,
43696,
65205,
65205,
50513,
29614,
65535,
65535,
65503,
29582,
50545,
12678,
0,
0,
0,
0,
0,
0,
0,
0,
0,
0,
0,
0,
0,
12678,
50545,
65205,
65173,
39981,
43664,
60307,
21130,
43664,
65205,
65205,
65205,
29582,
48697,
65535,
29614,
50513,
50545,
12678,
0,
0,
0,
0,
0,
0,
0,
0,
0,
0,
0,
0,
14790,
65173,
65205,
50545,
50545,
35660,
43664,
60307,
60307,
43664,
39981,
65205,
65205,
29582,
48697,
48697,
29582,
50545,
21162,
12678,
0,
0,
0,
0,
0,
0,
0,
0,
0,
0,
0,
0,
12678,
65205,
50545,
65205,
65205,
35660,
65503,
12678,
43664,
50513,
65535,
39981,
50545,
29582,
48697,
48697,
65503,
21162,
21130,
35660,
14790,
0,
0,
0,
0,
0,
0,
0,
0,
0,
0,
0,
12678,
50545,
65205,
65205,
50545,
65173,
39981,
65503,
35660,
50545,
50545,
50513,
29582,
29582,
21162,
65535,
29582,
35660,
35660,
35660,
12678,
0,
0,
0,
0,
0,
0,
0,
0,
0,
0,
0,
12678,
50545,
65205,
65205,
50545,
65205,
65173,
35692,
35660,
39981,
50545,
21162,
65173,
21130,
54611,
21162,
21130,
35660,
35660,
35660,
12678,
0,
0,
0,
0,
0,
0,
0,
0,
0,
0,
14758,
29582,
65535,
50545,
65205,
65205,
50545,
65205,
65173,
39949,
48665,
21162,
65173,
29614,
54611,
54643,
44046,
44046,
21130,
21130,
35660,
12678,
0,
0,
0,
0,
0,
0,
0,
0,
0,
14758,
65503,
65503,
29614,
65535,
39981,
50545,
65205,
50545,
50545,
39981,
48697,
21130,
65205,
65173,
29582,
54643,
54611,
44078,
44046,
44046,
35660,
35660,
14790,
0,
0,
0,
0,
0,
0,
0,
14758,
65503,
65535,
29614,
48665,
48697,
65535,
65535,
39981,
39981,
39981,
48665,
48697,
21130,
65205,
29614,
54611,
54643,
54643,
54611,
44078,
44078,
44046,
35660,
12678,
0,
0,
0,
0,
0,
0,
0,
0,
12710,
12710,
48665,
65535,
12710,
12710,
48697,
65535,
65535,
48665,
48697,
21162,
65173,
65205,
50513,
29582,
54643,
54643,
54643,
44078,
44078,
44078,
44046,
12678,
0,
0,
0,
0,
0,
0,
0,
0,
0,
12678,
65535,
65535,
12678,
0,
12710,
12710,
12710,
12710,
12710,
65173,
65205,
12710,
12678,
54611,
12678,
54643,
44078,
44078,
44078,
44078,
44078,
12678,
0,
0,
0,
0,
0,
0,
0,
0,
0,
12678,
65535,
12710,
0,
0,
0,
0,
0,
0,
0,
12710,
12710,
0,
12678,
12678,
0,
12678,
12678,
44078,
44078,
44078,
12678,
0,
0,
0,
0,
0,
0,
0,
0,
0,
0,
0,
12710,
0,
0,
0,
0,
0,
0,
0,
0,
0,
0,
0,
0,
0,
0,
0,
0,
12678,
12678,
12678,
0,
0,
0,
0,
0,
0,
0,
0,
0,
0,
0,
0,
0,
0,
0,
0,
0,
0,
0,
0,
0,
0,
0,
0,
0,
0,
0,
0,
0,
0,
0,
0,
0,
0,
0,
0,
0,
0,
0,
0,
0,
0,
0,
0,
0,
0,
0,
0,
0,
0,
0,
0,
0,
0,
0,
0,
0,
0,
0,
0,
0,
0,
0,
0,
0,
0,
0,
0,
0,
0,
