2020
0,
0,
0,
0,
0,
0,
0,
0,
0,
0,
0,
0,
0,
0,
0,
0,
0,
0,
0,
0,
0,
0,
0,
0,
0,
0,
0,
0,
0,
0,
0,
0,
0,
0,
0,
0,
0,
0,
0,
0,
0,
0,
0,
0,
0,
0,
0,
0,
0,
0,
0,
0,
0,
0,
0,
0,
0,
0,
0,
0,
0,
0,
0,
0,
0,
0,
0,
0,
0,
0,
0,
0,
0,
0,
0,
0,
0,
0,
0,
0,
0,
0,
0,
0,
0,
0,
0,
0,
0,
0,
0,
0,
0,
0,
0,
0,
0,
0,
0,
0,
0,
0,
0,
0,
0,
0,
0,
0,
0,
0,
0,
0,
0,
0,
0,
0,
0,
0,
0,
0,
0,
0,
0,
0,
0,
0,
0,
0,
0,
0,
0,
0,
0,
0,
0,
0,
0,
0,
0,
14791,
14791,
0,
0,
0,
0,
0,
0,
0,
0,
0,
0,
0,
0,
0,
0,
0,
0,
0,
0,
0,
0,
0,
0,
0,
0,
0,
0,
0,
0,
0,
14791,
64654,
64654,
14823,
0,
0,
0,
14791,
14823,
0,
0,
0,
0,
0,
0,
0,
0,
0,
0,
0,
0,
0,
0,
0,
0,
0,
0,
0,
0,
0,
14759,
12678,
21162,
58218,
58413,
58381,
14791,
0,
12710,
52519,
46214,
12678,
14823,
0,
0,
0,
0,
0,
0,
0,
0,
0,
0,
0,
0,
0,
0,
0,
0,
0,
0,
14758,
64654,
62574,
60493,
64654,
62574,
23211,
14791,
14758,
50406,
52519,
23242,
65258,
65290,
12678,
14791,
0,
0,
0,
0,
0,
0,
0,
0,
0,
0,
0,
0,
0,
0,
0,
0,
14791,
64654,
64654,
64654,
58218,
23275,
65463,
65463,
58995,
23243,
23243,
65290,
54567,
65290,
23243,
58218,
14823,
0,
0,
0,
0,
0,
0,
0,
0,
0,
0,
0,
0,
0,
0,
0,
12678,
23243,
21162,
21130,
25323,
65269,
65237,
65463,
65237,
58381,
64654,
21162,
65129,
65290,
63049,
21162,
56170,
12711,
0,
0,
0,
0,
0,
0,
0,
0,
0,
0,
0,
0,
0,
14791,
27380,
27445,
27412,
27380,
23243,
23243,
58930,
65463,
65334,
58930,
64654,
60493,
23243,
54567,
65161,
23243,
56170,
14791,
0,
0,
0,
0,
0,
0,
0,
0,
0,
0,
0,
0,
0,
14791,
23243,
65463,
65431,
65399,
65463,
27412,
23275,
65463,
65399,
65399,
64654,
56138,
23275,
65322,
65226,
23243,
14823,
0,
0,
0,
0,
0,
0,
0,
0,
0,
0,
0,
0,
0,
0,
14758,
65237,
65431,
65269,
63189,
27445,
25299,
21162,
61075,
65237,
65237,
56170,
21162,
50342,
65290,
21130,
25299,
14823,
0,
0,
0,
0,
0,
0,
0,
0,
0,
0,
0,
0,
0,
0,
14791,
65334,
65463,
56882,
21163,
27445,
23243,
56882,
25323,
65334,
65366,
61075,
23242,
50407,
23275,
27379,
12710,
0,
0,
0,
0,
0,
0,
0,
0,
0,
0,
0,
0,
0,
0,
14791,
65431,
65399,
65463,
23243,
27412,
27445,
14791,
58995,
25323,
65399,
65431,
61075,
23243,
52519,
65322,
65226,
23243,
14823,
0,
0,
0,
0,
0,
0,
0,
0,
0,
0,
0,
0,
0,
14791,
65302,
65237,
58995,
21162,
25299,
25324,
65503,
54737,
25323,
65237,
65237,
23275,
48262,
48294,
54567,
63049,
65129,
14823,
0,
0,
0,
0,
0,
0,
0,
0,
0,
0,
0,
0,
14791,
65463,
65431,
65366,
23275,
27413,
27412,
25323,
58995,
46251,
25323,
65399,
65399,
23243,
52454,
52519,
65322,
65226,
65290,
27445,
14791,
0,
0,
0,
0,
0,
0,
0,
0,
0,
0,
0,
14791,
65463,
65431,
58962,
23275,
27412,
23243,
46315,
58995,
23243,
61075,
65399,
58995,
23243,
52454,
52487,
54567,
65226,
65290,
27445,
12710,
0,
0,
0,
0,
0,
0,
0,
0,
0,
0,
0,
12710,
65431,
54801,
21162,
27413,
25299,
21162,
65463,
54737,
21162,
61075,
54737,
21130,
23243,
21162,
65129,
65290,
25299,
25299,
27412,
12711,
0,
0,
0,
0,
0,
0,
0,
0,
0,
0,
0,
0,
14791,
14759,
14759,
27445,
27445,
65398,
46315,
58995,
23243,
61075,
23243,
62574,
64654,
56138,
23275,
65322,
65226,
27413,
27445,
23211,
14823,
0,
0,
0,
0,
0,
0,
0,
0,
0,
0,
0,
0,
0,
0,
14791,
14791,
65334,
61075,
23243,
58930,
61075,
21162,
62574,
64654,
60494,
62574,
25323,
65193,
65258,
27445,
23210,
56170,
14823,
0,
0,
0,
0,
0,
0,
0,
0,
0,
0,
0,
0,
0,
0,
0,
12678,
14791,
12710,
54737,
46283,
21130,
21162,
64654,
58381,
58413,
23275,
63049,
65129,
27412,
21130,
54089,
14823,
0,
0,
0,
0,
0,
0,
0,
0,
0,
0,
0,
0,
0,
0,
0,
0,
0,
0,
14791,
25323,
62574,
62574,
64654,
62574,
62606,
25323,
65226,
65290,
23275,
54090,
14823,
0,
0,
0,
0,
0,
0,
0,
0,
0,
0,
0,
0,
0,
0,
0,
0,
0,
0,
14791,
62574,
64654,
60494,
62574,
64654,
60494,
56138,
23275,
27380,
27412,
14791,
14791,
0,
0,
0,
0,
0,
0,
0,
0,
0,
0,
0,
0,
0,
0,
0,
0,
0,
0,
0,
12710,
58381,
64654,
51977,
21162,
64654,
56333,
21162,
27413,
25299,
12678,
0,
0,
0,
0,
0,
0,
0,
0,
0,
0,
0,
0,
0,
0,
0,
0,
0,
0,
0,
0,
0,
0,
14759,
14791,
23243,
64654,
64654,
23243,
14791,
14791,
14823,
0,
0,
0,
0,
0,
0,
0,
0,
0,
0,
0,
0,
0,
0,
0,
0,
0,
0,
0,
0,
0,
0,
0,
0,
0,
12710,
62574,
64654,
14791,
0,
0,
0,
0,
0,
0,
0,
0,
0,
0,
0,
0,
0,
0,
0,
0,
0,
0,
0,
0,
0,
0,
0,
0,
0,
0,
0,
0,
0,
12678,
14823,
0,
0,
0,
0,
0,
0,
0,
0,
0,
0,
0,
0,
0,
0,
0,
0,
0,
0,
0,
0,
0,
0,
0,
0,
0,
0,
0,
0,
0,
0,
0,
0,
0,
0,
0,
0,
0,
0,
0,
0,
0,
0,
0,
0,
0,
0,
0,
0,
0,
0,
0,
0,
0,
0,
0,
0,
0,
0,
0,
0,
0,
0,
0,
0,
0,
0,
0,
0,
0,
0,
0,
0,
0,
0,
0,
0,
0,
0,
0,
0,
0,
0,
0,
0,
0,
0,
0,
0,
0,
0,
0,
0,
0,
0,
0,
0,
0,
0,
0,
0,
0,
0,
0,
0,
0,
0,
0,
0,
0,
0,
0,
0,
0,
0,
0,
0,
0,
0,
0,
0,
0,
0,
0,
0,
0,
0,
0,
0,
0,
0,
0,
0,
0,
0,
0,
0,
0,
0,
0,
0,
0,
0,
