2020
0,
0,
0,
0,
0,
0,
0,
0,
0,
0,
0,
0,
0,
0,
0,
0,
0,
0,
0,
0,
0,
0,
0,
0,
0,
0,
0,
0,
0,
0,
0,
0,
0,
0,
0,
0,
0,
0,
0,
0,
0,
0,
0,
0,
0,
0,
0,
0,
0,
0,
0,
0,
0,
0,
0,
0,
0,
0,
0,
0,
0,
0,
0,
0,
0,
0,
0,
0,
0,
0,
0,
0,
0,
0,
0,
0,
0,
0,
0,
12711,
0,
0,
0,
0,
0,
0,
0,
0,
0,
0,
0,
0,
0,
0,
0,
0,
0,
0,
0,
0,
0,
0,
0,
0,
0,
0,
0,
0,
0,
0,
12710,
56171,
12710,
0,
0,
0,
0,
0,
0,
0,
0,
0,
0,
0,
0,
0,
0,
0,
0,
0,
0,
0,
0,
0,
0,
0,
0,
0,
0,
0,
0,
0,
12710,
58252,
12710,
12710,
12710,
14791,
0,
0,
12710,
14791,
0,
0,
0,
0,
0,
0,
0,
0,
0,
0,
0,
0,
0,
0,
0,
0,
0,
0,
0,
12678,
12678,
14759,
52010,
52043,
23243,
52043,
63454,
65535,
12678,
12710,
54968,
19049,
12743,
0,
0,
0,
0,
0,
0,
0,
0,
0,
0,
0,
0,
0,
0,
0,
0,
0,
0,
14758,
56204,
58284,
21162,
23243,
64684,
64651,
64684,
57081,
54968,
57049,
57081,
52887,
14791,
0,
0,
0,
0,
0,
0,
0,
0,
0,
0,
0,
0,
0,
0,
0,
0,
0,
12710,
12710,
21162,
23243,
56203,
23243,
64684,
64651,
64684,
58284,
54968,
57049,
57081,
54968,
42290,
14791,
0,
0,
0,
0,
0,
0,
0,
0,
0,
0,
0,
0,
0,
0,
0,
0,
14791,
60458,
60458,
58252,
21130,
62539,
64684,
60458,
62539,
55000,
50710,
52855,
55000,
50710,
29613,
12743,
0,
0,
0,
0,
0,
0,
0,
0,
0,
0,
0,
0,
0,
0,
0,
0,
0,
14758,
64652,
64684,
64651,
64684,
64684,
64651,
58252,
42290,
42258,
57049,
57049,
21162,
42290,
14791,
0,
0,
0,
0,
0,
0,
0,
0,
0,
0,
0,
0,
0,
0,
0,
0,
12710,
12710,
21162,
23243,
21162,
64651,
64684,
62571,
64651,
64716,
65503,
42290,
57081,
40177,
42290,
14791,
0,
0,
0,
0,
0,
0,
0,
0,
0,
0,
0,
0,
0,
0,
12678,
12678,
14791,
38064,
21130,
64684,
60458,
62539,
64684,
60458,
52043,
14791,
63390,
65535,
42290,
38064,
40177,
12743,
0,
0,
0,
0,
0,
0,
0,
0,
0,
0,
0,
0,
0,
12710,
31694,
54968,
42322,
42258,
42258,
23243,
23210,
64684,
64684,
64651,
64684,
65535,
65535,
42290,
42290,
40209,
14791,
0,
0,
0,
0,
0,
0,
0,
0,
0,
0,
0,
0,
0,
0,
14791,
54936,
21162,
57081,
29613,
29613,
31726,
62571,
23210,
64684,
21162,
56203,
23243,
21162,
42290,
42290,
21130,
23243,
14791,
0,
0,
0,
0,
0,
0,
0,
0,
0,
0,
0,
0,
0,
14791,
50742,
21130,
57049,
27501,
27501,
31694,
27501,
21130,
64684,
58410,
21130,
56204,
52010,
21162,
23243,
52010,
54123,
21162,
12710,
0,
0,
0,
0,
0,
0,
0,
0,
0,
0,
0,
0,
14791,
57048,
23243,
57081,
31694,
31694,
31726,
64684,
23243,
58284,
64684,
23243,
58284,
58252,
58284,
58284,
58252,
64684,
58284,
14791,
0,
0,
0,
0,
0,
0,
0,
0,
0,
0,
0,
0,
12710,
29613,
54936,
42322,
40177,
42258,
31726,
62571,
64651,
23243,
62571,
23210,
58284,
54123,
58252,
58284,
62571,
64684,
23243,
12711,
0,
0,
0,
0,
0,
0,
0,
0,
0,
0,
0,
0,
0,
12678,
21130,
23243,
38064,
38065,
64684,
60458,
62539,
64684,
21130,
21130,
56204,
52010,
54123,
58252,
60458,
62571,
56171,
12710,
0,
0,
0,
0,
0,
0,
0,
0,
0,
0,
0,
12710,
14791,
42290,
42290,
42322,
23243,
64684,
64684,
64684,
64684,
64684,
64684,
64684,
64684,
58252,
58284,
58284,
56204,
58284,
58284,
14791,
0,
0,
0,
0,
0,
0,
0,
0,
0,
0,
12710,
29613,
57081,
40177,
40177,
42322,
29581,
21130,
64684,
62539,
64652,
21919,
19742,
19807,
21919,
52043,
56203,
23243,
21130,
56203,
21162,
12711,
0,
0,
0,
0,
0,
0,
0,
0,
0,
0,
12710,
50710,
23243,
50742,
27501,
31726,
27501,
60491,
64684,
60491,
19742,
64684,
60458,
62539,
64684,
19709,
54123,
56204,
12678,
12678,
14791,
0,
0,
0,
0,
0,
0,
0,
0,
0,
0,
0,
14791,
57048,
23243,
57048,
31694,
31726,
31694,
31726,
64684,
64684,
64684,
21919,
21887,
21919,
21919,
58252,
58284,
14791,
0,
0,
0,
0,
0,
0,
0,
0,
0,
0,
0,
0,
0,
0,
12710,
52823,
23243,
52855,
29613,
31726,
29581,
62571,
64684,
19743,
19807,
46391,
42197,
44309,
58252,
52043,
56203,
14791,
0,
0,
0,
0,
0,
0,
0,
0,
0,
0,
0,
0,
0,
0,
12678,
27501,
57081,
38097,
38065,
42290,
29549,
60491,
21919,
60458,
62539,
64684,
60458,
60491,
21887,
52010,
21162,
56204,
12710,
0,
0,
0,
0,
0,
0,
0,
0,
0,
0,
0,
0,
0,
0,
12710,
14791,
42290,
42290,
44370,
64684,
64684,
46423,
21919,
21919,
46423,
44375,
21919,
58284,
23243,
58284,
58284,
14791,
0,
0,
0,
0,
0,
0,
0,
0,
0,
0,
0,
0,
0,
0,
0,
0,
12678,
12678,
64684,
62539,
19775,
64684,
62539,
64651,
64684,
19742,
56171,
58252,
52043,
56203,
23243,
12711,
0,
0,
0,
0,
0,
0,
0,
0,
0,
0,
0,
0,
0,
0,
0,
0,
0,
0,
14791,
60491,
60491,
21919,
19742,
19775,
21919,
52010,
54091,
58252,
52010,
56171,
56204,
12710,
0,
0,
0,
0,
0,
0,
0,
0,
0,
0,
0,
0,
0,
0,
0,
0,
0,
0,
0,
12710,
14791,
64684,
58284,
58284,
58284,
12710,
14791,
31726,
58252,
58284,
14791,
0,
0,
0,
0,
0,
0,
0,
0,
0,
0,
0,
0,
0,
0,
0,
0,
0,
0,
0,
0,
0,
0,
12710,
12678,
12710,
14791,
0,
0,
12710,
12678,
14791,
0,
0,
0,
0,
0,
0,
0,
0,
0,
0,
0,
0,
0,
0,
0,
0,
0,
0,
0,
0,
0,
0,
0,
0,
0,
0,
0,
0,
0,
0,
0,
0,
0,
0,
0,
0,
0,
0,
0,
0,
0,
0,
0,
0,
0,
0,
0,
0,
0,
0,
0,
0,
0,
0,
0,
0,
0,
0,
0,
0,
0,
0,
0,
0,
0,
0,
0,
0,
0,
0,
0,
0,
0,
0,
0,
0,
0,
0,
0,
0,
0,
0,
0,
0,
0,
0,
0,
0,
0,
0,
0,
0,
0,
0,
0,
0,
0,
0,
0,
0,
0,
0,
0,
0,
0,
0,
