2020
0,
0,
0,
0,
0,
0,
0,
0,
0,
0,
0,
0,
0,
0,
0,
0,
0,
0,
0,
0,
0,
0,
0,
0,
0,
0,
0,
0,
0,
0,
0,
0,
0,
0,
0,
0,
0,
0,
0,
0,
0,
0,
0,
0,
0,
0,
0,
0,
0,
0,
0,
0,
0,
0,
0,
0,
0,
0,
0,
0,
0,
0,
0,
0,
0,
0,
0,
0,
0,
0,
0,
0,
0,
0,
0,
0,
0,
0,
0,
0,
0,
0,
0,
0,
0,
0,
0,
0,
0,
0,
0,
0,
0,
0,
0,
0,
0,
0,
0,
0,
0,
0,
0,
0,
0,
0,
0,
0,
0,
0,
0,
0,
0,
0,
0,
0,
0,
0,
0,
0,
0,
0,
0,
0,
0,
0,
0,
0,
0,
0,
0,
0,
0,
0,
0,
0,
0,
0,
0,
0,
0,
14759,
12710,
12710,
0,
0,
0,
0,
0,
0,
0,
0,
0,
0,
0,
0,
0,
0,
0,
0,
0,
0,
0,
0,
0,
0,
0,
0,
0,
0,
0,
0,
14791,
23243,
49801,
49801,
14823,
0,
14823,
0,
0,
0,
0,
0,
0,
0,
0,
0,
0,
0,
0,
0,
0,
0,
0,
0,
0,
0,
0,
0,
0,
0,
0,
0,
12678,
49801,
45640,
21162,
14759,
12678,
50543,
14823,
0,
0,
0,
0,
0,
0,
0,
0,
0,
0,
0,
0,
0,
0,
0,
0,
0,
0,
0,
0,
0,
0,
0,
14758,
47721,
49833,
62249,
47753,
23243,
21162,
52656,
14823,
0,
0,
14759,
12678,
14823,
0,
0,
0,
0,
0,
0,
0,
0,
0,
0,
0,
0,
0,
0,
0,
0,
0,
0,
14759,
49801,
49801,
49801,
23243,
23275,
54736,
54768,
14823,
0,
14791,
49833,
64330,
14823,
0,
0,
0,
0,
0,
0,
0,
0,
0,
0,
0,
0,
0,
0,
0,
0,
0,
0,
12678,
45640,
49801,
45640,
45640,
54768,
48462,
12711,
0,
0,
14758,
64330,
43592,
14791,
0,
0,
0,
0,
0,
0,
0,
0,
0,
0,
0,
0,
0,
0,
14823,
0,
0,
14759,
14758,
47753,
23243,
21162,
23211,
23243,
21162,
23211,
14759,
12710,
23243,
64362,
12743,
0,
0,
0,
0,
0,
0,
0,
0,
0,
0,
0,
0,
0,
0,
14758,
50505,
12710,
14791,
65353,
23211,
23243,
64394,
61174,
61174,
30207,
23740,
30207,
63254,
47753,
23243,
23243,
14791,
0,
0,
0,
0,
0,
0,
0,
0,
0,
0,
0,
0,
0,
0,
12678,
50505,
63112,
61064,
23275,
58121,
60169,
64362,
58121,
56948,
61206,
27998,
21626,
30175,
54835,
47720,
49801,
21130,
14791,
0,
0,
0,
0,
0,
0,
0,
0,
0,
0,
0,
0,
12710,
65256,
65353,
65289,
48393,
50505,
23210,
62281,
64394,
59061,
61141,
63254,
28063,
23740,
32255,
45672,
49801,
23275,
50543,
14823,
0,
0,
0,
0,
0,
0,
0,
0,
0,
0,
0,
14791,
65321,
65289,
65353,
65321,
65321,
65353,
65289,
23243,
64362,
64362,
61174,
30207,
23740,
30175,
32255,
61109,
49801,
23275,
52656,
54768,
14823,
0,
0,
0,
0,
0,
0,
0,
0,
0,
0,
12710,
12678,
12678,
50505,
63112,
46280,
23243,
21130,
60169,
23243,
21130,
60169,
64362,
21594,
28031,
61142,
45640,
47720,
49801,
21130,
52623,
14791,
0,
0,
0,
0,
0,
0,
0,
0,
0,
0,
0,
0,
0,
14791,
65289,
12710,
64362,
64330,
23275,
65535,
65535,
23243,
64362,
64330,
64362,
63254,
59061,
49801,
23243,
21162,
23243,
14823,
0,
0,
0,
0,
0,
0,
0,
0,
0,
0,
0,
0,
0,
0,
14823,
0,
14791,
64362,
65535,
14823,
65535,
65535,
23243,
64330,
64330,
49801,
47753,
49801,
23275,
64330,
64362,
14823,
0,
0,
0,
0,
0,
0,
0,
0,
0,
0,
0,
0,
0,
0,
0,
0,
0,
12678,
21130,
65535,
63422,
21162,
23243,
58121,
21162,
49801,
43592,
21162,
23243,
45640,
62249,
62281,
12711,
0,
0,
0,
0,
0,
0,
0,
0,
0,
0,
0,
0,
0,
0,
0,
0,
0,
12710,
14791,
23211,
23243,
64362,
23210,
49801,
49833,
21162,
23275,
54769,
21162,
23243,
14823,
0,
0,
0,
0,
0,
0,
0,
0,
0,
0,
0,
0,
0,
0,
0,
0,
0,
0,
0,
0,
14758,
64330,
64362,
21162,
23211,
23243,
21162,
54736,
23243,
21162,
14823,
0,
0,
0,
0,
0,
0,
0,
0,
0,
0,
0,
0,
0,
0,
0,
0,
0,
0,
0,
0,
0,
12678,
21162,
23243,
45640,
50543,
54736,
21130,
23210,
64330,
58121,
62249,
14791,
0,
0,
0,
0,
0,
0,
0,
0,
0,
0,
0,
0,
0,
0,
0,
0,
0,
0,
0,
14791,
64330,
64330,
49833,
21162,
23275,
54769,
52656,
23243,
49833,
64330,
64394,
65535,
14791,
0,
0,
0,
0,
0,
0,
0,
0,
0,
0,
0,
0,
0,
0,
0,
0,
0,
14758,
64362,
62249,
64330,
64362,
21162,
23211,
23275,
52623,
23243,
64362,
47720,
64330,
49801,
12743,
0,
0,
0,
0,
0,
0,
0,
0,
0,
0,
0,
0,
0,
0,
0,
0,
0,
12678,
64362,
58121,
60169,
64362,
43592,
21162,
23243,
48462,
12710,
14759,
45640,
62282,
65535,
12711,
0,
0,
0,
0,
0,
0,
0,
0,
0,
0,
0,
0,
0,
0,
0,
0,
0,
0,
14791,
64330,
64362,
49833,
23243,
23275,
54768,
14823,
0,
0,
12710,
14759,
14823,
0,
0,
0,
0,
0,
0,
0,
0,
0,
0,
0,
0,
0,
0,
0,
0,
0,
0,
0,
0,
12710,
12710,
14791,
45672,
12710,
14823,
0,
0,
0,
0,
0,
0,
0,
0,
0,
0,
0,
0,
0,
0,
0,
0,
0,
0,
0,
0,
0,
0,
0,
0,
0,
0,
0,
0,
0,
12711,
0,
0,
0,
0,
0,
0,
0,
0,
0,
0,
0,
0,
0,
0,
0,
0,
0,
0,
0,
0,
0,
0,
0,
0,
0,
0,
0,
0,
0,
0,
0,
0,
0,
0,
0,
0,
0,
0,
0,
0,
0,
0,
0,
0,
0,
0,
0,
0,
0,
0,
0,
0,
0,
0,
0,
0,
0,
0,
0,
0,
0,
0,
0,
0,
0,
0,
0,
0,
0,
0,
0,
0,
0,
0,
0,
0,
0,
0,
0,
0,
0,
0,
0,
0,
0,
0,
0,
0,
0,
0,
0,
0,
0,
0,
0,
0,
0,
0,
0,
0,
0,
0,
0,
0,
0,
0,
0,
0,
0,
0,
0,
0,
0,
0,
0,
0,
0,
0,
0,
0,
0,
0,
0,
0,
0,
0,
0,
0,
0,
0,
0,
0,
0,
0,
0,
0,
0,
0,
0,
0,
0,
0,
