2020
0,
0,
0,
0,
0,
0,
0,
0,
0,
0,
0,
0,
0,
0,
0,
0,
0,
0,
0,
0,
0,
0,
0,
0,
0,
0,
0,
0,
0,
0,
0,
0,
0,
0,
0,
0,
0,
0,
0,
0,
0,
0,
0,
0,
0,
0,
0,
0,
0,
0,
0,
0,
0,
0,
0,
0,
0,
0,
0,
0,
0,
0,
0,
0,
0,
0,
0,
0,
0,
0,
0,
0,
0,
0,
0,
0,
0,
0,
0,
0,
0,
0,
0,
0,
0,
0,
0,
0,
0,
0,
0,
0,
0,
0,
0,
0,
0,
0,
0,
0,
0,
0,
0,
0,
0,
0,
0,
0,
0,
0,
0,
0,
0,
0,
14759,
12678,
0,
0,
0,
0,
0,
0,
0,
0,
0,
0,
0,
0,
0,
0,
0,
0,
0,
0,
0,
0,
0,
0,
0,
0,
0,
0,
0,
0,
0,
0,
14759,
57080,
12710,
0,
0,
0,
0,
0,
0,
0,
0,
0,
0,
0,
0,
0,
0,
0,
0,
0,
0,
0,
0,
0,
0,
0,
0,
0,
0,
0,
0,
14759,
63419,
23243,
23243,
14759,
0,
0,
0,
0,
0,
0,
0,
0,
0,
0,
0,
0,
0,
0,
0,
0,
0,
0,
0,
0,
0,
0,
0,
0,
0,
0,
12678,
12678,
40145,
35919,
59161,
14759,
0,
0,
0,
0,
0,
0,
0,
0,
0,
0,
0,
0,
0,
0,
0,
0,
0,
0,
0,
0,
0,
0,
0,
0,
0,
14759,
12678,
48630,
23243,
57080,
12710,
0,
12678,
12710,
0,
0,
0,
0,
0,
0,
0,
0,
0,
0,
0,
0,
0,
0,
0,
0,
0,
0,
0,
0,
0,
0,
0,
14759,
52856,
40145,
23243,
23243,
14759,
14759,
29613,
29613,
14759,
0,
0,
0,
0,
0,
0,
0,
0,
0,
0,
0,
0,
0,
0,
0,
0,
0,
0,
0,
0,
12678,
12678,
40145,
35919,
21130,
23243,
21130,
35951,
29613,
21130,
27500,
29613,
12678,
0,
0,
0,
0,
0,
0,
0,
0,
0,
0,
0,
0,
0,
0,
0,
0,
0,
12678,
14759,
35951,
48630,
29613,
21162,
21162,
52856,
21162,
21162,
29613,
35919,
21162,
29613,
12678,
0,
0,
0,
0,
0,
0,
0,
0,
0,
0,
0,
0,
0,
0,
0,
0,
14759,
52856,
23243,
65535,
63386,
40145,
29613,
52856,
52856,
38096,
23243,
40145,
29613,
23243,
29613,
12710,
0,
0,
0,
0,
0,
0,
0,
0,
0,
0,
0,
12678,
12710,
0,
12678,
12710,
27468,
35919,
65535,
62216,
51912,
63386,
27468,
48598,
40144,
21130,
21162,
40144,
27468,
35951,
12710,
0,
0,
0,
0,
0,
0,
0,
0,
0,
0,
0,
12710,
27500,
63386,
12710,
52821,
29613,
50743,
27500,
65535,
64329,
53993,
63419,
27501,
38032,
23243,
21162,
38064,
40145,
27500,
38064,
14759,
0,
0,
0,
0,
0,
0,
0,
0,
0,
0,
0,
14759,
61306,
63419,
63386,
54966,
29613,
52856,
29613,
40145,
65535,
63386,
40145,
29613,
52856,
52856,
38096,
23243,
40145,
29613,
23243,
14759,
12710,
0,
0,
0,
0,
0,
0,
0,
0,
0,
0,
12678,
54999,
61338,
57113,
48660,
29613,
48598,
27468,
52856,
27468,
35919,
52856,
27468,
48598,
52856,
35919,
21162,
40144,
21130,
27500,
38064,
27468,
12710,
0,
0,
0,
0,
0,
0,
0,
0,
0,
0,
12678,
63386,
38064,
52821,
29613,
50743,
27500,
52856,
29581,
50743,
52856,
27501,
50743,
52856,
38031,
23211,
29613,
35951,
29581,
40145,
27500,
38064,
14759,
0,
0,
0,
0,
0,
0,
0,
0,
0,
12710,
63419,
40145,
12710,
14759,
29613,
38096,
40145,
29613,
52856,
40145,
29613,
40144,
23243,
23243,
23243,
23243,
38096,
29613,
40145,
29613,
40145,
14759,
0,
0,
0,
0,
0,
0,
0,
0,
12678,
27468,
54966,
12678,
0,
0,
12678,
35919,
23243,
35919,
35919,
29613,
35919,
35919,
29613,
21130,
57080,
23243,
21130,
21162,
23243,
27468,
38031,
12710,
0,
0,
0,
0,
0,
0,
0,
0,
12710,
52821,
14759,
0,
0,
0,
0,
12710,
14759,
38032,
21162,
23243,
21162,
29581,
23243,
59193,
38064,
29613,
27500,
54933,
23243,
27500,
38064,
14759,
0,
0,
0,
0,
0,
0,
0,
0,
12710,
12710,
0,
0,
0,
0,
0,
0,
0,
12710,
54966,
57046,
54934,
23243,
23243,
23211,
61338,
63419,
29581,
23243,
40145,
29581,
40144,
14759,
0,
0,
0,
0,
0,
0,
0,
0,
0,
0,
0,
0,
0,
0,
0,
0,
0,
0,
12678,
54998,
48660,
57048,
63386,
21130,
35951,
29613,
27468,
21162,
12710,
27468,
12710,
0,
0,
0,
0,
0,
0,
0,
0,
0,
0,
0,
0,
0,
0,
0,
0,
0,
0,
0,
0,
14759,
59193,
59225,
63419,
59193,
23211,
57046,
52821,
12710,
0,
12678,
0,
0,
0,
0,
0,
0,
0,
0,
0,
0,
0,
0,
0,
0,
0,
0,
0,
0,
0,
0,
0,
0,
12710,
61306,
63419,
61306,
61338,
23243,
12710,
0,
0,
0,
0,
0,
0,
0,
0,
0,
0,
0,
0,
0,
0,
0,
0,
0,
0,
0,
0,
0,
0,
0,
0,
0,
0,
12678,
14759,
54999,
50740,
54966,
12678,
0,
0,
0,
0,
0,
0,
0,
0,
0,
0,
0,
0,
0,
0,
0,
0,
0,
0,
0,
0,
0,
0,
0,
0,
0,
0,
0,
0,
12710,
23243,
57046,
52853,
12710,
0,
0,
0,
0,
0,
0,
0,
0,
0,
0,
0,
0,
0,
0,
0,
0,
0,
0,
0,
0,
0,
0,
0,
0,
0,
0,
0,
12710,
54966,
57046,
12710,
0,
0,
0,
0,
0,
0,
0,
0,
0,
0,
0,
0,
0,
0,
0,
0,
0,
0,
0,
0,
0,
0,
0,
0,
0,
0,
0,
0,
0,
12678,
14759,
48660,
12678,
0,
0,
0,
0,
0,
0,
0,
0,
0,
0,
0,
0,
0,
0,
0,
0,
0,
0,
0,
0,
0,
0,
0,
0,
0,
0,
0,
0,
0,
0,
12710,
12710,
0,
0,
0,
0,
0,
0,
0,
0,
0,
0,
0,
0,
0,
0,
0,
0,
0,
0,
0,
0,
0,
0,
0,
0,
0,
0,
0,
0,
0,
0,
0,
0,
0,
0,
0,
0,
0,
0,
0,
0,
0,
0,
0,
0,
0,
0,
0,
0,
0,
0,
0,
0,
0,
0,
0,
0,
0,
0,
0,
0,
0,
0,
0,
0,
0,
0,
0,
0,
0,
0,
0,
0,
0,
0,
0,
0,
0,
0,
0,
0,
0,
0,
0,
0,
0,
0,
0,
0,
0,
0,
0,
0,
0,
0,
0,
0,
0,
0,
0,
0,
0,
0,
0,
0,
