2020
0,
0,
0,
0,
0,
0,
0,
0,
0,
0,
0,
0,
0,
0,
0,
0,
0,
0,
0,
0,
0,
0,
0,
0,
0,
0,
0,
0,
0,
0,
0,
0,
0,
0,
0,
0,
0,
0,
0,
0,
0,
0,
0,
0,
0,
0,
0,
0,
0,
0,
0,
0,
0,
0,
0,
0,
0,
0,
0,
0,
0,
0,
0,
0,
0,
0,
0,
0,
0,
0,
0,
0,
0,
0,
0,
0,
0,
0,
0,
0,
0,
0,
0,
0,
0,
0,
0,
0,
0,
0,
0,
0,
0,
0,
0,
0,
0,
0,
0,
0,
0,
0,
0,
0,
0,
0,
0,
0,
0,
0,
0,
0,
0,
0,
0,
0,
0,
0,
0,
0,
0,
0,
0,
0,
0,
0,
0,
0,
0,
0,
0,
0,
0,
0,
0,
0,
0,
14759,
14791,
14759,
14759,
14823,
0,
0,
0,
0,
0,
0,
0,
0,
0,
0,
0,
0,
0,
0,
0,
0,
0,
0,
0,
0,
0,
0,
0,
0,
0,
14791,
14759,
27470,
27502,
27470,
27470,
27502,
14791,
0,
0,
0,
0,
0,
0,
0,
0,
0,
0,
0,
0,
0,
0,
0,
0,
0,
0,
0,
0,
0,
0,
0,
12678,
33875,
29681,
25357,
23243,
21162,
25357,
14823,
0,
0,
0,
0,
0,
0,
0,
0,
0,
0,
0,
0,
0,
0,
0,
0,
0,
0,
0,
0,
0,
0,
0,
14791,
31795,
33875,
23243,
23275,
65535,
65535,
23243,
27502,
14759,
14791,
0,
0,
0,
0,
0,
0,
0,
14823,
0,
0,
0,
0,
0,
0,
0,
0,
0,
0,
0,
0,
14791,
29714,
29681,
14791,
14791,
65535,
65535,
65535,
65535,
23275,
31762,
31762,
14823,
0,
14791,
0,
0,
0,
14791,
25357,
14823,
0,
0,
0,
0,
0,
0,
0,
0,
0,
0,
0,
14791,
29649,
12711,
0,
14759,
65503,
33875,
29681,
65503,
23243,
29649,
29681,
27502,
12710,
65503,
14823,
0,
14791,
52857,
25357,
14791,
0,
0,
0,
0,
0,
0,
0,
0,
0,
0,
14791,
31827,
14823,
0,
14791,
65535,
65535,
65535,
65535,
65535,
14791,
62154,
27502,
27502,
23275,
65535,
23243,
14791,
52889,
54938,
52825,
14823,
0,
0,
0,
0,
0,
0,
0,
0,
0,
0,
12710,
31827,
12710,
0,
14823,
65535,
65535,
65535,
65535,
23210,
45737,
58025,
27470,
23275,
48663,
65535,
65535,
21162,
23243,
52857,
12743,
0,
0,
0,
0,
0,
0,
0,
0,
0,
0,
0,
12678,
14823,
0,
0,
14823,
65503,
65503,
65535,
63454,
21162,
65535,
25357,
21162,
23243,
21162,
65535,
65535,
65503,
65535,
14823,
0,
0,
0,
0,
0,
0,
0,
0,
0,
0,
0,
0,
0,
0,
0,
0,
0,
14823,
65535,
65535,
65535,
52857,
23243,
23275,
54938,
52889,
23275,
54970,
65535,
65535,
54938,
52857,
14823,
0,
14791,
14823,
0,
0,
0,
0,
0,
0,
0,
0,
0,
0,
0,
0,
0,
12710,
50712,
65535,
48663,
50712,
52889,
48663,
50744,
23275,
48631,
50744,
52889,
48631,
50776,
14823,
0,
14791,
31794,
12743,
0,
0,
0,
0,
0,
0,
0,
0,
0,
0,
0,
0,
0,
0,
12678,
14791,
48631,
48631,
52889,
48631,
21162,
52889,
48599,
50712,
52857,
48599,
23211,
14759,
12710,
65535,
23243,
21130,
14823,
0,
0,
0,
0,
0,
0,
0,
0,
0,
0,
0,
0,
0,
0,
0,
14791,
23243,
23243,
23275,
54938,
54970,
65535,
23243,
23243,
23275,
54938,
54970,
65535,
65535,
23275,
31795,
14823,
0,
0,
0,
0,
0,
0,
0,
0,
0,
0,
0,
0,
0,
0,
0,
14791,
65535,
65535,
65535,
65535,
33907,
65503,
23243,
52889,
48631,
52825,
52889,
48631,
52825,
52825,
12743,
0,
0,
0,
0,
0,
0,
0,
0,
0,
0,
0,
0,
0,
0,
0,
0,
0,
12678,
65535,
29681,
65535,
23243,
21162,
48663,
14759,
12678,
31794,
52857,
12678,
12710,
14791,
0,
0,
0,
0,
0,
0,
0,
0,
0,
0,
0,
0,
0,
0,
0,
0,
0,
0,
14791,
25324,
65535,
27502,
23275,
52889,
14823,
0,
0,
14791,
14823,
0,
0,
0,
0,
0,
0,
0,
0,
0,
0,
0,
0,
0,
0,
0,
0,
0,
0,
0,
0,
12678,
21162,
65535,
65503,
65535,
65535,
65503,
50712,
14823,
0,
0,
0,
0,
0,
0,
0,
0,
0,
0,
0,
0,
0,
0,
0,
0,
0,
0,
0,
0,
0,
12678,
14791,
25357,
25389,
25324,
65503,
65535,
65535,
65503,
65535,
14823,
0,
0,
14823,
0,
0,
0,
0,
0,
0,
0,
0,
0,
0,
0,
0,
0,
0,
0,
0,
0,
14791,
33875,
33875,
27502,
23243,
14791,
14823,
65535,
65535,
65535,
65535,
52857,
14791,
14791,
31827,
14823,
0,
0,
0,
0,
0,
0,
0,
0,
0,
0,
0,
0,
0,
0,
0,
14791,
29681,
29681,
33875,
29649,
12743,
0,
0,
12710,
14791,
12710,
50712,
52857,
48599,
50744,
31795,
12711,
0,
0,
0,
0,
0,
0,
0,
0,
0,
0,
0,
0,
0,
0,
0,
14791,
29682,
12678,
14791,
12678,
14791,
0,
0,
0,
0,
0,
14791,
52857,
48599,
12710,
14823,
0,
0,
0,
0,
0,
0,
0,
0,
0,
0,
0,
0,
0,
0,
0,
14791,
31827,
14823,
0,
0,
0,
0,
0,
0,
0,
0,
0,
14791,
14791,
14823,
0,
0,
0,
0,
0,
0,
0,
0,
0,
0,
0,
0,
0,
0,
0,
0,
0,
12678,
14791,
0,
0,
0,
0,
0,
0,
0,
0,
0,
0,
0,
0,
0,
0,
0,
0,
0,
0,
0,
0,
0,
0,
0,
0,
0,
0,
0,
0,
0,
0,
0,
0,
0,
0,
0,
0,
0,
0,
0,
0,
0,
0,
0,
0,
0,
0,
0,
0,
0,
0,
0,
0,
0,
0,
0,
0,
0,
0,
0,
0,
0,
0,
0,
0,
0,
0,
0,
0,
0,
0,
0,
0,
0,
0,
0,
0,
0,
0,
0,
0,
0,
0,
0,
0,
0,
0,
0,
0,
0,
0,
0,
0,
0,
0,
0,
0,
0,
0,
0,
0,
0,
0,
0,
0,
0,
0,
0,
0,
0,
0,
0,
0,
0,
0,
0,
0,
0,
0,
0,
0,
0,
0,
0,
0,
0,
0,
0,
0,
0,
0,
0,
0,
0,
0,
0,
0,
0,
0,
0,
0,
0,
0,
0,
0,
0,
0,
0,
0,
0,
0,
0,
0,
0,
0,
0,
0,
0,
0,
0,
0,
0,
0,
0,
0,
0,
0,
0,
0,
0,
0,
0,
0,
0,
0,
0,
0,
0,
0,
0,
0,
0,
0,
0,
0,
