2020
0,
0,
0,
0,
0,
0,
0,
0,
0,
0,
0,
0,
0,
0,
0,
0,
0,
0,
0,
0,
0,
0,
0,
0,
0,
0,
0,
0,
0,
0,
0,
0,
0,
0,
0,
0,
0,
0,
0,
0,
0,
0,
0,
0,
0,
0,
0,
0,
0,
0,
0,
0,
0,
0,
0,
0,
0,
0,
0,
0,
0,
0,
0,
0,
0,
0,
0,
0,
0,
0,
0,
0,
0,
0,
0,
0,
0,
14790,
0,
0,
0,
0,
0,
0,
0,
0,
0,
0,
0,
0,
0,
0,
0,
0,
0,
0,
0,
0,
0,
0,
0,
0,
0,
0,
0,
0,
0,
0,
14791,
23775,
14823,
0,
0,
0,
0,
0,
0,
0,
0,
0,
0,
0,
0,
0,
0,
0,
0,
0,
0,
0,
0,
0,
0,
0,
0,
0,
0,
0,
14790,
14791,
55003,
23807,
23774,
14790,
0,
0,
0,
0,
0,
0,
0,
0,
0,
0,
0,
0,
0,
0,
0,
0,
0,
0,
0,
0,
0,
0,
0,
0,
14790,
14790,
21130,
57051,
57083,
23807,
23807,
12678,
0,
0,
0,
0,
0,
0,
0,
0,
0,
0,
0,
0,
0,
0,
0,
0,
0,
0,
0,
0,
0,
0,
0,
14790,
44373,
15122,
23775,
57083,
23807,
23807,
19417,
44373,
14790,
0,
0,
0,
0,
0,
0,
14823,
0,
0,
0,
0,
0,
0,
0,
0,
0,
0,
0,
0,
0,
0,
14790,
44373,
44405,
15122,
23807,
23807,
23775,
64329,
19417,
44405,
12678,
0,
0,
0,
0,
0,
14791,
55002,
14823,
0,
0,
0,
0,
0,
0,
0,
0,
0,
0,
0,
0,
0,
0,
12678,
21162,
57051,
15122,
23807,
12678,
12678,
65503,
44405,
12678,
0,
0,
0,
0,
12743,
15122,
15154,
14791,
0,
0,
0,
0,
0,
0,
0,
0,
0,
0,
0,
0,
0,
0,
0,
12678,
21162,
21130,
23807,
65503,
65503,
44405,
44405,
44373,
14790,
0,
0,
0,
12678,
15122,
15122,
14791,
0,
0,
0,
0,
0,
0,
0,
0,
0,
0,
0,
0,
0,
0,
14790,
12678,
57051,
57051,
57051,
44405,
44405,
57083,
44405,
44405,
12678,
0,
0,
14790,
12678,
15122,
15122,
14791,
0,
0,
0,
0,
0,
0,
0,
0,
0,
0,
0,
0,
0,
14790,
57051,
57051,
57083,
57083,
57083,
57083,
57083,
44405,
44405,
44405,
44373,
14790,
14790,
44373,
21130,
15122,
14791,
0,
0,
0,
0,
0,
0,
0,
0,
0,
0,
0,
0,
0,
14790,
44373,
44405,
57083,
57083,
57083,
12710,
12710,
44405,
44405,
44405,
44405,
44405,
44373,
21130,
21162,
55002,
14791,
0,
0,
0,
0,
0,
0,
0,
0,
0,
0,
0,
0,
0,
0,
12678,
57083,
57083,
57083,
12710,
12710,
0,
0,
12678,
12710,
44405,
44405,
44405,
57083,
57051,
57051,
23807,
23775,
14823,
0,
0,
0,
0,
0,
0,
0,
0,
0,
0,
0,
0,
0,
0,
12710,
12710,
12710,
0,
0,
0,
0,
0,
0,
12678,
57083,
57083,
57083,
57083,
23807,
23775,
62281,
19417,
14790,
0,
0,
0,
0,
0,
0,
0,
0,
0,
0,
0,
0,
0,
0,
0,
0,
0,
0,
0,
0,
0,
0,
0,
12710,
57083,
57083,
57083,
57051,
23807,
25822,
49800,
12678,
14823,
0,
0,
0,
0,
0,
0,
0,
0,
0,
0,
0,
0,
0,
0,
0,
0,
0,
0,
0,
0,
0,
0,
12678,
57083,
57083,
57083,
40179,
55003,
19417,
21130,
19417,
55002,
14823,
0,
0,
0,
0,
0,
0,
0,
0,
0,
0,
0,
0,
0,
0,
0,
0,
0,
0,
0,
0,
0,
0,
12710,
57051,
40179,
57051,
21162,
44373,
21162,
23775,
15154,
14791,
0,
0,
0,
0,
0,
0,
0,
0,
0,
0,
0,
0,
0,
0,
0,
0,
0,
0,
0,
0,
0,
0,
12678,
15154,
40179,
57083,
55002,
21162,
23775,
23807,
55003,
14791,
0,
0,
0,
0,
0,
0,
0,
0,
0,
0,
0,
0,
0,
0,
0,
0,
0,
0,
0,
0,
0,
14790,
19417,
15122,
44373,
21162,
57051,
21162,
23775,
19417,
14791,
0,
0,
0,
0,
0,
0,
0,
0,
0,
0,
0,
0,
0,
0,
0,
0,
0,
0,
0,
0,
0,
14790,
23775,
19417,
19417,
15154,
23774,
21162,
44373,
21162,
14791,
0,
0,
0,
0,
0,
0,
0,
0,
0,
0,
0,
0,
0,
0,
0,
0,
0,
0,
0,
0,
0,
14790,
23775,
19417,
19417,
19417,
23775,
23807,
15122,
21162,
19417,
12678,
0,
0,
0,
0,
0,
0,
0,
0,
0,
0,
0,
0,
0,
0,
0,
0,
0,
0,
0,
0,
14790,
15122,
23807,
19417,
19417,
19417,
23807,
19417,
19417,
19416,
21130,
15122,
14790,
0,
0,
0,
0,
0,
0,
0,
0,
0,
0,
0,
0,
0,
0,
0,
0,
0,
0,
0,
12678,
23775,
19417,
19417,
15122,
12678,
15122,
19417,
19417,
21130,
21130,
15122,
15122,
14823,
0,
0,
0,
0,
0,
0,
0,
0,
0,
0,
0,
0,
0,
0,
0,
0,
0,
14790,
23775,
19417,
19417,
12678,
12678,
0,
12678,
12678,
21130,
15122,
15122,
15122,
15122,
14791,
0,
0,
0,
0,
0,
0,
0,
0,
0,
0,
0,
0,
0,
0,
0,
0,
14790,
23775,
19417,
15122,
12678,
0,
0,
0,
0,
0,
12678,
15122,
21130,
15122,
14791,
0,
0,
0,
0,
0,
0,
0,
0,
0,
0,
0,
0,
0,
0,
0,
0,
14790,
23775,
19417,
12678,
12678,
0,
0,
0,
0,
0,
0,
12678,
15122,
12710,
15122,
12678,
0,
0,
0,
0,
0,
0,
0,
0,
0,
0,
0,
0,
0,
0,
0,
14791,
23775,
19417,
12678,
0,
0,
0,
0,
0,
0,
0,
0,
0,
12678,
0,
14791,
0,
0,
0,
0,
0,
0,
0,
0,
0,
0,
0,
0,
0,
0,
0,
14790,
23775,
12678,
19417,
12678,
0,
0,
0,
0,
0,
0,
0,
0,
0,
0,
0,
0,
0,
0,
0,
0,
0,
0,
0,
0,
0,
0,
0,
0,
0,
0,
0,
12678,
12678,
0,
12678,
0,
0,
0,
0,
0,
0,
0,
0,
0,
0,
0,
0,
0,
0,
0,
0,
0,
0,
0,
0,
0,
0,
0,
0,
0,
0,
0,
0,
0,
0,
0,
0,
0,
0,
0,
0,
0,
0,
0,
0,
0,
0,
0,
0,
0,
0,
0,
0,
0,
0,
0,
0,
0,
0,
0,
0,
0,
0,
0,
0,
0,
0,
0,
0,
0,
0,
0,
0,
0,
0,
0,
0,
0,
0,
0,
0,
0,
0,
0,
0,
0,
0,
0,
0,
