2020
0,
0,
0,
0,
0,
0,
0,
0,
0,
0,
0,
0,
0,
0,
0,
0,
0,
0,
0,
0,
0,
0,
0,
0,
0,
0,
0,
0,
0,
0,
0,
0,
0,
0,
0,
0,
0,
0,
0,
0,
0,
0,
0,
0,
0,
0,
0,
0,
0,
0,
0,
0,
0,
0,
0,
0,
0,
0,
0,
0,
0,
0,
0,
0,
0,
0,
0,
0,
0,
0,
0,
0,
0,
0,
0,
0,
0,
0,
0,
0,
0,
0,
0,
0,
0,
0,
0,
0,
0,
0,
0,
0,
0,
0,
0,
0,
0,
0,
0,
0,
0,
0,
0,
0,
0,
0,
0,
0,
0,
0,
0,
0,
0,
0,
0,
0,
0,
0,
0,
0,
0,
0,
0,
0,
0,
0,
0,
0,
0,
0,
0,
0,
0,
0,
0,
0,
0,
0,
0,
0,
0,
0,
0,
0,
0,
0,
14823,
0,
0,
0,
0,
0,
0,
0,
0,
0,
0,
0,
0,
0,
0,
0,
0,
0,
0,
0,
0,
0,
0,
0,
0,
0,
0,
0,
0,
0,
0,
12743,
17304,
14823,
0,
0,
0,
0,
0,
0,
0,
0,
0,
0,
0,
0,
0,
0,
0,
0,
0,
0,
0,
0,
0,
0,
0,
0,
0,
0,
0,
0,
12710,
16936,
17304,
14791,
0,
0,
0,
0,
0,
0,
0,
0,
0,
0,
0,
0,
0,
0,
0,
0,
0,
0,
0,
0,
0,
0,
14791,
14791,
14791,
14791,
14823,
0,
12678,
16936,
17304,
14791,
0,
0,
14823,
0,
0,
0,
0,
0,
0,
0,
0,
0,
0,
0,
0,
0,
0,
0,
0,
14791,
14791,
14791,
48263,
48263,
48263,
48263,
46215,
14791,
16904,
16904,
14791,
0,
14791,
14790,
46215,
14823,
0,
0,
0,
0,
0,
0,
0,
0,
0,
0,
0,
0,
0,
0,
14790,
48263,
48263,
48263,
48295,
21162,
21162,
16936,
48295,
46215,
21130,
16904,
12678,
14791,
48599,
46550,
16936,
19676,
14791,
0,
0,
0,
0,
0,
0,
0,
0,
0,
0,
0,
0,
0,
12678,
16936,
48295,
21162,
16936,
16904,
16904,
48295,
65127,
65127,
65095,
63047,
21130,
48599,
48631,
17336,
19676,
19708,
17304,
14791,
0,
0,
0,
0,
0,
0,
0,
0,
0,
0,
0,
14790,
65095,
46215,
16936,
16904,
48263,
65095,
65095,
65127,
65127,
65095,
48295,
65127,
17304,
17336,
17336,
19676,
19708,
19708,
19676,
12678,
0,
0,
0,
0,
0,
0,
0,
0,
0,
0,
14790,
48263,
65127,
65095,
65095,
65095,
65127,
48263,
16936,
16936,
18984,
65534,
65127,
65127,
17304,
19676,
19676,
17336,
48631,
65535,
21162,
12678,
0,
0,
0,
0,
0,
0,
0,
0,
0,
14790,
65095,
65127,
65127,
65095,
48263,
16936,
16936,
16936,
19676,
19675,
17303,
12710,
65127,
48295,
17336,
65535,
65535,
65503,
65503,
33838,
21130,
21130,
14791,
0,
0,
0,
0,
0,
0,
0,
0,
0,
12710,
14758,
48295,
65095,
12678,
21130,
21130,
21130,
21162,
21162,
17336,
65535,
65095,
17336,
19708,
65535,
33838,
65535,
21162,
65535,
21130,
21130,
12678,
0,
0,
0,
0,
0,
0,
0,
0,
0,
0,
0,
12678,
14790,
0,
12678,
16904,
16904,
21130,
19676,
19676,
65127,
65127,
17304,
16936,
33838,
21130,
35918,
63454,
33838,
21130,
21162,
65095,
14791,
0,
0,
0,
0,
0,
0,
0,
0,
0,
0,
0,
0,
0,
12678,
48263,
65095,
16904,
65127,
65127,
65127,
17336,
19676,
16904,
21162,
21130,
21130,
21162,
21162,
21130,
21130,
48295,
12678,
0,
0,
0,
0,
0,
0,
0,
0,
0,
0,
0,
0,
14791,
65095,
65127,
65127,
65095,
65127,
21162,
17336,
19676,
16936,
21130,
16904,
16904,
21130,
21130,
21130,
21130,
21130,
65127,
12678,
0,
0,
0,
0,
0,
0,
0,
0,
0,
0,
0,
0,
12678,
12710,
12710,
21162,
21162,
21162,
17304,
19676,
19708,
16904,
21130,
21130,
16904,
16904,
16904,
21130,
21130,
21130,
12710,
0,
0,
0,
0,
0,
0,
0,
0,
0,
0,
0,
0,
0,
0,
0,
0,
12678,
12678,
21130,
19676,
19708,
16936,
21130,
21130,
21130,
16904,
19708,
19676,
16936,
21130,
12678,
0,
0,
0,
0,
0,
0,
0,
0,
0,
0,
0,
0,
0,
0,
0,
0,
0,
0,
12678,
17304,
19708,
12678,
12678,
16904,
21130,
21130,
21130,
16937,
19676,
19676,
12678,
0,
0,
0,
0,
0,
0,
0,
0,
0,
0,
0,
0,
0,
0,
0,
0,
0,
0,
0,
12678,
19676,
14791,
0,
0,
12678,
21130,
21130,
21130,
21130,
16937,
19708,
19675,
14791,
0,
0,
0,
0,
0,
0,
0,
0,
0,
0,
0,
0,
0,
0,
0,
0,
0,
0,
0,
12678,
0,
0,
0,
0,
12678,
21130,
21130,
21130,
21162,
19708,
19708,
12678,
0,
0,
0,
0,
0,
0,
0,
0,
0,
0,
0,
0,
0,
0,
0,
0,
0,
0,
0,
0,
0,
0,
0,
0,
12678,
21130,
21130,
21130,
21130,
21162,
19708,
19676,
14791,
0,
0,
0,
0,
0,
0,
0,
0,
0,
0,
0,
0,
0,
0,
0,
0,
0,
0,
0,
0,
0,
0,
0,
0,
12678,
12678,
21130,
21130,
21162,
19708,
19708,
12678,
0,
0,
0,
0,
0,
0,
0,
0,
0,
0,
0,
0,
0,
0,
0,
0,
0,
0,
0,
0,
0,
0,
0,
0,
0,
0,
12678,
12678,
19676,
19708,
19708,
12678,
0,
0,
0,
0,
0,
0,
0,
0,
0,
0,
0,
0,
0,
0,
0,
0,
0,
0,
0,
0,
0,
0,
0,
0,
0,
0,
0,
0,
12678,
12678,
12678,
12678,
0,
0,
0,
0,
0,
0,
0,
0,
0,
0,
0,
0,
0,
0,
0,
0,
0,
0,
0,
0,
0,
0,
0,
0,
0,
0,
0,
0,
0,
0,
0,
0,
0,
0,
0,
0,
0,
0,
0,
0,
0,
0,
0,
0,
0,
0,
0,
0,
0,
0,
0,
0,
0,
0,
0,
0,
0,
0,
0,
0,
0,
0,
0,
0,
0,
0,
0,
0,
0,
0,
0,
0,
0,
0,
0,
0,
0,
0,
0,
0,
0,
0,
0,
0,
0,
0,
0,
0,
0,
0,
0,
0,
0,
0,
0,
0,
0,
0,
0,
0,
0,
0,
0,
0,
0,
0,
0,
0,
0,
0,
0,
0,
0,
0,
0,
0,
0,
0,
0,
0,
0,
0,
0,
0,
0,
0,
0,
0,
0,
0,
0,
0,
0,
0,
0,
0,
0,
0,
0,
0,
0,
0,
0,
0,
0,
0,
0,
0,
0,
0,
0,
0,
0,
0,
0,
0,
0,
0,
0,
0,
0,
0,
0,
0,
0,
