2020
0,
0,
0,
0,
0,
0,
0,
0,
0,
0,
0,
0,
0,
0,
0,
0,
0,
0,
0,
0,
0,
0,
0,
0,
0,
0,
0,
0,
0,
0,
0,
0,
0,
0,
0,
0,
0,
0,
0,
0,
0,
0,
0,
0,
0,
0,
0,
0,
0,
0,
0,
0,
0,
0,
0,
0,
0,
0,
0,
0,
0,
0,
0,
0,
0,
0,
0,
0,
0,
0,
0,
0,
0,
0,
0,
0,
0,
0,
0,
0,
0,
0,
0,
0,
0,
0,
0,
0,
0,
0,
0,
0,
0,
0,
0,
0,
0,
0,
0,
0,
0,
0,
0,
0,
0,
0,
0,
0,
0,
0,
0,
0,
0,
0,
0,
0,
0,
0,
0,
0,
0,
0,
0,
0,
0,
0,
0,
0,
0,
0,
0,
0,
0,
0,
0,
0,
0,
0,
0,
0,
0,
0,
0,
0,
0,
0,
0,
0,
0,
0,
0,
0,
0,
0,
0,
0,
0,
0,
0,
0,
0,
0,
0,
0,
0,
0,
0,
0,
0,
0,
0,
0,
0,
0,
0,
0,
0,
0,
0,
0,
14791,
16904,
0,
0,
0,
0,
0,
0,
0,
0,
0,
0,
0,
0,
0,
0,
0,
0,
0,
0,
0,
0,
14791,
12710,
14791,
16904,
0,
0,
0,
0,
0,
14823,
29450,
31530,
16904,
0,
0,
0,
0,
0,
0,
0,
0,
0,
0,
0,
0,
0,
0,
0,
0,
14791,
12710,
14791,
65492,
52588,
29450,
31563,
12710,
14823,
0,
12710,
12710,
14823,
48233,
31530,
31562,
14791,
0,
0,
0,
0,
0,
0,
0,
0,
0,
0,
0,
0,
0,
0,
16871,
61102,
65492,
65535,
65535,
33643,
64428,
33643,
59228,
65535,
14823,
41896,
41896,
41896,
25356,
54507,
54475,
16904,
0,
0,
0,
0,
0,
0,
0,
0,
0,
0,
0,
0,
0,
12710,
63378,
65492,
63378,
50314,
65492,
52588,
29450,
31563,
23243,
65535,
65535,
21162,
23243,
25356,
48233,
52394,
41864,
14791,
0,
0,
0,
0,
0,
0,
0,
0,
0,
0,
0,
0,
0,
0,
12710,
14823,
39784,
63378,
65492,
63378,
29450,
31563,
29450,
23243,
25356,
54765,
65459,
65492,
48233,
52394,
54474,
37703,
14824,
0,
0,
0,
0,
0,
0,
0,
0,
0,
0,
0,
0,
0,
0,
16871,
54507,
65492,
65492,
61103,
65535,
31563,
31563,
25356,
54507,
61102,
61102,
65492,
65492,
54507,
54507,
25356,
16904,
0,
0,
0,
0,
0,
0,
0,
0,
0,
0,
0,
0,
0,
0,
16871,
50282,
37704,
61102,
63454,
14791,
65535,
29449,
50314,
41896,
54765,
65459,
65492,
21162,
23275,
25356,
29417,
31530,
14824,
0,
0,
0,
0,
0,
0,
0,
0,
0,
0,
0,
0,
0,
0,
14791,
65459,
61103,
65503,
65535,
61102,
50282,
52394,
54475,
23243,
58957,
33610,
48234,
31530,
25356,
29450,
58990,
31562,
14791,
0,
0,
0,
0,
0,
0,
0,
0,
0,
0,
0,
0,
0,
16871,
65492,
65492,
61102,
61070,
41896,
54475,
41896,
54507,
25356,
65492,
61102,
54475,
54507,
25356,
33643,
61102,
31563,
16904,
0,
0,
0,
0,
0,
0,
0,
0,
0,
0,
0,
0,
14791,
63378,
63378,
65492,
63378,
37736,
54475,
48233,
50314,
25356,
48233,
50314,
54474,
48234,
25323,
52427,
23242,
31530,
31530,
14791,
0,
0,
0,
0,
0,
0,
0,
0,
0,
0,
0,
0,
16871,
58925,
65426,
41896,
37704,
50314,
54475,
50282,
50346,
25356,
48234,
50346,
25356,
23243,
52394,
54474,
48234,
23275,
14856,
0,
0,
0,
0,
0,
0,
0,
0,
0,
0,
0,
0,
0,
0,
14791,
14791,
25356,
54475,
54475,
41896,
54475,
25356,
54507,
54475,
41896,
41896,
54475,
54507,
54507,
54474,
16904,
0,
0,
0,
0,
0,
0,
0,
0,
0,
0,
0,
0,
0,
0,
0,
0,
0,
14823,
37704,
48233,
25356,
23242,
29450,
25356,
48201,
50282,
52426,
48201,
52394,
52427,
21162,
14824,
0,
0,
0,
0,
0,
0,
0,
0,
0,
0,
0,
0,
0,
0,
0,
0,
0,
0,
14791,
23243,
31563,
29450,
29482,
31563,
23243,
23275,
54474,
48234,
52394,
25356,
14791,
0,
0,
0,
0,
0,
0,
0,
0,
0,
0,
0,
0,
0,
0,
0,
0,
0,
0,
14823,
33643,
61070,
31563,
31562,
31563,
31563,
31562,
31563,
25356,
25356,
25356,
31563,
14856,
0,
0,
0,
0,
0,
0,
0,
0,
0,
0,
0,
0,
0,
0,
0,
0,
0,
12710,
31563,
29450,
63378,
31562,
29417,
29450,
31562,
29417,
29450,
31562,
29417,
29482,
14856,
0,
0,
0,
0,
0,
0,
0,
0,
0,
0,
0,
0,
0,
0,
0,
0,
0,
0,
14791,
31563,
29450,
56877,
61070,
29450,
29482,
31563,
29450,
29482,
31562,
29450,
14824,
0,
0,
0,
0,
0,
0,
0,
0,
0,
0,
0,
0,
0,
0,
0,
0,
0,
0,
0,
14823,
31563,
31562,
33643,
61102,
65492,
65492,
31563,
31562,
31563,
31563,
14856,
0,
0,
0,
0,
0,
0,
0,
0,
0,
0,
0,
0,
0,
0,
0,
0,
0,
0,
0,
0,
12710,
31563,
29417,
29449,
31562,
29450,
56845,
31562,
29417,
12710,
14856,
0,
0,
0,
0,
0,
0,
0,
0,
0,
0,
0,
0,
0,
0,
0,
0,
0,
0,
0,
0,
0,
0,
14823,
29450,
31530,
31563,
31530,
58958,
14791,
14823,
0,
0,
0,
0,
0,
0,
0,
0,
0,
0,
0,
0,
0,
0,
0,
0,
0,
0,
0,
0,
0,
0,
0,
0,
0,
14791,
14791,
14791,
14791,
16904,
0,
0,
0,
0,
0,
0,
0,
0,
0,
0,
0,
0,
0,
0,
0,
0,
0,
0,
0,
0,
0,
0,
0,
0,
0,
0,
0,
0,
0,
0,
0,
0,
0,
0,
0,
0,
0,
0,
0,
0,
0,
0,
0,
0,
0,
0,
0,
0,
0,
0,
0,
0,
0,
0,
0,
0,
0,
0,
0,
0,
0,
0,
0,
0,
0,
0,
0,
0,
0,
0,
0,
0,
0,
0,
0,
0,
0,
0,
0,
0,
0,
0,
0,
0,
0,
0,
0,
0,
0,
0,
0,
0,
0,
0,
0,
0,
0,
0,
0,
0,
0,
0,
0,
0,
0,
0,
0,
0,
0,
0,
0,
0,
0,
0,
0,
0,
0,
0,
0,
0,
0,
0,
0,
0,
0,
0,
0,
0,
0,
0,
0,
0,
0,
0,
0,
0,
0,
0,
0,
0,
0,
0,
0,
0,
0,
0,
0,
0,
0,
0,
0,
0,
0,
0,
0,
0,
0,
0,
0,
0,
0,
0,
0,
0,
0,
0,
0,
0,
0,
0,
0,
0,
0,
0,
0,
0,
