2020
0,
0,
0,
0,
0,
0,
0,
0,
0,
0,
0,
0,
0,
0,
0,
0,
0,
0,
0,
0,
0,
0,
0,
0,
0,
0,
0,
0,
0,
0,
0,
0,
0,
0,
0,
0,
0,
0,
0,
0,
0,
0,
0,
0,
0,
0,
0,
0,
0,
0,
0,
0,
0,
0,
0,
0,
0,
0,
0,
0,
0,
0,
0,
0,
0,
0,
0,
0,
0,
0,
0,
0,
0,
0,
0,
0,
0,
0,
0,
0,
0,
0,
0,
0,
0,
0,
0,
0,
0,
0,
0,
0,
0,
0,
0,
0,
0,
0,
0,
0,
0,
0,
0,
0,
0,
0,
0,
0,
0,
0,
0,
0,
0,
0,
14759,
14791,
0,
0,
0,
0,
0,
0,
0,
0,
0,
0,
0,
0,
0,
0,
0,
0,
0,
0,
0,
0,
0,
0,
0,
0,
0,
0,
0,
0,
0,
14758,
56137,
60517,
14791,
0,
0,
0,
0,
0,
0,
0,
0,
0,
0,
0,
0,
0,
0,
0,
0,
0,
0,
0,
0,
0,
0,
0,
0,
0,
0,
0,
0,
14790,
64774,
12743,
0,
0,
0,
0,
0,
0,
0,
0,
0,
0,
0,
0,
0,
0,
0,
0,
0,
0,
0,
0,
0,
0,
0,
0,
0,
0,
0,
0,
0,
14791,
56169,
64741,
14823,
0,
0,
0,
0,
0,
0,
0,
0,
0,
0,
0,
0,
0,
0,
0,
0,
0,
0,
0,
0,
0,
0,
0,
0,
0,
0,
0,
0,
12710,
31725,
27500,
14791,
0,
0,
0,
0,
0,
0,
0,
0,
0,
0,
0,
0,
0,
0,
0,
0,
0,
14759,
12678,
14791,
0,
0,
0,
0,
0,
0,
0,
12678,
23243,
31725,
12743,
0,
0,
0,
0,
0,
0,
0,
0,
0,
0,
0,
0,
0,
0,
0,
0,
0,
14759,
14791,
23243,
23243,
14759,
14791,
0,
0,
12710,
14759,
14791,
31725,
23243,
14823,
0,
0,
0,
0,
0,
0,
0,
0,
0,
0,
0,
0,
0,
0,
0,
0,
0,
0,
12678,
23243,
21130,
21130,
52617,
46312,
12678,
14791,
21130,
63207,
65351,
12678,
14791,
0,
0,
0,
0,
0,
0,
0,
0,
0,
0,
0,
0,
0,
0,
0,
0,
0,
0,
0,
12710,
23243,
21162,
50505,
23243,
21162,
50537,
47688,
43559,
54089,
23275,
63207,
50537,
14823,
0,
0,
0,
0,
0,
0,
0,
0,
0,
0,
0,
0,
0,
0,
0,
0,
0,
0,
0,
14759,
21162,
23243,
62088,
57991,
23243,
64773,
64709,
64773,
64774,
23242,
52617,
52617,
14791,
0,
0,
0,
0,
0,
0,
0,
0,
0,
0,
0,
0,
0,
0,
0,
0,
0,
0,
0,
12678,
53831,
60040,
53831,
55879,
23243,
60517,
62629,
64741,
21130,
21162,
50537,
21130,
12678,
14791,
0,
0,
0,
0,
0,
0,
0,
0,
0,
0,
0,
0,
0,
0,
0,
0,
0,
12710,
45607,
47688,
45607,
45639,
23275,
62629,
45639,
64774,
21162,
65352,
23275,
48424,
23243,
50537,
12743,
0,
0,
0,
0,
0,
0,
0,
0,
0,
0,
0,
0,
0,
0,
0,
0,
0,
14759,
47688,
45639,
23243,
64774,
45640,
65535,
47720,
65351,
65384,
23275,
50505,
23243,
52617,
14791,
0,
0,
0,
0,
0,
0,
0,
0,
0,
0,
0,
0,
0,
0,
0,
0,
0,
0,
14791,
21130,
63207,
65384,
41479,
55879,
47687,
61063,
21162,
52585,
46312,
21162,
23242,
46312,
14791,
0,
0,
0,
0,
0,
0,
0,
0,
0,
0,
0,
0,
0,
0,
0,
0,
12710,
65416,
65351,
65383,
65384,
45607,
47687,
65416,
50536,
23243,
52617,
21162,
23243,
14759,
14790,
65384,
14823,
0,
0,
0,
0,
0,
0,
0,
0,
0,
0,
0,
0,
0,
0,
0,
14791,
52649,
65351,
65383,
65416,
65351,
65384,
23243,
21162,
52617,
52617,
21162,
14791,
56169,
64709,
14791,
65384,
14791,
0,
0,
0,
0,
0,
0,
0,
0,
0,
0,
0,
0,
0,
12678,
29580,
33773,
61095,
63207,
65384,
61063,
21162,
52585,
46344,
48456,
23243,
12678,
14758,
64709,
12678,
31725,
65287,
12711,
0,
0,
0,
0,
0,
0,
0,
0,
0,
0,
0,
0,
0,
12710,
31693,
31725,
31693,
52617,
65384,
23242,
52585,
56169,
54088,
14759,
14791,
21162,
23243,
56169,
64709,
14791,
65384,
14791,
0,
0,
0,
0,
0,
0,
0,
0,
0,
0,
0,
0,
14791,
29612,
31693,
31725,
29612,
31693,
23275,
65287,
56137,
56169,
12710,
23243,
23243,
21162,
12710,
12710,
14758,
65384,
65383,
12743,
0,
0,
0,
0,
0,
0,
0,
0,
0,
0,
0,
0,
14759,
29580,
29580,
31725,
29580,
21162,
52825,
21130,
21130,
23243,
21130,
12678,
12710,
12678,
12710,
31693,
61095,
65319,
14791,
0,
0,
0,
0,
0,
0,
0,
0,
0,
0,
0,
0,
0,
0,
14758,
31693,
31725,
23243,
52825,
52857,
23243,
52825,
23275,
65319,
31725,
23243,
21162,
31725,
52617,
65319,
14823,
0,
0,
0,
0,
0,
0,
0,
0,
0,
0,
0,
0,
0,
0,
0,
0,
12710,
23275,
59359,
61439,
52857,
21162,
50744,
23275,
65287,
65384,
31725,
29612,
52617,
52617,
48424,
14823,
0,
0,
0,
0,
0,
0,
0,
0,
0,
0,
0,
0,
0,
0,
0,
0,
12710,
61439,
55166,
57247,
23243,
46518,
48599,
12710,
12678,
65287,
65384,
46344,
48456,
50504,
46312,
14791,
0,
0,
0,
0,
0,
0,
0,
0,
0,
0,
0,
0,
0,
0,
0,
0,
12710,
63487,
61439,
61439,
23275,
50776,
23243,
14823,
0,
14791,
65416,
52585,
52617,
52617,
14791,
0,
0,
0,
0,
0,
0,
0,
0,
0,
0,
0,
0,
0,
0,
0,
0,
0,
12710,
63487,
57311,
21162,
14759,
12678,
14791,
0,
0,
0,
14759,
12678,
12710,
14791,
0,
0,
0,
0,
0,
0,
0,
0,
0,
0,
0,
0,
0,
0,
0,
0,
0,
0,
0,
14759,
12678,
12711,
0,
0,
0,
0,
0,
0,
0,
0,
0,
0,
0,
0,
0,
0,
0,
0,
0,
0,
0,
0,
0,
0,
0,
0,
0,
0,
0,
0,
0,
0,
0,
0,
0,
0,
0,
0,
0,
0,
0,
0,
0,
0,
0,
0,
0,
0,
0,
0,
0,
0,
0,
0,
0,
0,
0,
0,
0,
0,
0,
0,
0,
0,
0,
0,
0,
0,
0,
0,
0,
0,
0,
0,
0,
0,
0,
0,
0,
0,
0,
0,
0,
0,
0,
0,
0,
0,
0,
0,
0,
0,
0,
0,
0,
0,
0,
0,
0,
0,
0,
0,
0,
0,
0,
0,
0,
0,
0,
0,
0,
0,
0,
0,
0,
0,
0,
0,
