2020
0,
0,
0,
0,
0,
0,
0,
0,
0,
0,
0,
0,
0,
0,
0,
0,
0,
0,
0,
0,
0,
0,
0,
0,
0,
0,
0,
0,
0,
0,
0,
0,
0,
0,
0,
0,
0,
0,
0,
0,
0,
0,
0,
0,
0,
0,
0,
0,
0,
0,
0,
0,
0,
0,
0,
0,
0,
0,
0,
0,
0,
0,
0,
0,
0,
0,
0,
0,
0,
0,
0,
0,
0,
0,
0,
0,
0,
0,
0,
0,
0,
0,
0,
0,
0,
0,
0,
0,
0,
0,
0,
0,
0,
0,
0,
0,
0,
0,
0,
0,
0,
0,
0,
0,
0,
0,
0,
0,
0,
0,
0,
0,
0,
0,
0,
0,
0,
0,
0,
0,
0,
0,
0,
0,
0,
0,
0,
0,
0,
0,
0,
0,
0,
0,
0,
0,
0,
0,
0,
0,
0,
0,
0,
0,
0,
0,
0,
0,
0,
12678,
14791,
0,
0,
0,
0,
0,
0,
0,
0,
0,
0,
0,
0,
0,
0,
0,
0,
0,
0,
0,
0,
0,
0,
0,
0,
0,
0,
0,
0,
0,
0,
12710,
56840,
14823,
0,
0,
0,
0,
0,
0,
0,
0,
0,
0,
0,
0,
0,
0,
0,
0,
0,
0,
0,
0,
0,
0,
0,
0,
0,
0,
0,
0,
14791,
58952,
44168,
14824,
0,
0,
0,
0,
0,
0,
0,
0,
0,
0,
0,
0,
0,
0,
0,
0,
0,
0,
0,
0,
0,
0,
0,
0,
0,
0,
0,
0,
14791,
52615,
56808,
14823,
0,
0,
0,
0,
0,
0,
0,
0,
0,
0,
0,
0,
0,
0,
0,
0,
0,
0,
0,
0,
0,
12678,
14791,
14791,
0,
0,
0,
12710,
23275,
52615,
14791,
0,
0,
0,
0,
0,
0,
0,
0,
0,
0,
0,
0,
0,
0,
0,
0,
0,
0,
0,
0,
14791,
14791,
42140,
42140,
31671,
14791,
14791,
0,
14791,
46462,
56872,
14824,
0,
0,
0,
0,
0,
0,
0,
0,
0,
0,
0,
0,
0,
12678,
14759,
12743,
0,
0,
0,
12710,
42140,
37945,
62218,
64363,
37945,
37946,
31671,
12678,
42268,
46429,
12711,
0,
0,
0,
0,
0,
0,
0,
0,
0,
0,
0,
0,
0,
0,
14759,
65535,
52824,
12743,
0,
12711,
37978,
42140,
37945,
21162,
23275,
21162,
21162,
23275,
29557,
21162,
14823,
0,
0,
0,
0,
0,
0,
0,
0,
0,
0,
0,
0,
0,
0,
0,
0,
14823,
65535,
65535,
14791,
42140,
42140,
23275,
23275,
42140,
42172,
65510,
42171,
65510,
42139,
31671,
14824,
0,
0,
0,
0,
0,
0,
0,
0,
0,
0,
0,
0,
0,
0,
0,
0,
14791,
65503,
63454,
23275,
37945,
21162,
42140,
37945,
37945,
42140,
37945,
63429,
42140,
37945,
50687,
14823,
0,
0,
14823,
0,
0,
0,
0,
0,
0,
0,
0,
0,
0,
0,
0,
14791,
65535,
65535,
65535,
65535,
23243,
40059,
42140,
40026,
40059,
42172,
65478,
40059,
65510,
40026,
54879,
56959,
12678,
14791,
64363,
14791,
0,
0,
0,
0,
0,
0,
0,
0,
0,
0,
0,
14791,
65535,
65535,
65535,
65535,
23275,
42140,
42140,
23243,
23243,
23275,
23243,
23275,
23275,
23275,
42140,
56991,
56959,
64363,
64363,
64363,
14824,
0,
0,
0,
0,
0,
0,
0,
0,
0,
0,
0,
14791,
65503,
63422,
23275,
37945,
21162,
23275,
37945,
37945,
42140,
37945,
37946,
42140,
37913,
21162,
31671,
29525,
64330,
64363,
12711,
0,
0,
0,
0,
0,
0,
0,
0,
0,
0,
0,
14791,
57050,
54936,
52856,
57082,
23211,
40059,
42140,
40026,
40059,
42140,
64330,
64331,
42140,
40026,
54879,
23275,
21162,
23243,
64363,
62250,
14823,
0,
0,
0,
0,
0,
0,
0,
0,
0,
0,
14791,
57082,
57050,
57049,
57050,
23275,
42140,
42140,
42140,
42140,
42140,
42140,
42140,
42172,
56959,
56991,
56991,
56959,
56991,
23275,
14823,
0,
0,
0,
0,
0,
0,
0,
0,
0,
0,
0,
0,
14791,
50743,
50711,
23275,
37945,
21130,
42140,
37913,
37945,
42140,
37913,
37945,
42140,
50654,
21162,
23275,
50654,
52799,
65509,
61285,
14791,
0,
0,
0,
0,
0,
0,
0,
0,
0,
0,
0,
0,
12710,
12710,
14791,
40059,
40059,
23275,
23211,
40059,
42140,
40026,
40059,
33719,
21163,
31638,
14791,
14759,
54911,
56991,
63429,
65510,
14823,
0,
0,
0,
0,
0,
0,
0,
0,
0,
0,
0,
0,
0,
0,
14791,
42139,
42140,
40059,
23243,
23275,
23243,
23243,
23276,
44349,
14823,
0,
0,
14823,
65510,
65509,
58952,
65510,
14791,
0,
0,
0,
0,
0,
0,
0,
0,
0,
0,
0,
0,
0,
0,
12710,
42140,
37913,
37945,
42140,
37913,
29557,
46430,
21162,
42235,
14823,
0,
0,
14791,
63365,
65477,
14791,
0,
0,
0,
0,
0,
0,
0,
0,
0,
0,
0,
0,
0,
0,
0,
0,
14791,
14759,
40059,
42140,
29590,
12710,
14791,
12711,
44349,
14824,
0,
0,
0,
14790,
65510,
14823,
0,
0,
0,
0,
0,
0,
0,
0,
0,
0,
0,
0,
0,
0,
0,
0,
0,
0,
14759,
14791,
14791,
0,
0,
0,
14791,
46462,
14791,
0,
0,
0,
14824,
0,
0,
0,
0,
0,
0,
0,
0,
0,
0,
0,
0,
0,
0,
0,
0,
0,
0,
0,
0,
0,
0,
0,
0,
0,
12710,
56840,
12711,
0,
0,
0,
0,
0,
0,
0,
0,
0,
0,
0,
0,
0,
0,
0,
0,
0,
0,
0,
0,
0,
0,
0,
0,
0,
0,
0,
0,
0,
14791,
56872,
14791,
0,
0,
0,
0,
0,
0,
0,
0,
0,
0,
0,
0,
0,
0,
0,
0,
0,
0,
0,
0,
0,
0,
0,
0,
0,
0,
0,
0,
0,
14759,
14824,
0,
0,
0,
0,
0,
0,
0,
0,
0,
0,
0,
0,
0,
0,
0,
0,
0,
0,
0,
0,
0,
0,
0,
0,
0,
0,
0,
0,
0,
0,
0,
0,
0,
0,
0,
0,
0,
0,
0,
0,
0,
0,
0,
0,
0,
0,
0,
0,
0,
0,
0,
0,
0,
0,
0,
0,
0,
0,
0,
0,
0,
0,
0,
0,
0,
0,
0,
0,
0,
0,
0,
0,
0,
0,
0,
0,
0,
0,
0,
0,
0,
0,
0,
0,
0,
0,
0,
0,
0,
0,
0,
0,
0,
0,
0,
0,
0,
0,
0,
0,
0,
0,
0,
0,
0,
0,
0,
0,
0,
0,
0,
0,
0,
0,
0,
0,
0,
0,
0,
0,
0,
0,
0,
0,
0,
0,
0,
0,
0,
0,
0,
0,
0,
0,
0,
0,
0,
0,
0,
