2020
0,
0,
0,
0,
0,
0,
0,
0,
0,
0,
0,
0,
0,
0,
0,
0,
0,
0,
0,
0,
0,
0,
0,
0,
0,
0,
0,
0,
0,
0,
0,
0,
0,
0,
0,
0,
0,
0,
0,
0,
0,
0,
0,
0,
0,
0,
0,
0,
0,
0,
0,
0,
0,
0,
0,
0,
0,
0,
0,
0,
0,
0,
0,
0,
0,
0,
0,
0,
0,
0,
0,
0,
0,
0,
0,
0,
0,
0,
0,
0,
0,
0,
0,
0,
0,
0,
0,
0,
0,
0,
0,
0,
0,
0,
0,
0,
0,
0,
0,
0,
0,
0,
0,
0,
0,
0,
14791,
14791,
0,
0,
0,
0,
14791,
12678,
0,
0,
0,
0,
0,
0,
0,
0,
0,
0,
0,
0,
0,
0,
0,
0,
0,
0,
0,
0,
0,
0,
0,
14791,
17495,
23243,
14823,
0,
0,
14791,
54732,
65478,
14823,
0,
0,
0,
0,
0,
0,
0,
0,
0,
0,
0,
0,
0,
0,
0,
0,
0,
0,
0,
0,
0,
12710,
15317,
17495,
15317,
12711,
0,
12710,
65349,
65478,
12711,
0,
0,
0,
0,
0,
0,
0,
0,
0,
0,
0,
0,
0,
0,
0,
0,
0,
0,
0,
0,
0,
0,
14791,
15382,
17495,
15382,
15382,
14791,
65413,
65446,
42058,
12678,
12710,
14823,
0,
0,
0,
0,
0,
0,
0,
0,
0,
0,
0,
0,
0,
0,
0,
0,
0,
0,
0,
14791,
23243,
23243,
17495,
17495,
17495,
25323,
65478,
65478,
52652,
23243,
52857,
35922,
14823,
0,
14823,
0,
0,
0,
0,
0,
0,
0,
0,
0,
0,
0,
0,
0,
0,
0,
12678,
14791,
15317,
15317,
17495,
15317,
15317,
23275,
63237,
37865,
52652,
21162,
48631,
52857,
46518,
14791,
52825,
12711,
0,
0,
0,
0,
0,
0,
0,
0,
0,
0,
0,
0,
0,
14759,
21163,
17495,
19280,
19280,
17495,
15382,
15382,
17495,
23210,
39978,
52652,
23211,
52857,
65535,
50712,
52857,
52857,
14791,
0,
0,
0,
0,
0,
0,
0,
0,
0,
0,
0,
0,
0,
14791,
17462,
23275,
17463,
17463,
17495,
15415,
17463,
17496,
52825,
23243,
23275,
52857,
65535,
65535,
65535,
52889,
52857,
14791,
0,
0,
0,
0,
0,
0,
0,
0,
0,
0,
0,
0,
0,
12678,
12678,
17495,
15317,
15317,
17495,
15317,
15317,
17495,
45606,
48631,
23275,
63454,
65535,
65535,
48599,
50712,
23243,
17167,
14791,
0,
0,
0,
0,
0,
0,
0,
0,
0,
0,
0,
0,
0,
12710,
23275,
15382,
15382,
17495,
15382,
15382,
17495,
14791,
65535,
25324,
65535,
65535,
23243,
21162,
23243,
19313,
17199,
14823,
0,
0,
0,
0,
0,
0,
0,
0,
0,
0,
0,
0,
0,
0,
14791,
23243,
23243,
17495,
15415,
17463,
25324,
65535,
23275,
65535,
65535,
23243,
17495,
17430,
23243,
19313,
23211,
14791,
14823,
0,
0,
0,
0,
0,
0,
0,
0,
0,
0,
0,
0,
0,
0,
12678,
17167,
19313,
15317,
15317,
23243,
21162,
65535,
65535,
21130,
15349,
17463,
15317,
15382,
23243,
25356,
50712,
14791,
0,
0,
0,
0,
0,
0,
0,
0,
0,
0,
0,
0,
0,
0,
14791,
19280,
19313,
19280,
23243,
19345,
52857,
65535,
65535,
23211,
17463,
17495,
15382,
17495,
19313,
23243,
27501,
14791,
14791,
0,
0,
0,
0,
0,
0,
0,
0,
0,
0,
0,
0,
14791,
17463,
23243,
17495,
19280,
14759,
14791,
19313,
65535,
23243,
15382,
17463,
17495,
15382,
17495,
19313,
23211,
23275,
65535,
14791,
0,
0,
0,
0,
0,
0,
0,
0,
0,
0,
0,
0,
14791,
15317,
21162,
17495,
12678,
0,
0,
12678,
17199,
23243,
15317,
15349,
17463,
15317,
15382,
19312,
21130,
27469,
23211,
12711,
0,
0,
0,
0,
0,
0,
0,
0,
0,
0,
0,
12710,
17495,
23243,
15415,
14791,
0,
0,
0,
0,
14791,
23275,
19280,
17463,
17495,
15382,
19313,
19313,
12710,
14823,
65535,
14791,
0,
0,
0,
0,
0,
0,
0,
0,
0,
0,
0,
0,
14791,
12710,
14791,
0,
0,
0,
0,
0,
14759,
23275,
17200,
19280,
19313,
17200,
19312,
14823,
0,
0,
14759,
14791,
0,
0,
0,
0,
0,
0,
0,
0,
0,
0,
0,
0,
0,
0,
0,
0,
0,
12711,
0,
12678,
17199,
19313,
21130,
17199,
23243,
17167,
17231,
14823,
0,
0,
0,
0,
0,
0,
0,
0,
0,
0,
0,
0,
0,
0,
0,
0,
0,
0,
0,
0,
14758,
49735,
14791,
19280,
19312,
19313,
14759,
23243,
23275,
19280,
14823,
0,
0,
0,
0,
0,
0,
0,
0,
0,
0,
0,
0,
0,
0,
0,
0,
0,
0,
0,
12710,
14791,
47654,
47654,
49735,
47655,
19280,
14823,
0,
14759,
19313,
17199,
14823,
0,
0,
0,
0,
0,
0,
0,
0,
0,
0,
0,
0,
0,
0,
0,
0,
0,
0,
12678,
45574,
49735,
45574,
45574,
49735,
45574,
45606,
14823,
0,
12678,
19312,
12711,
0,
0,
0,
0,
0,
0,
0,
0,
0,
0,
0,
0,
0,
0,
0,
0,
0,
0,
0,
0,
14759,
49735,
49735,
49735,
49735,
49735,
14823,
0,
0,
0,
14823,
0,
0,
0,
0,
0,
0,
0,
0,
0,
0,
0,
0,
0,
0,
0,
0,
0,
0,
0,
0,
12710,
47654,
49735,
47654,
47654,
49735,
47654,
47686,
14823,
0,
0,
0,
0,
0,
0,
0,
0,
0,
0,
0,
0,
0,
0,
0,
0,
0,
0,
0,
0,
0,
0,
0,
0,
12678,
14791,
45574,
45574,
49735,
45574,
14791,
0,
0,
0,
0,
0,
0,
0,
0,
0,
0,
0,
0,
0,
0,
0,
0,
0,
0,
0,
0,
0,
0,
0,
0,
0,
0,
0,
14759,
49735,
14791,
49735,
14823,
0,
0,
0,
0,
0,
0,
0,
0,
0,
0,
0,
0,
0,
0,
0,
0,
0,
0,
0,
0,
0,
0,
0,
0,
0,
0,
0,
0,
14791,
0,
14791,
0,
0,
0,
0,
0,
0,
0,
0,
0,
0,
0,
0,
0,
0,
0,
0,
0,
0,
0,
0,
0,
0,
0,
0,
0,
0,
0,
0,
0,
0,
0,
0,
0,
0,
0,
0,
0,
0,
0,
0,
0,
0,
0,
0,
0,
0,
0,
0,
0,
0,
0,
0,
0,
0,
0,
0,
0,
0,
0,
0,
0,
0,
0,
0,
0,
0,
0,
0,
0,
0,
0,
0,
0,
0,
0,
0,
0,
0,
0,
0,
0,
0,
0,
0,
0,
0,
0,
0,
0,
0,
0,
0,
0,
0,
0,
0,
0,
0,
0,
0,
0,
0,
0,
0,
0,
0,
0,
0,
0,
0,
0,
0,
0,
