2020
0,
0,
0,
0,
0,
0,
0,
0,
0,
0,
0,
0,
0,
0,
0,
0,
0,
0,
0,
0,
0,
0,
0,
0,
0,
0,
0,
0,
0,
0,
0,
0,
0,
0,
0,
0,
0,
0,
0,
0,
0,
0,
0,
0,
0,
0,
0,
0,
0,
14791,
12678,
14791,
0,
0,
0,
0,
0,
0,
0,
0,
0,
0,
0,
0,
0,
0,
0,
0,
0,
0,
0,
0,
0,
0,
0,
0,
0,
0,
0,
0,
0,
14791,
63417,
48628,
14824,
0,
0,
0,
0,
0,
0,
0,
0,
0,
0,
0,
0,
0,
0,
0,
0,
0,
0,
0,
0,
0,
0,
0,
0,
0,
0,
0,
0,
14823,
65532,
54934,
65532,
14824,
0,
0,
0,
0,
0,
0,
0,
0,
0,
0,
0,
0,
0,
0,
0,
0,
0,
0,
0,
0,
0,
0,
0,
0,
0,
0,
14791,
65532,
65498,
52821,
65532,
21162,
12710,
14824,
0,
0,
0,
0,
0,
0,
0,
0,
0,
0,
0,
0,
0,
0,
0,
0,
0,
0,
0,
0,
0,
0,
0,
0,
14758,
65532,
63417,
50709,
65532,
21162,
65498,
65531,
12711,
0,
0,
0,
0,
0,
0,
0,
0,
0,
0,
0,
0,
0,
0,
0,
0,
0,
0,
0,
0,
0,
0,
14823,
65532,
65532,
54934,
65532,
65532,
65531,
35953,
65532,
52854,
14824,
0,
0,
0,
0,
0,
0,
0,
0,
0,
0,
0,
0,
0,
0,
0,
0,
0,
0,
0,
0,
14791,
33686,
65498,
65532,
65498,
65531,
65532,
65465,
62631,
64744,
48628,
14791,
0,
0,
0,
0,
0,
0,
0,
0,
0,
0,
0,
0,
0,
0,
0,
0,
0,
14824,
0,
12678,
35799,
63417,
48628,
65532,
65465,
65498,
65532,
63385,
33808,
65531,
12711,
0,
0,
0,
0,
0,
0,
0,
0,
0,
0,
0,
0,
0,
0,
0,
0,
0,
14791,
35767,
14791,
14791,
35767,
35767,
35799,
65532,
65532,
65532,
65532,
35921,
65532,
65532,
52854,
14824,
0,
0,
0,
0,
0,
0,
0,
0,
0,
0,
0,
0,
0,
0,
0,
0,
12678,
35767,
21162,
31605,
35767,
31605,
65497,
65532,
65465,
65498,
35921,
12678,
65535,
65531,
46548,
14791,
0,
0,
0,
0,
0,
0,
0,
0,
0,
0,
0,
0,
0,
12678,
0,
12710,
31573,
35767,
21162,
31605,
35799,
48628,
65465,
65532,
63417,
23243,
65535,
63385,
62600,
52854,
12711,
0,
0,
0,
0,
0,
0,
0,
0,
0,
0,
0,
0,
0,
14791,
35767,
14791,
23275,
35767,
35767,
23275,
35767,
35767,
65532,
65532,
65532,
25323,
64744,
64744,
64712,
35767,
14823,
65531,
14824,
0,
0,
0,
0,
0,
0,
0,
0,
0,
0,
0,
0,
14759,
31573,
23275,
31605,
31573,
23275,
31605,
31605,
54934,
65465,
65465,
35767,
31573,
31606,
35767,
31573,
31606,
33719,
12678,
14791,
0,
0,
0,
0,
0,
0,
0,
0,
0,
0,
0,
14791,
33686,
31605,
23275,
31606,
31605,
23275,
31606,
33686,
65532,
65465,
21162,
23275,
21162,
33686,
35767,
21162,
33686,
23243,
12743,
0,
0,
0,
0,
0,
0,
0,
0,
0,
0,
0,
0,
14791,
35767,
35767,
23275,
35767,
35767,
35767,
35799,
54934,
65532,
52886,
23275,
35767,
35767,
23275,
35767,
23275,
35767,
23275,
52854,
14824,
0,
0,
0,
0,
0,
0,
0,
0,
0,
0,
0,
14791,
33686,
31573,
35767,
27314,
31573,
35767,
31605,
65497,
65532,
21162,
31605,
35767,
31573,
21163,
35767,
21130,
23243,
65531,
63417,
65499,
14823,
0,
0,
0,
0,
0,
0,
0,
0,
0,
0,
14791,
33686,
31605,
35767,
31606,
31605,
35799,
50741,
65498,
54934,
21162,
31606,
35767,
31605,
33686,
23275,
31605,
33686,
35799,
65465,
52822,
14823,
0,
0,
0,
0,
0,
0,
0,
0,
0,
0,
14791,
35767,
35767,
35767,
35767,
35767,
35800,
65532,
65532,
23275,
35767,
35767,
35767,
35767,
35767,
35767,
35767,
35767,
35767,
14791,
14824,
0,
0,
0,
0,
0,
0,
0,
0,
0,
0,
0,
0,
12710,
31573,
35767,
31605,
31573,
35799,
65465,
63417,
23275,
31573,
31573,
35767,
31573,
31606,
35767,
31573,
12678,
14823,
0,
0,
0,
0,
0,
0,
0,
0,
0,
0,
0,
0,
0,
0,
14759,
31605,
35767,
31606,
33685,
65532,
65498,
65498,
23275,
31605,
31606,
35767,
31605,
33686,
35767,
48628,
14791,
0,
0,
0,
0,
0,
0,
0,
0,
0,
0,
0,
0,
0,
0,
0,
0,
14791,
35767,
35767,
33719,
35799,
54934,
65531,
23275,
35767,
35767,
35767,
35767,
23275,
23275,
14823,
0,
0,
0,
0,
0,
0,
0,
0,
0,
0,
0,
0,
0,
0,
12678,
14759,
12710,
21130,
23275,
31605,
31573,
35767,
31605,
63417,
54934,
31573,
31573,
35767,
31573,
29363,
54934,
46548,
12678,
0,
0,
0,
0,
0,
0,
0,
0,
0,
0,
0,
0,
0,
12678,
35767,
33686,
31605,
35767,
31606,
31605,
54934,
65498,
65498,
65532,
31605,
31606,
35767,
27314,
29363,
31476,
48628,
50741,
14823,
0,
0,
0,
0,
0,
0,
0,
0,
0,
0,
0,
0,
0,
14791,
14791,
33719,
35767,
35767,
33719,
35799,
54934,
65532,
54934,
52886,
23243,
29428,
29396,
31476,
54934,
52854,
35921,
14824,
0,
0,
0,
0,
0,
0,
0,
0,
0,
0,
0,
0,
0,
0,
0,
12678,
23243,
21162,
31573,
35767,
27314,
27314,
31476,
48596,
48628,
23243,
21130,
21162,
14791,
12678,
14791,
0,
0,
0,
0,
0,
0,
0,
0,
0,
0,
0,
0,
0,
0,
0,
14791,
33686,
35767,
33686,
33686,
29428,
29363,
23243,
54934,
50741,
50741,
54934,
50709,
14791,
0,
0,
0,
0,
0,
0,
0,
0,
0,
0,
0,
0,
0,
0,
0,
0,
0,
0,
0,
14759,
14791,
14791,
14791,
23275,
23243,
29396,
29428,
52886,
54934,
14791,
14823,
0,
0,
0,
0,
0,
0,
0,
0,
0,
0,
0,
0,
0,
0,
0,
0,
0,
0,
0,
0,
0,
0,
0,
0,
14791,
27314,
27282,
29396,
12678,
12711,
0,
0,
0,
0,
0,
0,
0,
0,
0,
0,
0,
0,
0,
0,
0,
0,
0,
0,
0,
0,
0,
0,
0,
0,
0,
0,
14791,
12710,
12710,
14824,
0,
0,
0,
0,
0,
0,
0,
0,
0,
0,
0,
0,
0,
0,
0,
0,
0,
0,
0,
0,
0,
0,
0,
0,
0,
0,
0,
0,
0,
0,
0,
0,
0,
0,
0,
0,
0,
0,
0,
0,
0,
0,
0,
0,
0,
0,
0,
0,
0,
0,
0,
0,
0,
0,
0,
0,
0,
0,
0,
0,
0,
0,
0,
0,
0,
0,
0,
0,
0,
0,
0,
0,
0,
0,
0,
0,
0,
0,
0,
0,
0,
