2020
0,
0,
0,
0,
0,
0,
0,
0,
0,
0,
0,
0,
0,
0,
0,
0,
0,
0,
0,
0,
0,
0,
0,
0,
0,
0,
0,
0,
0,
0,
0,
0,
0,
0,
0,
0,
0,
0,
0,
0,
0,
0,
0,
12710,
14791,
0,
0,
0,
0,
0,
0,
0,
0,
0,
0,
0,
0,
0,
0,
0,
0,
0,
0,
0,
0,
0,
0,
0,
0,
0,
0,
12710,
12711,
0,
14791,
65319,
65319,
14791,
0,
0,
0,
0,
0,
0,
0,
0,
0,
0,
0,
0,
0,
0,
0,
0,
0,
0,
0,
0,
0,
0,
0,
0,
12678,
27483,
25368,
12710,
65448,
63207,
63239,
65448,
12710,
0,
0,
0,
0,
12710,
12678,
14791,
0,
0,
0,
0,
0,
0,
0,
0,
0,
0,
0,
0,
0,
0,
0,
0,
14759,
27483,
23275,
65448,
65480,
65448,
35999,
65448,
14791,
0,
0,
0,
14791,
65535,
65535,
14791,
0,
0,
0,
0,
0,
0,
0,
0,
0,
0,
0,
0,
0,
0,
0,
12710,
25369,
27483,
21162,
65319,
35999,
63239,
31806,
35999,
63239,
12743,
0,
12710,
65535,
52825,
21130,
12710,
14791,
0,
0,
0,
0,
0,
0,
0,
0,
0,
0,
0,
0,
0,
0,
12678,
25368,
23275,
63239,
46483,
33919,
29725,
31773,
33919,
29693,
12711,
0,
12678,
21130,
23243,
25336,
25402,
27482,
12710,
0,
0,
0,
0,
0,
0,
0,
0,
0,
0,
0,
0,
0,
14759,
23243,
23243,
65448,
33919,
33919,
33919,
33919,
23243,
35967,
64426,
14759,
27483,
27483,
23243,
14759,
27483,
27483,
27483,
14791,
0,
0,
0,
0,
0,
0,
0,
0,
0,
0,
0,
0,
0,
12678,
33919,
31774,
31774,
33919,
29725,
21130,
33919,
29725,
64329,
64426,
21130,
25369,
14758,
60583,
12710,
23243,
12678,
14791,
0,
0,
0,
0,
0,
0,
0,
0,
0,
0,
0,
0,
0,
12678,
33919,
31774,
31773,
33919,
29693,
12678,
23275,
63422,
64329,
64426,
21130,
12710,
64807,
12678,
25402,
27482,
12710,
0,
0,
0,
0,
0,
0,
0,
0,
0,
0,
0,
0,
0,
0,
14791,
33919,
33919,
33919,
33919,
14791,
65448,
14759,
64426,
64426,
23243,
64426,
12710,
12710,
14759,
23243,
27483,
27483,
14791,
0,
0,
0,
0,
0,
0,
0,
0,
0,
0,
0,
0,
0,
12678,
33919,
31774,
31774,
33919,
12678,
12678,
23243,
31773,
64329,
23243,
62249,
64329,
64426,
63207,
31839,
23243,
25336,
14791,
0,
0,
0,
0,
0,
0,
0,
0,
0,
0,
0,
0,
0,
0,
12710,
31806,
31806,
23243,
21130,
21130,
33919,
31773,
21162,
64426,
62281,
64361,
64426,
63207,
65416,
33887,
12710,
0,
0,
0,
0,
0,
0,
0,
0,
0,
0,
0,
0,
0,
0,
0,
14791,
33919,
23243,
27483,
33919,
33919,
23243,
33919,
33919,
33919,
64426,
64426,
64426,
64426,
65448,
23243,
14791,
0,
0,
0,
0,
0,
0,
0,
0,
0,
0,
0,
0,
0,
0,
0,
0,
12678,
31774,
27483,
29725,
31773,
12710,
12678,
31806,
33919,
31741,
64361,
33919,
29693,
27482,
33919,
21130,
14791,
0,
0,
0,
0,
0,
0,
0,
0,
0,
0,
0,
0,
0,
0,
14759,
25401,
31806,
33919,
25369,
25369,
14791,
0,
14759,
65535,
31773,
21162,
33919,
25369,
33887,
33919,
29725,
31839,
14791,
0,
0,
0,
0,
0,
0,
0,
0,
0,
0,
0,
0,
0,
14759,
27483,
33919,
33919,
33919,
14791,
0,
14759,
27483,
23243,
33919,
23243,
33919,
27483,
23243,
23243,
23243,
35999,
65535,
14791,
0,
0,
0,
0,
0,
0,
0,
0,
0,
0,
0,
0,
14791,
31773,
25368,
12710,
12710,
0,
14759,
25336,
25369,
23243,
63390,
31774,
21162,
21130,
65535,
65535,
21130,
31806,
21162,
12710,
0,
0,
0,
0,
0,
0,
0,
0,
0,
0,
0,
0,
0,
12678,
12711,
0,
0,
12678,
27483,
25369,
25402,
27483,
21130,
31807,
27515,
63422,
50712,
23243,
21130,
33919,
65535,
12710,
0,
0,
0,
0,
0,
0,
0,
0,
0,
0,
0,
0,
0,
0,
0,
0,
0,
14791,
33919,
27483,
27483,
27483,
14759,
33919,
33919,
33919,
27515,
33919,
33887,
23243,
14791,
0,
0,
0,
0,
0,
0,
0,
0,
0,
0,
0,
0,
0,
0,
0,
0,
0,
12678,
29725,
33919,
25336,
12678,
14791,
0,
12710,
33887,
25368,
31807,
33887,
29693,
31806,
14791,
0,
0,
0,
0,
0,
0,
0,
0,
0,
0,
0,
0,
0,
0,
0,
0,
14759,
25369,
31774,
12710,
12711,
0,
0,
0,
0,
12710,
12678,
21162,
23243,
29725,
33887,
33887,
12710,
0,
0,
0,
0,
0,
0,
0,
0,
0,
0,
0,
0,
0,
0,
0,
14791,
33887,
14791,
0,
0,
12710,
12710,
14791,
0,
0,
12711,
27483,
27483,
21162,
12710,
12710,
14791,
0,
0,
0,
0,
0,
0,
0,
0,
0,
0,
0,
0,
0,
0,
0,
12710,
12710,
0,
0,
0,
12678,
27483,
25336,
12678,
12711,
25336,
21162,
27482,
12710,
0,
0,
0,
0,
0,
0,
0,
0,
0,
0,
0,
0,
0,
0,
0,
0,
0,
0,
0,
0,
0,
0,
0,
0,
14759,
25369,
27482,
23243,
21162,
27482,
14824,
0,
0,
0,
0,
0,
0,
0,
0,
0,
0,
0,
0,
0,
0,
0,
0,
0,
0,
0,
0,
0,
0,
0,
0,
14759,
27483,
27483,
27483,
27483,
12710,
14791,
0,
0,
0,
0,
0,
0,
0,
0,
0,
0,
0,
0,
0,
0,
0,
0,
0,
0,
0,
0,
0,
0,
0,
0,
0,
12678,
14759,
23288,
25368,
14791,
0,
0,
0,
0,
0,
0,
0,
0,
0,
0,
0,
0,
0,
0,
0,
0,
0,
0,
0,
0,
0,
0,
0,
0,
0,
0,
0,
0,
0,
12678,
27482,
14791,
0,
0,
0,
0,
0,
0,
0,
0,
0,
0,
0,
0,
0,
0,
0,
0,
0,
0,
0,
0,
0,
0,
0,
0,
0,
0,
0,
0,
0,
12711,
27482,
14791,
0,
0,
0,
0,
0,
0,
0,
0,
0,
0,
0,
0,
0,
0,
0,
0,
0,
0,
0,
0,
0,
0,
0,
0,
0,
0,
0,
0,
0,
0,
12711,
0,
0,
0,
0,
0,
0,
0,
0,
0,
0,
0,
0,
0,
0,
0,
0,
0,
0,
0,
0,
0,
0,
0,
0,
0,
0,
0,
0,
0,
0,
0,
0,
0,
0,
0,
0,
0,
0,
0,
0,
0,
0,
0,
0,
0,
0,
0,
0,
0,
0,
0,
0,
0,
0,
0,
0,
0,
0,
0,
0,
0,
0,
0,
0,
0,
0,
0,
0,
0,
0,
0,
0,
0,
0,
0,
0,
0,
