2020
0,
0,
0,
0,
0,
0,
0,
0,
0,
0,
0,
0,
0,
0,
0,
0,
0,
0,
0,
0,
0,
0,
0,
0,
0,
0,
0,
0,
0,
0,
0,
0,
0,
0,
0,
0,
0,
0,
0,
0,
0,
0,
0,
0,
0,
0,
0,
0,
0,
0,
0,
0,
0,
0,
0,
0,
0,
0,
0,
0,
0,
0,
0,
0,
0,
0,
0,
0,
0,
0,
0,
0,
0,
0,
0,
0,
0,
0,
0,
12710,
14759,
14759,
14791,
0,
0,
0,
0,
0,
0,
0,
0,
0,
0,
0,
0,
0,
0,
0,
0,
0,
0,
0,
0,
0,
0,
0,
0,
0,
0,
0,
14791,
21162,
31727,
31727,
21162,
14823,
0,
0,
0,
0,
0,
0,
0,
0,
0,
0,
0,
0,
0,
0,
0,
0,
0,
0,
0,
0,
0,
0,
0,
0,
0,
12710,
31727,
21130,
21162,
23243,
21130,
29614,
14791,
0,
0,
0,
0,
0,
0,
0,
0,
0,
0,
0,
0,
0,
0,
0,
0,
0,
0,
0,
0,
0,
0,
0,
14759,
23243,
31727,
31727,
31727,
31727,
31727,
31727,
31727,
14823,
0,
0,
0,
0,
0,
0,
0,
0,
0,
0,
0,
0,
0,
0,
0,
0,
0,
0,
0,
0,
0,
14791,
56907,
23243,
31727,
29614,
31727,
31727,
29614,
31727,
31727,
12743,
0,
0,
0,
0,
0,
0,
0,
0,
0,
0,
0,
0,
0,
0,
0,
0,
0,
0,
14759,
12678,
12710,
23275,
52747,
21162,
31727,
29582,
29614,
31727,
27501,
29614,
31695,
12711,
0,
0,
0,
0,
0,
0,
0,
0,
0,
0,
0,
0,
0,
0,
0,
0,
0,
14758,
55879,
53831,
31727,
23275,
59052,
48458,
23275,
31727,
31727,
31727,
23243,
23275,
31727,
31695,
14823,
0,
0,
0,
0,
0,
0,
0,
0,
0,
0,
0,
0,
0,
0,
0,
12710,
31695,
23243,
21162,
23243,
61132,
54827,
56972,
23243,
29582,
31727,
23243,
12678,
12710,
23243,
29582,
14823,
0,
0,
0,
0,
0,
0,
0,
0,
0,
0,
0,
0,
0,
0,
0,
12678,
29582,
31727,
29582,
54827,
59052,
54795,
54827,
46378,
21130,
29614,
23243,
12678,
12710,
23211,
27501,
14791,
0,
0,
0,
0,
0,
0,
0,
0,
0,
0,
0,
0,
0,
0,
0,
0,
14791,
31727,
31727,
23275,
61132,
59052,
59052,
59084,
23243,
31727,
23243,
12710,
14791,
23275,
31695,
14823,
0,
0,
0,
0,
0,
0,
0,
0,
0,
0,
0,
0,
0,
0,
0,
0,
0,
14791,
21162,
31695,
31727,
21162,
56939,
59052,
21162,
31695,
31727,
21130,
23243,
31695,
12711,
0,
0,
0,
0,
0,
0,
0,
0,
0,
0,
0,
0,
0,
0,
0,
0,
0,
0,
14791,
29582,
29614,
31727,
29582,
21162,
59052,
52747,
21162,
31727,
27501,
29614,
21162,
12711,
0,
0,
0,
0,
0,
0,
0,
0,
0,
0,
0,
0,
0,
0,
0,
0,
0,
14759,
31727,
31727,
33775,
64167,
31727,
23275,
61132,
59052,
59084,
23243,
23243,
23275,
48458,
23243,
14759,
14823,
0,
0,
0,
0,
0,
0,
0,
0,
0,
0,
0,
0,
0,
0,
0,
12710,
31727,
29614,
21162,
14791,
57958,
23243,
59052,
54827,
59020,
59052,
44265,
46378,
23243,
21162,
33808,
65535,
12711,
0,
0,
0,
0,
0,
0,
0,
0,
0,
0,
0,
0,
0,
0,
0,
14791,
29582,
60006,
64167,
21162,
56907,
59052,
54795,
56940,
59052,
21130,
23211,
31695,
21130,
31727,
23211,
21130,
14823,
0,
0,
0,
0,
0,
0,
0,
0,
0,
0,
0,
0,
0,
0,
0,
14791,
23243,
23275,
48458,
61132,
61132,
48458,
59084,
23275,
59052,
23275,
31727,
31727,
23275,
33808,
65535,
14823,
0,
0,
0,
0,
0,
0,
0,
0,
0,
0,
0,
0,
0,
0,
14791,
21162,
23211,
31727,
21130,
23242,
48458,
54827,
59020,
59052,
54827,
56972,
23243,
29582,
23243,
31695,
12711,
0,
0,
0,
0,
0,
0,
0,
0,
0,
0,
0,
0,
0,
0,
0,
14791,
29582,
21162,
23275,
29582,
29614,
23275,
54795,
56940,
59052,
54795,
56940,
23243,
29582,
23243,
31727,
63422,
14823,
0,
0,
0,
0,
0,
0,
0,
0,
0,
0,
0,
0,
0,
14759,
31727,
14791,
31727,
23275,
31727,
31727,
31727,
23275,
61132,
61132,
59052,
23275,
31727,
23243,
31727,
31727,
23243,
14823,
0,
0,
0,
0,
0,
0,
0,
0,
0,
0,
0,
0,
0,
12710,
31727,
12710,
29614,
23243,
21130,
21162,
23243,
21162,
56940,
59052,
52747,
23211,
31695,
12678,
12710,
12710,
12711,
0,
0,
0,
0,
0,
0,
0,
0,
0,
0,
0,
0,
0,
0,
12678,
23275,
29582,
21162,
23243,
21130,
29614,
31727,
21130,
23243,
59052,
21130,
21162,
23211,
12711,
0,
0,
0,
0,
0,
0,
0,
0,
0,
0,
0,
0,
0,
0,
0,
0,
0,
14791,
23243,
23243,
23243,
23275,
31727,
14759,
14791,
31727,
23275,
61132,
48458,
48458,
14823,
0,
0,
0,
0,
0,
0,
0,
0,
0,
0,
0,
0,
0,
0,
0,
0,
0,
0,
0,
14791,
29582,
29614,
23243,
21130,
29614,
31727,
21130,
23242,
48458,
44233,
21162,
23211,
12711,
0,
0,
0,
0,
0,
0,
0,
0,
0,
0,
0,
0,
0,
0,
0,
0,
0,
0,
14791,
21162,
21162,
31727,
21130,
21162,
23243,
21162,
56972,
23243,
21162,
31695,
23275,
63454,
14823,
0,
0,
0,
0,
0,
0,
0,
0,
0,
0,
0,
0,
0,
0,
0,
0,
0,
0,
14791,
31727,
23275,
31727,
23243,
23275,
61132,
61132,
59084,
23243,
31727,
23275,
31727,
14823,
0,
0,
0,
0,
0,
0,
0,
0,
0,
0,
0,
0,
0,
0,
0,
0,
0,
0,
0,
12710,
14791,
21162,
46345,
59052,
54795,
56940,
59052,
21130,
31695,
23243,
63422,
14823,
0,
0,
0,
0,
0,
0,
0,
0,
0,
0,
0,
0,
0,
0,
0,
0,
0,
0,
0,
0,
0,
12678,
12710,
48458,
54827,
56972,
23243,
29582,
23211,
12710,
12711,
0,
0,
0,
0,
0,
0,
0,
0,
0,
0,
0,
0,
0,
0,
0,
0,
0,
0,
0,
0,
0,
0,
0,
0,
14759,
14759,
14759,
14759,
14759,
14823,
0,
0,
0,
0,
0,
0,
0,
0,
0,
0,
0,
0,
0,
0,
0,
0,
0,
0,
0,
0,
0,
0,
0,
0,
0,
0,
0,
0,
0,
0,
0,
0,
0,
0,
0,
0,
0,
0,
0,
0,
0,
0,
0,
0,
0,
0,
0,
0,
0,
0,
0,
0,
0,
0,
0,
0,
0,
0,
0,
0,
0,
0,
0,
0,
0,
0,
0,
0,
0,
0,
0,
0,
0,
0,
0,
0,
