2020
0,
0,
0,
0,
0,
0,
0,
0,
0,
0,
0,
0,
0,
0,
0,
0,
0,
0,
0,
0,
0,
0,
0,
0,
0,
0,
0,
0,
0,
0,
0,
0,
0,
0,
0,
0,
0,
0,
0,
0,
0,
0,
0,
0,
0,
0,
0,
0,
0,
0,
0,
0,
0,
0,
0,
0,
0,
0,
0,
0,
0,
0,
0,
0,
0,
0,
0,
0,
0,
0,
0,
0,
0,
0,
0,
0,
0,
0,
14759,
14791,
0,
0,
0,
0,
0,
0,
0,
0,
0,
0,
0,
0,
0,
0,
0,
0,
0,
0,
0,
0,
0,
0,
0,
0,
0,
0,
0,
0,
0,
12710,
14791,
23946,
12710,
14759,
0,
0,
0,
0,
0,
0,
0,
0,
0,
0,
0,
0,
0,
0,
0,
0,
0,
0,
0,
0,
0,
0,
0,
0,
0,
0,
12678,
23882,
26059,
23850,
23882,
26059,
12711,
0,
0,
0,
0,
0,
0,
0,
0,
0,
0,
0,
0,
0,
0,
0,
0,
0,
0,
0,
0,
0,
0,
0,
0,
0,
12710,
12710,
14759,
26059,
26059,
26091,
26059,
14823,
0,
0,
0,
0,
0,
0,
0,
0,
0,
0,
0,
0,
0,
0,
0,
0,
0,
0,
0,
0,
0,
0,
0,
0,
0,
0,
0,
12678,
12710,
26091,
23946,
14791,
0,
0,
0,
0,
0,
0,
0,
0,
0,
0,
0,
0,
0,
0,
0,
0,
0,
0,
0,
0,
0,
0,
0,
0,
12678,
12711,
0,
0,
0,
14791,
17416,
17416,
14823,
0,
0,
0,
0,
0,
0,
0,
0,
0,
0,
0,
0,
0,
0,
0,
0,
0,
0,
0,
0,
0,
12710,
14791,
47820,
62086,
14823,
0,
0,
0,
14791,
19561,
14823,
0,
0,
0,
0,
0,
0,
0,
0,
0,
0,
0,
0,
0,
0,
0,
0,
0,
0,
0,
0,
14791,
46990,
26091,
49103,
49103,
51183,
12678,
0,
0,
12710,
19529,
14823,
0,
0,
0,
0,
0,
0,
0,
0,
0,
0,
0,
0,
0,
0,
0,
0,
0,
0,
32236,
14791,
46926,
44846,
51183,
23882,
23882,
26091,
44845,
12678,
23243,
17416,
12711,
0,
0,
0,
0,
0,
0,
0,
0,
0,
0,
0,
0,
0,
0,
0,
0,
0,
0,
23243,
14791,
51183,
51183,
51183,
51183,
51183,
51183,
51183,
45772,
12710,
14791,
19561,
14823,
0,
0,
0,
0,
0,
0,
0,
0,
0,
0,
0,
0,
0,
0,
0,
0,
0,
14791,
36461,
12678,
51183,
46990,
46958,
51183,
46990,
46990,
51183,
46958,
46990,
36525,
12743,
0,
0,
0,
0,
0,
0,
0,
0,
0,
0,
0,
0,
0,
0,
0,
0,
0,
12678,
36493,
12678,
44846,
51183,
46926,
44846,
51183,
46926,
46926,
26059,
43659,
55877,
23243,
46347,
12711,
0,
0,
0,
0,
0,
0,
0,
0,
0,
0,
0,
0,
0,
0,
0,
0,
14759,
14759,
14791,
51183,
51183,
51183,
51183,
38573,
36525,
26091,
51183,
36525,
36525,
23275,
52620,
52620,
14823,
0,
14759,
14823,
0,
0,
0,
0,
0,
0,
0,
0,
0,
0,
0,
0,
0,
0,
14791,
46958,
51183,
46990,
34348,
65535,
65535,
34380,
26059,
43659,
57957,
23275,
48427,
48459,
14759,
12678,
45739,
62086,
12711,
0,
0,
0,
0,
0,
0,
0,
0,
0,
0,
0,
0,
0,
14758,
46926,
51183,
34348,
63422,
14791,
65503,
34348,
51183,
46926,
46958,
36525,
21130,
48427,
23243,
41611,
21162,
23243,
55877,
14791,
0,
0,
0,
0,
0,
0,
0,
0,
0,
0,
0,
0,
14791,
51183,
51183,
38574,
65535,
65535,
38573,
51183,
26091,
47820,
62086,
23275,
26059,
23243,
23243,
23243,
26091,
26059,
14823,
0,
0,
0,
0,
0,
0,
0,
0,
0,
0,
0,
0,
0,
14791,
46958,
51183,
46990,
34348,
38573,
46990,
23946,
51183,
34348,
34348,
14791,
23914,
23946,
23243,
21130,
21162,
23243,
23882,
14791,
0,
0,
0,
0,
0,
0,
0,
0,
0,
0,
0,
0,
0,
12678,
51183,
46958,
46926,
51183,
46958,
46926,
26059,
55877,
12678,
0,
12678,
23914,
26059,
21130,
43691,
62085,
21130,
14791,
0,
0,
0,
0,
0,
0,
0,
0,
0,
0,
0,
0,
0,
14791,
51183,
51183,
51183,
51183,
51183,
47820,
47820,
36525,
14759,
0,
14791,
26091,
26091,
26059,
23243,
23243,
62085,
62086,
14823,
0,
0,
0,
0,
0,
0,
0,
0,
0,
0,
0,
0,
12678,
23275,
46958,
46926,
51183,
46958,
34348,
36525,
12678,
0,
0,
0,
12710,
26059,
23882,
23914,
23243,
12678,
12710,
14791,
0,
0,
0,
0,
0,
0,
0,
0,
0,
0,
0,
0,
12678,
36525,
21130,
21162,
51183,
34316,
12678,
14759,
0,
0,
0,
0,
12710,
26059,
23882,
23914,
12743,
0,
0,
0,
0,
0,
0,
0,
0,
0,
0,
0,
0,
0,
0,
0,
14791,
36525,
19593,
36525,
14759,
14823,
0,
0,
0,
0,
0,
0,
14791,
26091,
26059,
26059,
14823,
0,
0,
0,
0,
0,
0,
0,
0,
0,
0,
0,
0,
0,
0,
0,
12678,
14791,
21162,
34284,
14823,
0,
0,
0,
0,
0,
0,
12678,
23914,
26059,
23850,
12743,
0,
0,
0,
0,
0,
0,
0,
0,
0,
0,
0,
0,
0,
0,
0,
0,
0,
0,
12710,
34316,
14823,
0,
0,
0,
0,
0,
0,
12710,
23946,
14791,
23882,
14791,
0,
0,
0,
0,
0,
0,
0,
0,
0,
0,
0,
0,
0,
0,
0,
0,
0,
0,
0,
14759,
14823,
0,
0,
0,
0,
0,
14791,
26059,
14823,
0,
14759,
14823,
0,
0,
0,
0,
0,
0,
0,
0,
0,
0,
0,
0,
0,
0,
0,
0,
0,
0,
0,
0,
0,
0,
0,
0,
0,
12678,
26059,
23882,
12743,
0,
0,
0,
0,
0,
0,
0,
0,
0,
0,
0,
0,
0,
0,
0,
0,
0,
0,
0,
0,
0,
0,
0,
0,
0,
0,
0,
0,
12678,
14759,
12711,
0,
0,
0,
0,
0,
0,
0,
0,
0,
0,
0,
0,
0,
0,
0,
0,
0,
0,
0,
0,
0,
0,
0,
0,
0,
0,
0,
0,
0,
0,
0,
0,
0,
0,
0,
0,
0,
0,
0,
0,
0,
0,
0,
0,
0,
0,
0,
0,
0,
0,
0,
0,
0,
0,
0,
0,
0,
0,
0,
0,
0,
0,
0,
0,
0,
0,
0,
0,
0,
0,
0,
0,
0,
0,
0,
0,
0,
0,
0,
0,
0,
0,
0,
0,
0,
0,
0,
0,
0,
0,
0,
0,
0,
0,
0,
0,
0,
0,
0,
0,
0,
0,
0,
0,
0,
0,
0,
0,
0,
