2020
0,
0,
0,
0,
0,
0,
0,
0,
0,
0,
0,
0,
0,
0,
0,
0,
0,
0,
0,
0,
0,
0,
0,
0,
0,
0,
0,
0,
0,
0,
0,
0,
0,
0,
0,
0,
0,
0,
0,
0,
0,
0,
0,
0,
0,
0,
0,
0,
0,
0,
0,
0,
0,
0,
0,
0,
0,
0,
0,
0,
0,
0,
0,
0,
0,
0,
0,
0,
0,
0,
0,
0,
0,
0,
0,
0,
0,
0,
0,
0,
0,
0,
0,
0,
0,
0,
0,
0,
0,
0,
0,
0,
0,
0,
0,
0,
0,
0,
0,
0,
0,
0,
0,
0,
0,
0,
0,
0,
0,
0,
0,
0,
0,
0,
0,
0,
0,
0,
0,
0,
0,
0,
0,
0,
0,
0,
0,
0,
0,
0,
0,
0,
0,
0,
0,
0,
0,
0,
0,
0,
0,
0,
0,
0,
0,
0,
0,
0,
0,
0,
0,
0,
0,
0,
0,
0,
0,
0,
0,
0,
0,
0,
0,
0,
0,
0,
0,
0,
0,
0,
0,
0,
0,
0,
0,
0,
0,
0,
0,
0,
0,
0,
0,
0,
0,
0,
0,
0,
0,
0,
0,
0,
0,
0,
0,
0,
0,
0,
0,
0,
0,
0,
0,
0,
14791,
12711,
0,
0,
0,
0,
0,
0,
0,
0,
0,
0,
0,
0,
0,
0,
0,
0,
0,
0,
0,
0,
0,
0,
0,
0,
0,
0,
0,
0,
0,
0,
14791,
39593,
14823,
0,
0,
0,
0,
0,
0,
14759,
12710,
14824,
0,
0,
0,
0,
0,
0,
0,
0,
0,
0,
0,
0,
0,
0,
0,
0,
0,
0,
0,
0,
14791,
41674,
14824,
0,
0,
0,
0,
0,
14823,
54970,
52857,
14824,
0,
0,
0,
0,
0,
0,
0,
0,
0,
0,
0,
0,
0,
0,
0,
0,
12711,
0,
12678,
12710,
14791,
21130,
21162,
14823,
0,
0,
0,
12710,
50744,
50744,
12711,
0,
0,
0,
0,
0,
0,
0,
0,
0,
0,
0,
0,
0,
0,
0,
0,
14758,
56013,
14791,
14759,
38102,
40183,
38037,
38102,
40182,
12710,
14759,
14791,
29586,
31699,
52857,
14791,
0,
0,
0,
0,
0,
0,
0,
0,
0,
0,
0,
0,
0,
0,
0,
14791,
64562,
60109,
60142,
14759,
23275,
40183,
40150,
65535,
65385,
38102,
23243,
41706,
23243,
31699,
14824,
0,
0,
0,
0,
0,
0,
0,
0,
0,
0,
0,
0,
0,
0,
0,
0,
14791,
62416,
37513,
41674,
21162,
35957,
40182,
63144,
63177,
40150,
35956,
29586,
23243,
53900,
14791,
0,
0,
14823,
0,
0,
0,
0,
0,
0,
0,
0,
0,
0,
0,
0,
0,
12710,
41706,
39626,
64561,
23276,
38069,
38102,
40183,
38037,
38102,
40182,
29586,
29619,
25323,
37545,
14823,
0,
14759,
54938,
14823,
0,
0,
0,
0,
0,
0,
0,
0,
0,
0,
0,
0,
14791,
64594,
64562,
64562,
64594,
23243,
23275,
31699,
38102,
40182,
31731,
65535,
31699,
25323,
58061,
60109,
14791,
29586,
23275,
14824,
0,
0,
0,
0,
0,
0,
0,
0,
0,
0,
0,
0,
12710,
64594,
62416,
62448,
64594,
21162,
35957,
40182,
35956,
35956,
14791,
53900,
29618,
65535,
21130,
55981,
23243,
21130,
29618,
14791,
0,
0,
0,
0,
0,
0,
0,
0,
0,
0,
0,
0,
14759,
64594,
64561,
41674,
43754,
64561,
23243,
23276,
38070,
40182,
65535,
65535,
31699,
25323,
39626,
41674,
23275,
38069,
14824,
0,
14791,
0,
0,
0,
0,
0,
0,
0,
0,
0,
0,
0,
14791,
41706,
41674,
64562,
64594,
64562,
23275,
40183,
38102,
25324,
65535,
23243,
31699,
25323,
58061,
23275,
40182,
38070,
14791,
14823,
65535,
14824,
0,
0,
0,
0,
0,
0,
0,
0,
0,
0,
0,
14791,
62416,
62448,
64594,
53900,
53932,
23275,
35956,
35957,
29619,
27473,
14758,
58061,
37513,
23243,
38070,
27473,
23243,
38069,
21130,
14823,
0,
0,
0,
0,
0,
0,
0,
0,
0,
0,
0,
14791,
64561,
64562,
64594,
58061,
41674,
23276,
38070,
14791,
60142,
23243,
14791,
14791,
38070,
40182,
23243,
23243,
31699,
40183,
65535,
14824,
0,
0,
0,
0,
0,
0,
0,
0,
0,
0,
0,
0,
12710,
64561,
60142,
39594,
58061,
60142,
14791,
0,
14791,
55981,
14823,
0,
12710,
40182,
40182,
50744,
23243,
23243,
14791,
0,
0,
0,
0,
0,
0,
0,
0,
0,
0,
0,
0,
0,
0,
12710,
41674,
53900,
55980,
41674,
12711,
0,
14791,
53900,
55981,
14823,
0,
14791,
52825,
63454,
65535,
65535,
12711,
0,
0,
0,
0,
0,
0,
0,
0,
0,
0,
0,
0,
0,
0,
0,
14791,
14759,
60109,
14824,
0,
0,
14791,
41674,
60109,
14824,
0,
14791,
25324,
65535,
23275,
14824,
0,
0,
0,
0,
0,
0,
0,
0,
0,
0,
0,
0,
0,
0,
0,
0,
0,
0,
14823,
0,
0,
0,
14791,
55981,
14823,
0,
0,
0,
14759,
14791,
65535,
14823,
0,
0,
0,
0,
0,
0,
0,
0,
0,
0,
0,
0,
0,
0,
0,
0,
0,
0,
0,
0,
0,
0,
0,
12711,
0,
0,
0,
0,
0,
0,
12710,
14791,
0,
0,
0,
0,
0,
0,
0,
0,
0,
0,
0,
0,
0,
0,
0,
0,
0,
0,
0,
0,
0,
0,
0,
0,
0,
0,
0,
0,
0,
0,
0,
0,
0,
0,
0,
0,
0,
0,
0,
0,
0,
0,
0,
0,
0,
0,
0,
0,
0,
0,
0,
0,
0,
0,
0,
0,
0,
0,
0,
0,
0,
0,
0,
0,
0,
0,
0,
0,
0,
0,
0,
0,
0,
0,
0,
0,
0,
0,
0,
0,
0,
0,
0,
0,
0,
0,
0,
0,
0,
0,
0,
0,
0,
0,
0,
0,
0,
0,
0,
0,
0,
0,
0,
0,
0,
0,
0,
0,
0,
0,
0,
0,
0,
0,
0,
0,
0,
0,
0,
0,
0,
0,
0,
0,
0,
0,
0,
0,
0,
0,
0,
0,
0,
0,
0,
0,
0,
0,
0,
0,
0,
0,
0,
0,
0,
0,
0,
0,
0,
0,
0,
0,
0,
0,
0,
0,
0,
0,
0,
0,
0,
0,
0,
0,
0,
0,
0,
0,
0,
0,
0,
0,
0,
0,
0,
0,
0,
0,
0,
0,
0,
0,
0,
0,
0,
0,
0,
0,
0,
0,
0,
0,
0,
0,
0,
0,
0,
0,
0,
0,
0,
0,
0,
0,
0,
0,
0,
0,
0,
0,
0,
0,
0,
0,
0,
0,
0,
0,
0,
0,
0,
0,
0,
0,
0,
0,
0,
0,
0,
0,
0,
