2020
0,
0,
0,
0,
0,
0,
0,
0,
0,
0,
0,
0,
0,
0,
0,
0,
0,
0,
0,
0,
0,
0,
0,
0,
0,
0,
0,
0,
0,
0,
0,
0,
0,
0,
0,
0,
0,
0,
0,
0,
0,
0,
0,
0,
0,
0,
0,
0,
0,
0,
0,
0,
0,
0,
0,
0,
0,
0,
0,
0,
0,
0,
0,
0,
0,
0,
0,
0,
0,
0,
0,
0,
0,
0,
0,
0,
0,
0,
0,
0,
0,
14759,
14791,
0,
0,
0,
0,
0,
0,
0,
0,
0,
0,
0,
0,
0,
0,
0,
0,
0,
0,
0,
0,
0,
0,
0,
0,
0,
0,
0,
0,
0,
12678,
35691,
48565,
12711,
0,
0,
0,
0,
0,
0,
0,
0,
0,
0,
0,
0,
0,
0,
0,
0,
0,
0,
0,
0,
0,
0,
14823,
0,
0,
0,
0,
14759,
33643,
35691,
23243,
33643,
14823,
0,
0,
0,
0,
0,
0,
0,
0,
0,
0,
0,
0,
0,
0,
0,
0,
0,
0,
0,
0,
14791,
52758,
14823,
0,
0,
0,
12710,
33611,
54904,
23211,
54839,
14823,
0,
0,
0,
0,
0,
0,
0,
0,
0,
0,
0,
0,
0,
0,
0,
0,
0,
0,
0,
0,
12710,
42258,
14823,
0,
0,
14791,
31498,
31498,
33643,
31498,
12711,
0,
0,
0,
0,
0,
0,
0,
0,
0,
0,
0,
0,
0,
0,
0,
0,
0,
0,
0,
0,
0,
14791,
54904,
54904,
12710,
14759,
35691,
33611,
33643,
35691,
14823,
0,
0,
0,
0,
0,
0,
0,
0,
0,
0,
0,
0,
0,
0,
0,
0,
0,
0,
0,
0,
0,
14791,
52791,
52759,
48565,
12710,
23210,
35691,
33578,
31530,
23243,
21162,
14791,
0,
12710,
14791,
0,
0,
0,
0,
0,
0,
0,
0,
0,
0,
0,
0,
0,
0,
12710,
12743,
0,
14791,
44339,
44307,
54904,
12710,
37902,
23243,
21130,
21162,
64773,
62597,
62629,
14791,
31498,
31498,
14823,
0,
0,
0,
0,
0,
0,
0,
0,
0,
0,
0,
0,
0,
14791,
54904,
14759,
23275,
54904,
54904,
42127,
42095,
40047,
23275,
58185,
23243,
23275,
58185,
58217,
58217,
23243,
33643,
33643,
14823,
0,
0,
0,
0,
0,
0,
0,
0,
0,
0,
0,
0,
14791,
52791,
50678,
42127,
37966,
37934,
42127,
37966,
21162,
42127,
21162,
37966,
23275,
43752,
45801,
47881,
43720,
23210,
33643,
12711,
0,
0,
0,
0,
0,
0,
0,
0,
0,
0,
0,
0,
0,
12678,
48597,
42095,
37934,
60517,
14791,
37902,
21162,
65535,
21162,
50646,
42127,
21130,
43752,
64773,
60517,
21162,
12710,
12711,
0,
0,
0,
0,
0,
0,
0,
0,
0,
0,
0,
0,
14791,
64774,
23275,
42127,
64773,
64774,
60265,
42127,
23275,
54904,
23275,
54904,
42127,
23275,
64773,
64773,
64774,
58217,
14823,
0,
0,
0,
0,
0,
0,
0,
0,
0,
0,
0,
0,
0,
14791,
64741,
21162,
42127,
64677,
21162,
65535,
37966,
65535,
42127,
21162,
52758,
42127,
21162,
56137,
64773,
62597,
21162,
14823,
0,
0,
0,
0,
0,
0,
0,
0,
0,
0,
0,
0,
0,
14791,
64709,
60549,
23243,
37934,
37902,
42127,
37934,
37934,
23243,
21162,
37934,
42127,
37902,
21162,
47881,
43720,
21162,
33611,
12711,
0,
0,
0,
0,
0,
0,
0,
0,
0,
0,
0,
0,
0,
14791,
64774,
47881,
23243,
23275,
42127,
23243,
23243,
23243,
64774,
23275,
42127,
23275,
60265,
64773,
64774,
23275,
33643,
14823,
0,
0,
0,
0,
0,
0,
0,
0,
0,
0,
0,
0,
0,
14758,
54024,
47913,
56104,
54024,
14759,
64709,
23210,
64773,
62629,
64677,
23243,
21162,
64709,
64773,
62629,
56137,
23243,
21130,
23275,
0,
0,
0,
0,
0,
0,
0,
0,
0,
0,
0,
0,
0,
12678,
23243,
54024,
12710,
64773,
62629,
62597,
23243,
62597,
21130,
42127,
21162,
45800,
64773,
60549,
21162,
42095,
31498,
52759,
14823,
0,
0,
0,
0,
0,
0,
0,
0,
0,
0,
0,
0,
0,
14759,
14791,
64773,
64773,
64773,
23243,
23243,
23243,
42127,
42127,
23275,
47881,
47881,
23243,
35691,
60265,
58217,
33643,
14823,
0,
0,
0,
0,
0,
0,
0,
0,
0,
0,
0,
0,
0,
0,
12710,
62597,
64774,
21162,
21162,
42127,
21130,
37934,
23275,
43720,
56104,
58217,
21130,
37966,
58185,
54024,
33610,
14823,
0,
0,
0,
0,
0,
0,
0,
0,
0,
0,
0,
0,
0,
0,
12710,
62597,
58217,
21162,
37934,
42127,
37902,
21162,
47913,
54024,
56104,
47881,
21130,
31530,
42095,
31498,
52759,
14823,
0,
0,
0,
0,
0,
0,
0,
0,
0,
0,
0,
0,
0,
0,
0,
14791,
64774,
23243,
14791,
42127,
23243,
23243,
23243,
23243,
23243,
23243,
23275,
35691,
23243,
23243,
23276,
0,
0,
0,
0,
0,
0,
0,
0,
0,
0,
0,
0,
0,
0,
0,
0,
0,
14759,
12711,
0,
14759,
62597,
62629,
64774,
21162,
37966,
42127,
37902,
21162,
14823,
0,
0,
0,
0,
0,
0,
0,
0,
0,
0,
0,
0,
0,
0,
0,
0,
0,
0,
0,
0,
0,
14758,
64773,
62629,
62629,
35691,
37934,
40015,
42127,
37902,
40015,
54872,
12678,
0,
0,
0,
0,
0,
0,
0,
0,
0,
0,
0,
0,
0,
0,
0,
0,
14759,
14759,
14759,
14791,
42127,
35691,
42127,
42127,
42127,
42127,
42127,
42127,
42127,
42127,
33643,
14823,
0,
0,
0,
0,
0,
0,
0,
0,
0,
0,
0,
0,
0,
0,
0,
14791,
37934,
37902,
42127,
37934,
37934,
42127,
31498,
31498,
35691,
31498,
37966,
42127,
37902,
37967,
54872,
12711,
0,
0,
0,
0,
0,
0,
0,
0,
0,
0,
0,
0,
0,
0,
0,
0,
12710,
12678,
14791,
37966,
37934,
42127,
37934,
37934,
42127,
37934,
21162,
14759,
12678,
12710,
14823,
0,
0,
0,
0,
0,
0,
0,
0,
0,
0,
0,
0,
0,
0,
0,
0,
0,
0,
0,
0,
14759,
14759,
14759,
14759,
14759,
14759,
14759,
14823,
0,
0,
0,
0,
0,
0,
0,
0,
0,
0,
0,
0,
0,
0,
0,
0,
0,
0,
0,
0,
0,
0,
0,
0,
0,
0,
0,
0,
0,
0,
0,
0,
0,
0,
0,
0,
0,
0,
0,
0,
0,
0,
0,
0,
0,
0,
0,
0,
0,
0,
0,
0,
0,
0,
0,
0,
0,
0,
0,
0,
0,
0,
0,
0,
0,
0,
0,
0,
0,
0,
0,
0,
0,
0,
0,
0,
0,
0,
0,
0,
0,
0,
0,
0,
0,
0,
0,
0,
0,
0,
0,
0,
0,
0,
0,
0,
0,
0,
0,
0,
0,
0,
0,
0,
0,
0,
0,
0,
