2020
0,
0,
0,
0,
0,
0,
0,
0,
0,
0,
0,
0,
0,
0,
0,
0,
0,
0,
0,
0,
0,
0,
0,
0,
0,
0,
0,
0,
0,
0,
0,
0,
0,
0,
0,
0,
0,
0,
0,
0,
0,
0,
0,
0,
0,
0,
0,
0,
0,
0,
0,
0,
0,
0,
0,
0,
0,
0,
0,
0,
0,
0,
0,
0,
0,
0,
0,
0,
0,
0,
0,
0,
0,
0,
0,
0,
0,
0,
0,
0,
0,
0,
0,
0,
0,
0,
0,
0,
0,
0,
0,
0,
0,
0,
0,
0,
0,
0,
0,
0,
0,
0,
0,
0,
0,
0,
0,
0,
0,
0,
0,
0,
0,
0,
14759,
14823,
0,
0,
0,
0,
0,
0,
0,
0,
0,
0,
0,
0,
0,
0,
0,
0,
0,
0,
14759,
12711,
0,
0,
12678,
12678,
14823,
0,
12678,
14823,
0,
14758,
52617,
29581,
14791,
0,
0,
0,
0,
0,
0,
0,
0,
0,
0,
0,
0,
0,
0,
0,
0,
12710,
56076,
51947,
12710,
14791,
51947,
54028,
54028,
12710,
23243,
31726,
12710,
52617,
52649,
48424,
14823,
0,
0,
0,
0,
0,
0,
0,
0,
0,
0,
0,
0,
0,
0,
0,
0,
14759,
14791,
54028,
54028,
56076,
54028,
54028,
23243,
23275,
52617,
23275,
31726,
23275,
52649,
23243,
14759,
14823,
0,
14823,
0,
0,
0,
0,
0,
0,
0,
0,
0,
0,
0,
0,
0,
0,
0,
12678,
49867,
54028,
21130,
21162,
64423,
60230,
21162,
56368,
21130,
21162,
23243,
50127,
54255,
21162,
12710,
50744,
14791,
0,
0,
0,
0,
0,
0,
0,
0,
0,
0,
0,
0,
0,
0,
0,
12710,
23275,
64838,
65350,
65415,
64358,
64390,
23275,
64753,
23275,
65415,
21162,
23243,
56368,
21162,
54028,
14823,
0,
0,
0,
0,
0,
0,
0,
0,
0,
0,
0,
0,
0,
14759,
0,
14790,
65447,
65382,
65414,
65447,
65350,
64423,
23275,
56336,
64851,
23275,
65350,
64423,
23243,
23211,
54028,
14823,
0,
0,
0,
0,
0,
0,
0,
0,
0,
0,
0,
0,
12678,
65415,
12710,
63174,
65415,
61126,
63206,
64423,
60230,
62278,
23243,
52175,
64786,
23243,
60230,
51979,
65318,
12678,
14791,
0,
0,
0,
0,
0,
0,
0,
0,
0,
0,
0,
0,
0,
12710,
65447,
65318,
65350,
65447,
65318,
64870,
64423,
62310,
12710,
23275,
64753,
56368,
23275,
64358,
54060,
65382,
12743,
0,
0,
0,
0,
0,
0,
0,
0,
0,
0,
0,
0,
0,
0,
0,
14791,
64902,
65382,
64455,
65350,
64422,
64423,
64423,
65535,
23275,
54288,
23243,
56076,
54028,
65415,
65415,
50537,
14823,
0,
0,
0,
0,
0,
0,
0,
0,
0,
0,
0,
0,
0,
0,
0,
12678,
12678,
23243,
60230,
62278,
64423,
21130,
21162,
56368,
21130,
23242,
65382,
61094,
65286,
21162,
21130,
14791,
0,
0,
0,
0,
0,
0,
0,
0,
0,
0,
0,
0,
0,
0,
0,
0,
0,
14791,
23243,
54028,
54028,
21162,
23243,
23243,
21162,
54060,
65415,
65318,
23275,
64851,
64786,
14823,
0,
0,
0,
0,
0,
0,
0,
0,
0,
0,
0,
0,
0,
0,
0,
0,
14759,
56076,
54028,
54028,
23275,
64390,
64423,
56076,
23211,
52649,
52649,
23243,
64851,
64851,
64818,
56368,
14759,
14791,
0,
0,
0,
0,
0,
0,
0,
0,
0,
0,
0,
0,
0,
0,
0,
14791,
21130,
21162,
64423,
60230,
62278,
64391,
47787,
23210,
52617,
21130,
64786,
64786,
62673,
56336,
23243,
63422,
14791,
0,
0,
0,
0,
0,
0,
0,
0,
0,
0,
0,
0,
0,
0,
14791,
64390,
64422,
64423,
64390,
64422,
64423,
51948,
23243,
23243,
21162,
23243,
23243,
54288,
23275,
64423,
21162,
14823,
0,
0,
0,
0,
0,
0,
0,
0,
0,
0,
0,
14759,
12710,
12710,
64423,
64390,
64390,
64423,
64358,
64390,
64423,
51947,
23275,
65415,
29613,
23275,
65383,
21162,
23243,
54060,
65535,
14823,
0,
0,
0,
0,
0,
0,
0,
0,
0,
0,
0,
14759,
60230,
62278,
64423,
60230,
62278,
64423,
60230,
62278,
54028,
47787,
23242,
65383,
29581,
23242,
65350,
61094,
65350,
12710,
12711,
0,
0,
0,
0,
0,
0,
0,
0,
0,
0,
0,
0,
0,
12710,
14758,
64423,
64390,
12710,
14791,
51948,
54028,
54028,
21162,
23243,
31726,
21162,
23275,
65415,
50505,
14823,
0,
0,
0,
0,
0,
0,
0,
0,
0,
0,
0,
0,
0,
0,
0,
0,
0,
14759,
14791,
0,
0,
12710,
23211,
23275,
51947,
54028,
23243,
23210,
65414,
65414,
63238,
14823,
0,
0,
0,
0,
0,
0,
0,
0,
0,
0,
0,
0,
0,
0,
0,
0,
0,
0,
0,
0,
0,
0,
12678,
54028,
47787,
51947,
54028,
21130,
23210,
50505,
12711,
0,
0,
0,
0,
0,
0,
0,
0,
0,
0,
0,
0,
0,
0,
0,
0,
0,
0,
0,
0,
0,
0,
14759,
54028,
56076,
54028,
54028,
56076,
54028,
54028,
14823,
0,
0,
0,
0,
0,
0,
0,
0,
0,
0,
0,
0,
0,
0,
0,
0,
0,
0,
0,
0,
12710,
12710,
14791,
51947,
54028,
54028,
51947,
54028,
54028,
12710,
14823,
0,
0,
0,
0,
0,
0,
0,
0,
0,
0,
0,
0,
0,
0,
0,
0,
0,
0,
0,
0,
0,
12678,
49867,
54028,
47819,
49867,
54028,
47819,
51947,
14823,
0,
0,
0,
0,
0,
0,
0,
0,
0,
0,
0,
0,
0,
0,
0,
0,
0,
0,
0,
0,
0,
0,
0,
0,
14791,
56076,
54028,
14759,
14791,
54028,
54028,
14823,
0,
0,
0,
0,
0,
0,
0,
0,
0,
0,
0,
0,
0,
0,
0,
0,
0,
0,
0,
0,
0,
0,
0,
0,
0,
14759,
12711,
0,
0,
12678,
14791,
0,
0,
0,
0,
0,
0,
0,
0,
0,
0,
0,
0,
0,
0,
0,
0,
0,
0,
0,
0,
0,
0,
0,
0,
0,
0,
0,
0,
0,
0,
0,
0,
0,
0,
0,
0,
0,
0,
0,
0,
0,
0,
0,
0,
0,
0,
0,
0,
0,
0,
0,
0,
0,
0,
0,
0,
0,
0,
0,
0,
0,
0,
0,
0,
0,
0,
0,
0,
0,
0,
0,
0,
0,
0,
0,
0,
0,
0,
0,
0,
0,
0,
0,
0,
0,
0,
0,
0,
0,
0,
0,
0,
0,
0,
0,
0,
0,
0,
0,
0,
0,
0,
0,
0,
0,
0,
0,
0,
0,
0,
0,
0,
0,
0,
0,
0,
0,
0,
0,
0,
0,
0,
0,
0,
0,
0,
0,
0,
0,
0,
0,
0,
0,
0,
0,
0,
0,
0,
0,
0,
0,
0,
