2020
0,
0,
0,
0,
0,
0,
0,
0,
0,
12678,
14759,
12678,
12711,
0,
0,
0,
0,
0,
0,
0,
0,
0,
0,
0,
0,
0,
0,
0,
0,
0,
0,
0,
0,
0,
0,
0,
0,
0,
0,
14759,
12710,
38142,
42335,
38141,
29625,
14759,
12711,
0,
0,
0,
0,
0,
0,
0,
0,
0,
0,
0,
0,
0,
0,
0,
0,
0,
0,
0,
0,
0,
0,
0,
14791,
42335,
42335,
42335,
42335,
42335,
42335,
31740,
31739,
14823,
0,
0,
0,
0,
0,
0,
0,
0,
0,
0,
0,
0,
0,
0,
0,
0,
0,
0,
0,
0,
0,
12678,
38108,
42335,
38141,
38109,
42335,
38109,
38109,
42335,
29593,
29625,
14823,
0,
0,
0,
0,
0,
0,
0,
0,
0,
0,
0,
0,
0,
0,
0,
0,
0,
0,
0,
0,
14759,
38174,
23243,
21162,
23243,
42335,
23211,
40222,
23275,
29626,
31707,
14759,
0,
0,
0,
0,
0,
0,
0,
0,
0,
0,
0,
0,
0,
0,
0,
0,
0,
0,
0,
0,
0,
14791,
42335,
42335,
42335,
23275,
40287,
23243,
31739,
23243,
31739,
14823,
0,
14823,
0,
0,
0,
0,
14823,
0,
0,
0,
0,
0,
0,
0,
0,
0,
0,
0,
0,
0,
0,
0,
14791,
38141,
38109,
42335,
38109,
29593,
31739,
29592,
21162,
31739,
12678,
21162,
14823,
0,
0,
14791,
36028,
14791,
0,
0,
0,
0,
0,
0,
0,
0,
0,
0,
0,
0,
0,
0,
0,
12710,
12711,
42335,
29626,
31706,
31739,
12711,
31707,
31739,
21162,
23211,
23243,
12678,
12710,
14791,
38141,
12710,
14823,
0,
0,
0,
0,
0,
0,
0,
0,
0,
0,
0,
0,
0,
0,
0,
0,
14759,
12710,
14759,
14823,
0,
14791,
23275,
64331,
23243,
23243,
23243,
23243,
23275,
31739,
23275,
42335,
14823,
0,
0,
0,
0,
0,
0,
0,
0,
0,
0,
12678,
12678,
14759,
12711,
0,
0,
0,
0,
0,
12678,
21162,
23243,
60170,
21162,
23243,
21130,
23211,
40287,
38108,
31706,
40222,
12711,
0,
0,
0,
0,
0,
0,
0,
0,
0,
0,
14759,
40222,
51851,
49770,
12710,
14759,
12710,
12710,
14791,
40222,
40255,
31739,
21162,
31739,
42335,
21162,
23243,
42335,
38142,
40287,
31739,
12743,
0,
0,
0,
0,
0,
0,
0,
0,
0,
0,
0,
14759,
42335,
31739,
51851,
53931,
64331,
31739,
23243,
23211,
23275,
42335,
40255,
42335,
31739,
23211,
23243,
23275,
40255,
31739,
31739,
14791,
0,
0,
0,
0,
0,
0,
0,
0,
0,
0,
0,
12678,
42335,
38109,
38109,
33819,
61317,
61317,
33787,
60170,
29625,
23275,
38108,
29625,
23243,
21130,
23211,
40255,
21130,
21162,
14791,
0,
0,
0,
0,
0,
0,
0,
0,
0,
0,
0,
0,
0,
14791,
40255,
40222,
42335,
40222,
31706,
31740,
31706,
65535,
23275,
29626,
40255,
23275,
29626,
31739,
23275,
38142,
31739,
14823,
0,
0,
0,
0,
0,
0,
0,
0,
0,
0,
0,
0,
0,
14791,
31739,
40287,
42335,
40255,
40287,
42335,
31707,
64363,
31739,
23243,
42335,
42335,
23243,
42335,
31739,
21162,
23243,
14823,
0,
0,
0,
0,
0,
0,
0,
0,
0,
0,
0,
0,
0,
0,
12710,
38109,
42335,
38108,
29593,
42335,
29593,
29625,
65535,
21130,
38141,
40255,
21130,
49771,
40287,
29592,
14791,
0,
0,
0,
0,
0,
0,
0,
0,
0,
0,
0,
0,
0,
0,
0,
14791,
40287,
42335,
40255,
40287,
33819,
65510,
33787,
64363,
21162,
42335,
42335,
23210,
51883,
42335,
21162,
14823,
0,
0,
0,
0,
0,
0,
0,
0,
0,
0,
0,
0,
0,
0,
0,
14791,
31739,
42335,
40255,
31739,
50316,
48236,
31739,
65535,
23211,
31739,
31739,
23211,
42335,
23275,
40222,
23243,
14823,
0,
0,
0,
0,
0,
0,
0,
0,
0,
0,
0,
0,
0,
0,
0,
12710,
42335,
38108,
29593,
65509,
48453,
29625,
23243,
29593,
38141,
40287,
29592,
21162,
23243,
29592,
29626,
29626,
12711,
0,
0,
0,
0,
0,
0,
0,
0,
0,
0,
0,
0,
0,
0,
12710,
42335,
31707,
64331,
31740,
31707,
31739,
23275,
40255,
42335,
42335,
40255,
42335,
23275,
40255,
31739,
31739,
14791,
0,
0,
0,
0,
0,
0,
0,
0,
0,
0,
0,
0,
0,
14759,
40255,
42335,
29626,
64330,
64363,
64298,
23243,
33820,
38174,
40255,
23243,
21162,
23243,
23243,
21162,
12710,
14823,
0,
0,
0,
0,
0,
0,
0,
0,
0,
0,
0,
0,
0,
0,
12710,
38109,
33787,
60170,
47690,
51851,
29592,
12710,
42335,
36028,
21162,
51851,
60170,
21162,
23243,
21130,
14791,
0,
0,
0,
0,
0,
0,
0,
0,
0,
0,
0,
0,
0,
0,
0,
14791,
40287,
33787,
64331,
64331,
31739,
14791,
0,
14791,
21162,
23243,
23243,
23211,
31739,
23243,
21162,
14823,
0,
0,
0,
0,
0,
0,
0,
0,
0,
0,
0,
0,
0,
0,
0,
14759,
31706,
64363,
49771,
31706,
14823,
0,
12710,
23275,
38174,
31707,
31739,
29626,
23243,
31739,
21162,
23243,
14823,
0,
0,
0,
0,
0,
0,
0,
0,
0,
0,
0,
0,
0,
0,
12710,
29593,
64363,
29592,
12711,
0,
12678,
38141,
42335,
38108,
38141,
31739,
21130,
29626,
23243,
21130,
12710,
14791,
0,
0,
0,
0,
0,
0,
0,
0,
0,
0,
0,
0,
0,
0,
14759,
23243,
31739,
14823,
0,
14791,
42335,
42335,
42335,
23243,
23243,
31739,
23243,
31739,
31739,
14823,
0,
0,
0,
0,
0,
0,
0,
0,
0,
0,
0,
0,
0,
0,
0,
0,
0,
12710,
14759,
0,
0,
14791,
40222,
40255,
42335,
21163,
40255,
23275,
29626,
31739,
31739,
12743,
0,
0,
0,
0,
0,
0,
0,
0,
0,
0,
0,
0,
0,
0,
0,
0,
0,
0,
0,
0,
12678,
14791,
21130,
21162,
23243,
21130,
38141,
40287,
29593,
29626,
14823,
0,
0,
0,
0,
0,
0,
0,
0,
0,
0,
0,
0,
0,
0,
0,
0,
0,
0,
0,
0,
0,
14791,
42335,
42335,
42335,
42335,
40287,
42335,
42335,
31739,
31739,
14823,
0,
0,
0,
0,
0,
0,
0,
0,
0,
0,
0,
0,
0,
0,
0,
0,
0,
0,
0,
0,
0,
0,
14791,
29626,
40222,
42335,
38141,
40222,
31739,
12678,
14791,
0,
0,
0,
0,
0,
0,
0,
0,
0,
0,
0,
0,
0,
0,
0,
0,
0,
0,
0,
0,
0,
0,
0,
0,
12678,
12678,
14759,
12678,
12678,
14823,
0,
0,
0,
0,
0,
0,
0,
0,
0,
0,
0,
0,
0,
0,
0,
0,
0,
0,
0,
0,
0,
0,
0,
0,
0,
0,
0,
0,
0,
0,
0,
0,
0,
0,
0,
0,
0,
0,
0,
0,
0,
0,
0,
0,
