2020
0,
0,
0,
0,
0,
0,
0,
0,
0,
0,
0,
0,
0,
0,
0,
0,
0,
0,
0,
0,
0,
0,
0,
0,
0,
0,
0,
0,
0,
0,
0,
0,
0,
0,
0,
0,
0,
0,
0,
0,
0,
0,
0,
0,
0,
0,
0,
0,
0,
0,
0,
0,
0,
0,
0,
0,
0,
0,
0,
0,
0,
0,
0,
0,
0,
0,
0,
0,
0,
0,
0,
0,
0,
0,
0,
0,
0,
0,
0,
0,
0,
0,
0,
0,
0,
0,
0,
0,
0,
0,
0,
0,
0,
0,
0,
0,
0,
0,
0,
0,
0,
0,
0,
0,
0,
0,
0,
0,
0,
0,
0,
0,
0,
0,
0,
0,
0,
0,
0,
0,
0,
0,
0,
0,
0,
0,
0,
0,
0,
0,
0,
0,
0,
0,
0,
0,
0,
0,
0,
0,
0,
0,
0,
14759,
12711,
0,
0,
0,
0,
0,
0,
0,
0,
0,
0,
0,
0,
0,
0,
0,
0,
0,
0,
0,
0,
0,
0,
0,
0,
0,
0,
0,
0,
0,
14791,
34175,
32095,
14824,
0,
0,
0,
0,
0,
0,
0,
0,
0,
0,
0,
0,
0,
0,
0,
0,
0,
0,
0,
0,
0,
0,
0,
0,
0,
0,
0,
0,
14759,
21464,
19351,
32095,
14791,
14791,
0,
14759,
14791,
0,
0,
0,
0,
0,
0,
0,
0,
0,
0,
0,
0,
0,
0,
0,
0,
0,
0,
0,
0,
0,
0,
12710,
38431,
42623,
38366,
40511,
23243,
21130,
12710,
23211,
21130,
12710,
14791,
0,
0,
0,
0,
0,
0,
0,
0,
0,
0,
0,
0,
0,
0,
0,
0,
0,
0,
0,
14791,
42623,
42655,
42655,
23243,
23275,
25323,
64428,
64460,
23275,
23243,
23275,
23275,
14823,
0,
0,
0,
0,
0,
0,
0,
0,
0,
0,
0,
0,
0,
0,
0,
0,
0,
0,
14791,
38399,
23243,
23275,
29951,
23275,
64428,
51818,
55947,
64428,
21162,
23243,
14823,
0,
0,
0,
0,
0,
0,
0,
0,
0,
0,
0,
0,
0,
0,
0,
12678,
14791,
12678,
12710,
23243,
21162,
29951,
23243,
21130,
53866,
55947,
62283,
64396,
64396,
21130,
23243,
23211,
12711,
0,
0,
0,
0,
0,
0,
0,
0,
0,
0,
0,
0,
0,
14791,
64428,
64460,
47690,
58027,
23275,
23243,
23243,
58027,
58027,
64460,
64460,
64428,
64460,
58027,
55947,
23275,
23275,
23243,
14824,
0,
0,
0,
0,
0,
0,
0,
0,
0,
0,
12710,
14791,
21162,
23210,
64460,
62315,
45642,
58027,
21162,
55947,
64428,
62315,
64428,
64428,
21162,
23243,
55947,
51818,
23243,
23243,
21162,
14823,
0,
0,
0,
0,
0,
0,
0,
0,
0,
12678,
21162,
64460,
43561,
51786,
49738,
62283,
45609,
58027,
21130,
23210,
64428,
60235,
21162,
23243,
51786,
53866,
55947,
51786,
23243,
23211,
12711,
0,
0,
0,
0,
0,
0,
0,
0,
0,
0,
14791,
58027,
64460,
64460,
47690,
58027,
49770,
64460,
49770,
58027,
23275,
23275,
23243,
58027,
58027,
58027,
23275,
58027,
58027,
23275,
23275,
23243,
14824,
0,
0,
0,
0,
0,
0,
0,
0,
0,
14758,
64363,
64460,
62315,
45609,
58027,
45609,
64396,
47722,
51818,
52889,
23243,
21162,
23243,
23243,
21162,
23243,
55947,
21162,
23243,
23243,
21162,
14823,
0,
0,
0,
0,
0,
0,
0,
0,
0,
14758,
62315,
64460,
62283,
43561,
58027,
43561,
62315,
47722,
51786,
12678,
65535,
21130,
23243,
25757,
29918,
23211,
23243,
29918,
23243,
23243,
12711,
0,
0,
0,
0,
0,
0,
0,
0,
0,
0,
14791,
64460,
64460,
64460,
47690,
58027,
49770,
64460,
49770,
58027,
27837,
65535,
25757,
34175,
34175,
32127,
34175,
34175,
32127,
21465,
25757,
14824,
0,
0,
0,
0,
0,
0,
0,
0,
0,
0,
14758,
53866,
64460,
62315,
45609,
58027,
45609,
64396,
47722,
51818,
52889,
23275,
29951,
32095,
32127,
29951,
32095,
32095,
29951,
21464,
25724,
12743,
0,
0,
0,
0,
0,
0,
0,
0,
0,
0,
12710,
21162,
64460,
43529,
51818,
49770,
62283,
45609,
58027,
21130,
21163,
25757,
23610,
25724,
25757,
29918,
32063,
32063,
29918,
21432,
25724,
12711,
0,
0,
0,
0,
0,
0,
0,
0,
0,
0,
0,
14791,
14791,
23275,
23275,
64460,
64460,
49770,
58027,
23243,
23276,
25757,
25757,
25757,
23275,
23243,
23276,
25757,
21432,
21464,
14824,
0,
0,
0,
0,
0,
0,
0,
0,
0,
0,
0,
0,
0,
0,
14726,
62315,
64460,
43561,
53866,
14791,
21162,
23643,
25756,
21130,
23243,
42623,
38366,
40543,
23243,
19286,
21432,
14791,
0,
0,
0,
0,
0,
0,
0,
0,
0,
0,
0,
0,
0,
0,
0,
12678,
14791,
12678,
14791,
0,
12678,
23643,
23275,
38366,
40511,
14759,
12710,
40543,
40543,
21130,
14823,
0,
0,
0,
0,
0,
0,
0,
0,
0,
0,
0,
0,
0,
0,
0,
0,
0,
0,
0,
0,
0,
0,
14791,
14791,
42655,
42655,
42655,
42655,
21465,
42655,
14824,
0,
0,
0,
0,
0,
0,
0,
0,
0,
0,
0,
0,
0,
0,
0,
0,
0,
0,
0,
0,
0,
0,
0,
0,
14791,
21162,
40543,
25757,
19286,
32063,
14791,
0,
0,
0,
0,
0,
0,
0,
0,
0,
0,
0,
0,
0,
0,
0,
0,
0,
0,
0,
0,
0,
0,
0,
0,
0,
0,
12678,
14791,
32095,
29951,
32063,
14823,
0,
0,
0,
0,
0,
0,
0,
0,
0,
0,
0,
0,
0,
0,
0,
0,
0,
0,
0,
0,
0,
0,
0,
0,
0,
0,
0,
0,
14791,
21465,
32127,
14824,
0,
0,
0,
0,
0,
0,
0,
0,
0,
0,
0,
0,
0,
0,
0,
0,
0,
0,
0,
0,
0,
0,
0,
0,
0,
0,
0,
0,
0,
12678,
14791,
0,
0,
0,
0,
0,
0,
0,
0,
0,
0,
0,
0,
0,
0,
0,
0,
0,
0,
0,
0,
0,
0,
0,
0,
0,
0,
0,
0,
0,
0,
0,
0,
0,
0,
0,
0,
0,
0,
0,
0,
0,
0,
0,
0,
0,
0,
0,
0,
0,
0,
0,
0,
0,
0,
0,
0,
0,
0,
0,
0,
0,
0,
0,
0,
0,
0,
0,
0,
0,
0,
0,
0,
0,
0,
0,
0,
0,
0,
0,
0,
0,
0,
0,
0,
0,
0,
0,
0,
0,
0,
0,
0,
0,
0,
0,
0,
0,
0,
0,
0,
0,
0,
0,
0,
0,
0,
0,
0,
0,
0,
0,
0,
0,
0,
0,
0,
0,
0,
0,
0,
0,
0,
0,
0,
0,
0,
0,
0,
0,
0,
0,
0,
0,
0,
0,
0,
0,
0,
0,
