2020
0,
0,
0,
0,
0,
0,
0,
0,
0,
0,
0,
0,
0,
0,
0,
0,
0,
0,
0,
0,
0,
0,
0,
0,
0,
0,
0,
0,
0,
0,
0,
0,
0,
0,
0,
0,
0,
0,
0,
0,
0,
0,
0,
0,
0,
12710,
12743,
0,
0,
0,
0,
0,
0,
0,
0,
0,
0,
0,
0,
0,
0,
0,
0,
0,
0,
0,
0,
0,
0,
0,
0,
0,
0,
0,
0,
0,
14791,
23243,
33839,
14823,
0,
0,
0,
0,
0,
0,
0,
0,
0,
0,
0,
0,
0,
0,
0,
0,
0,
0,
0,
0,
0,
0,
0,
0,
0,
0,
0,
0,
14791,
50710,
21162,
33839,
12711,
0,
0,
0,
0,
0,
0,
0,
0,
0,
0,
0,
0,
0,
0,
0,
0,
0,
0,
0,
0,
0,
0,
0,
0,
0,
0,
0,
14791,
52855,
33807,
23243,
21162,
12710,
14759,
14791,
0,
0,
0,
0,
0,
0,
0,
0,
0,
0,
0,
0,
0,
0,
0,
0,
0,
0,
0,
0,
0,
0,
0,
0,
0,
14791,
54968,
35919,
23243,
35920,
54968,
14823,
0,
0,
0,
0,
0,
0,
0,
0,
0,
0,
0,
0,
0,
0,
0,
0,
0,
0,
0,
0,
0,
0,
0,
0,
0,
12678,
21162,
55000,
50710,
42258,
14823,
0,
0,
0,
0,
0,
0,
0,
0,
0,
0,
0,
0,
0,
0,
0,
0,
0,
0,
0,
0,
0,
0,
0,
0,
0,
0,
12710,
21162,
23243,
21162,
21162,
14823,
0,
0,
0,
0,
0,
0,
0,
0,
0,
0,
0,
0,
0,
0,
0,
0,
0,
0,
0,
0,
0,
0,
0,
14759,
14823,
0,
0,
14791,
23243,
23243,
14823,
0,
0,
0,
0,
0,
0,
0,
0,
0,
0,
0,
0,
0,
0,
0,
0,
0,
0,
0,
0,
0,
0,
12678,
12710,
12710,
40209,
14759,
12710,
63175,
35919,
29614,
12678,
14759,
12711,
0,
0,
0,
0,
0,
0,
0,
0,
0,
0,
0,
0,
0,
0,
0,
0,
0,
0,
0,
0,
12710,
46484,
23243,
44370,
35919,
23211,
33807,
54760,
23242,
65351,
54760,
21162,
14791,
0,
0,
0,
0,
0,
0,
0,
0,
0,
0,
0,
0,
0,
0,
0,
0,
0,
0,
0,
0,
14791,
46483,
23243,
46516,
46483,
23243,
23275,
33807,
33839,
35919,
33839,
65384,
14823,
0,
0,
0,
0,
0,
0,
0,
0,
0,
0,
0,
0,
0,
0,
0,
0,
0,
0,
12678,
46483,
21130,
21130,
23243,
21162,
50710,
54968,
21130,
31694,
33839,
31694,
31726,
65384,
12711,
0,
0,
0,
0,
0,
0,
0,
0,
0,
0,
0,
0,
0,
0,
0,
0,
0,
12710,
14759,
52855,
44370,
23275,
64330,
23243,
57048,
52823,
23211,
35919,
31726,
33807,
33839,
12743,
0,
14823,
0,
0,
0,
0,
0,
0,
0,
0,
0,
0,
0,
0,
14791,
0,
12710,
65351,
57048,
54968,
54935,
46516,
64331,
23243,
57048,
54935,
23243,
35919,
33807,
35919,
65448,
52647,
14791,
33839,
14791,
0,
0,
0,
0,
0,
0,
0,
0,
0,
0,
12710,
48455,
14791,
50774,
50710,
65416,
50710,
48662,
46484,
21162,
31726,
54968,
21130,
31694,
35919,
48455,
31726,
35919,
63143,
21162,
33807,
12711,
0,
0,
0,
0,
0,
0,
0,
0,
0,
0,
14791,
65319,
23275,
54968,
54935,
65448,
54968,
52855,
23275,
33839,
54968,
35919,
23243,
33839,
56808,
65352,
35919,
65416,
33807,
23243,
33839,
14791,
0,
0,
0,
0,
0,
0,
0,
0,
0,
0,
14791,
54695,
65416,
23275,
54935,
65448,
54968,
54935,
57048,
54936,
33839,
46516,
23243,
35887,
65448,
54728,
35919,
65448,
54695,
23243,
23243,
23211,
14823,
0,
0,
0,
0,
0,
0,
0,
0,
0,
0,
12710,
65384,
12710,
48662,
54760,
50710,
48662,
54968,
21130,
21162,
55000,
31694,
21162,
65416,
31694,
31726,
35919,
63143,
21162,
14759,
21130,
14791,
0,
0,
0,
0,
0,
0,
0,
0,
0,
0,
14758,
54760,
12710,
12710,
14759,
12710,
12710,
23243,
23243,
33839,
57048,
54935,
23243,
35919,
33807,
35919,
65416,
33807,
12710,
14791,
21162,
14823,
0,
0,
0,
0,
0,
0,
0,
0,
0,
0,
0,
14823,
0,
0,
0,
0,
14759,
55000,
23243,
52855,
23275,
52855,
21162,
23275,
33806,
65352,
33839,
14791,
0,
0,
12710,
14823,
0,
0,
0,
0,
0,
0,
0,
0,
0,
0,
0,
0,
0,
0,
0,
12710,
48662,
23275,
50710,
50710,
23243,
21130,
31694,
33839,
21130,
21162,
23243,
12678,
12711,
0,
0,
0,
0,
0,
0,
0,
0,
0,
0,
0,
0,
0,
0,
0,
0,
0,
0,
14791,
52855,
23275,
54968,
44403,
23275,
33839,
65383,
23243,
23211,
23275,
57048,
52855,
12710,
0,
0,
0,
0,
0,
0,
0,
0,
0,
0,
0,
0,
0,
0,
0,
0,
0,
0,
0,
12710,
23275,
52855,
23211,
35919,
65319,
21162,
23243,
21162,
33807,
23243,
14791,
0,
0,
0,
0,
0,
0,
0,
0,
0,
0,
0,
0,
0,
0,
0,
0,
0,
0,
0,
0,
0,
14791,
50710,
12710,
35919,
63143,
21130,
23275,
48662,
50742,
23243,
12711,
0,
0,
0,
0,
0,
0,
0,
0,
0,
0,
0,
0,
0,
0,
0,
0,
0,
0,
0,
0,
0,
14759,
14823,
0,
14759,
12710,
23243,
23243,
23243,
23243,
23275,
33839,
14823,
0,
0,
0,
0,
0,
0,
0,
0,
0,
0,
0,
0,
0,
0,
0,
0,
0,
0,
0,
0,
0,
0,
0,
0,
0,
12710,
23275,
52855,
54935,
23275,
31726,
14791,
0,
0,
0,
0,
0,
0,
0,
0,
0,
0,
0,
0,
0,
0,
0,
0,
0,
0,
0,
0,
0,
0,
0,
0,
0,
0,
14759,
12678,
21162,
23243,
29614,
12711,
0,
0,
0,
0,
0,
0,
0,
0,
0,
0,
0,
0,
0,
0,
0,
0,
0,
0,
0,
0,
0,
0,
0,
0,
0,
0,
0,
14791,
54968,
54968,
14823,
0,
0,
0,
0,
0,
0,
0,
0,
0,
0,
0,
0,
0,
0,
0,
0,
0,
0,
0,
0,
0,
0,
0,
0,
0,
0,
0,
0,
0,
12710,
14759,
12711,
0,
0,
0,
0,
0,
0,
0,
0,
0,
0,
0,
0,
0,
0,
0,
0,
0,
0,
0,
0,
0,
0,
0,
0,
0,
0,
0,
0,
0,
0,
0,
0,
0,
0,
0,
0,
0,
0,
0,
0,
0,
0,
0,
0,
0,
0,
0,
0,
0,
0,
0,
0,
0,
0,
0,
0,
0,
0,
0,
0,
0,
0,
0,
0,
0,
0,
0,
0,
0,
0,
0,
0,
0,
