2020
0,
0,
0,
0,
0,
0,
0,
0,
0,
0,
0,
0,
0,
0,
0,
0,
0,
0,
0,
0,
0,
0,
0,
0,
0,
0,
0,
0,
0,
0,
0,
0,
0,
0,
0,
0,
0,
0,
0,
0,
0,
0,
0,
0,
0,
0,
0,
0,
0,
0,
0,
0,
0,
0,
0,
0,
0,
0,
0,
0,
0,
0,
0,
0,
0,
0,
0,
0,
0,
0,
0,
0,
0,
0,
0,
0,
0,
0,
0,
0,
0,
0,
0,
0,
0,
0,
0,
0,
0,
0,
0,
0,
0,
0,
0,
0,
0,
0,
0,
0,
0,
0,
0,
0,
0,
0,
0,
0,
14758,
14758,
12710,
0,
0,
0,
0,
0,
0,
0,
0,
0,
0,
0,
0,
0,
0,
0,
0,
0,
0,
0,
0,
0,
0,
0,
0,
0,
0,
0,
14758,
14758,
30044,
30044,
30044,
12710,
0,
0,
0,
0,
0,
0,
0,
0,
0,
0,
0,
0,
0,
0,
0,
0,
0,
0,
0,
0,
0,
0,
0,
0,
0,
14758,
30044,
30044,
19512,
19512,
30076,
30044,
12710,
0,
0,
0,
0,
0,
0,
0,
0,
0,
0,
0,
0,
0,
0,
0,
0,
0,
0,
0,
0,
0,
0,
0,
14758,
30044,
30076,
60076,
65535,
39464,
60076,
30076,
19480,
12710,
0,
0,
0,
0,
0,
0,
0,
0,
0,
0,
0,
0,
0,
0,
0,
0,
0,
0,
0,
0,
0,
14758,
30044,
30076,
30076,
19480,
39464,
60044,
30044,
30076,
30044,
12678,
0,
0,
12710,
12710,
0,
0,
0,
0,
0,
0,
0,
0,
0,
0,
0,
0,
0,
0,
0,
0,
14758,
30044,
30076,
30076,
30076,
30044,
30044,
30044,
30076,
19512,
30076,
30044,
12710,
0,
12678,
44639,
14758,
0,
0,
0,
0,
0,
0,
0,
0,
0,
0,
0,
0,
0,
0,
0,
12678,
30076,
30076,
30076,
30076,
30076,
30076,
30076,
19512,
15252,
19512,
30076,
12678,
0,
12678,
21162,
36122,
14758,
0,
0,
0,
0,
0,
0,
0,
0,
0,
0,
0,
0,
0,
14758,
30044,
30076,
30076,
30076,
30076,
30076,
30076,
30076,
15252,
65503,
65535,
19512,
21130,
12710,
44639,
44639,
21162,
21130,
12710,
0,
0,
0,
0,
0,
0,
0,
0,
0,
0,
0,
0,
12678,
30076,
30076,
30076,
30076,
30076,
30076,
30076,
15252,
65159,
12710,
50407,
44639,
21130,
44639,
44671,
21162,
21130,
21130,
27670,
12710,
0,
0,
0,
0,
0,
0,
0,
0,
0,
0,
14758,
30044,
30076,
30076,
30076,
30076,
30076,
30076,
30076,
15252,
50407,
50375,
65535,
21162,
36122,
44671,
44671,
21130,
44639,
36122,
21130,
27670,
12710,
0,
0,
0,
0,
0,
0,
0,
0,
0,
12678,
30076,
30076,
30076,
30076,
30076,
30076,
30076,
30076,
19480,
65535,
65535,
36154,
21130,
44671,
44671,
36154,
36122,
21162,
44671,
36122,
21130,
12678,
0,
0,
0,
0,
0,
0,
0,
0,
0,
12678,
30076,
30076,
30076,
30076,
30076,
30076,
30076,
30076,
30044,
15284,
36154,
44671,
44639,
21162,
36154,
21162,
36154,
36122,
21162,
21162,
21130,
27670,
12710,
0,
0,
0,
0,
0,
0,
0,
0,
12678,
30076,
30076,
19512,
12678,
12678,
30076,
30076,
30076,
30076,
30044,
15252,
44671,
44671,
12678,
44671,
44639,
21162,
21162,
12678,
36122,
36122,
12678,
12678,
0,
0,
0,
0,
0,
0,
0,
0,
0,
12678,
12678,
12678,
0,
0,
12678,
30076,
30076,
15252,
30076,
30044,
15284,
12710,
0,
12710,
44671,
44639,
12678,
0,
12678,
36154,
12678,
0,
0,
0,
0,
0,
0,
0,
0,
0,
0,
0,
0,
0,
0,
0,
0,
12678,
12678,
30044,
15252,
15252,
30044,
12678,
0,
12678,
44671,
44671,
12678,
0,
12678,
36154,
36122,
12710,
0,
0,
0,
0,
0,
0,
0,
0,
0,
0,
0,
0,
0,
0,
0,
0,
0,
12678,
21130,
30044,
15252,
12678,
0,
0,
12710,
44671,
44639,
12710,
21130,
21162,
36154,
12678,
0,
0,
0,
0,
0,
0,
0,
0,
0,
0,
0,
0,
0,
0,
12710,
12710,
12710,
36122,
21130,
21162,
12678,
0,
0,
12710,
21130,
44671,
21162,
27670,
21130,
21130,
36154,
12678,
0,
0,
0,
0,
0,
0,
0,
0,
0,
0,
0,
0,
0,
14758,
36122,
36122,
36122,
36154,
36122,
21130,
36122,
12710,
12710,
27670,
27670,
21162,
21130,
12678,
21130,
36122,
12678,
0,
0,
0,
0,
0,
0,
0,
0,
0,
0,
0,
0,
0,
0,
0,
12678,
36154,
39464,
60076,
36154,
36122,
36154,
36122,
36122,
27702,
21130,
12678,
12678,
0,
12678,
36154,
12678,
0,
0,
0,
0,
0,
0,
0,
0,
0,
0,
0,
0,
0,
0,
0,
0,
12678,
36122,
36122,
36154,
21162,
36154,
12678,
21162,
12678,
12678,
0,
12678,
12710,
36122,
12678,
0,
0,
0,
0,
0,
0,
0,
0,
0,
0,
0,
0,
0,
0,
0,
0,
0,
12678,
21162,
21162,
21162,
44639,
12678,
0,
12678,
0,
12678,
12710,
44639,
36122,
12678,
0,
0,
0,
0,
0,
0,
0,
0,
0,
0,
0,
0,
0,
0,
0,
0,
0,
0,
12678,
44639,
44639,
44639,
44671,
44639,
12710,
44639,
12710,
44639,
44639,
12710,
12678,
0,
0,
0,
0,
0,
0,
0,
0,
0,
0,
0,
0,
0,
0,
0,
0,
0,
0,
0,
0,
12710,
44671,
39464,
60076,
44671,
44639,
44671,
44639,
12710,
12710,
0,
0,
0,
0,
0,
0,
0,
0,
0,
0,
0,
0,
0,
0,
0,
0,
0,
0,
0,
0,
0,
0,
0,
12710,
44639,
44639,
12710,
12710,
44671,
12710,
0,
0,
0,
0,
0,
0,
0,
0,
0,
0,
0,
0,
0,
0,
0,
0,
0,
0,
0,
0,
0,
0,
0,
0,
0,
12678,
44671,
12710,
0,
0,
12710,
0,
0,
0,
0,
0,
0,
0,
0,
0,
0,
0,
0,
0,
0,
0,
0,
0,
0,
0,
0,
0,
0,
0,
0,
0,
0,
12678,
12710,
0,
0,
0,
0,
0,
0,
0,
0,
0,
0,
0,
0,
0,
0,
0,
0,
0,
0,
0,
0,
0,
0,
0,
0,
0,
0,
0,
0,
0,
0,
0,
0,
0,
0,
0,
0,
0,
0,
0,
0,
0,
0,
0,
0,
0,
0,
0,
0,
0,
0,
0,
0,
0,
0,
0,
0,
0,
0,
0,
0,
0,
0,
0,
0,
0,
0,
0,
0,
0,
0,
0,
0,
0,
0,
0,
0,
0,
0,
0,
0,
0,
0,
0,
0,
0,
0,
0,
0,
0,
0,
0,
0,
0,
0,
0,
0,
0,
0,
0,
0,
0,
0,
0,
0,
0,
0,
0,
0,
0,
0,
0,
0,
0,
