2020
0,
0,
0,
0,
0,
0,
0,
0,
0,
0,
0,
0,
0,
0,
0,
0,
0,
0,
0,
12710,
0,
0,
0,
0,
0,
0,
0,
0,
0,
0,
0,
0,
0,
0,
0,
0,
0,
0,
0,
0,
0,
0,
0,
0,
0,
0,
0,
0,
12710,
12710,
12710,
40147,
12710,
0,
0,
0,
0,
0,
0,
0,
0,
0,
0,
0,
0,
0,
0,
0,
0,
0,
0,
0,
0,
0,
0,
0,
0,
0,
12710,
12710,
21130,
35399,
35399,
40179,
12678,
0,
0,
0,
0,
0,
0,
0,
0,
0,
0,
0,
0,
0,
0,
0,
0,
0,
0,
0,
0,
0,
0,
0,
0,
12710,
40147,
40147,
40147,
21130,
56326,
12678,
0,
0,
0,
0,
0,
0,
0,
0,
0,
0,
0,
0,
0,
0,
0,
0,
0,
0,
0,
0,
0,
0,
0,
0,
0,
12678,
21162,
40179,
40179,
40147,
35399,
12678,
0,
0,
0,
0,
0,
0,
0,
0,
0,
0,
0,
0,
0,
0,
0,
0,
0,
0,
0,
0,
14758,
14758,
0,
0,
12710,
56326,
35399,
21162,
31694,
31694,
35399,
40147,
12710,
0,
0,
0,
0,
0,
0,
0,
0,
0,
0,
0,
0,
0,
0,
0,
0,
0,
0,
14758,
40147,
31694,
14758,
0,
12678,
35399,
21130,
21130,
40147,
40147,
12678,
40179,
12678,
0,
0,
0,
0,
0,
0,
0,
0,
0,
0,
0,
0,
0,
0,
0,
0,
0,
0,
12678,
40179,
40147,
12678,
14758,
21130,
21130,
40147,
31694,
21162,
12678,
0,
12678,
0,
0,
0,
0,
0,
0,
0,
0,
0,
0,
0,
0,
0,
0,
0,
0,
0,
0,
0,
12678,
40179,
21162,
31694,
48599,
31694,
64774,
21162,
21130,
21130,
12678,
0,
0,
0,
0,
0,
0,
0,
0,
0,
0,
0,
0,
0,
0,
0,
0,
0,
0,
0,
0,
0,
12678,
31694,
31694,
48599,
48631,
48599,
31694,
21130,
40147,
31694,
21130,
14758,
0,
0,
0,
0,
0,
0,
0,
0,
0,
0,
0,
0,
0,
0,
0,
0,
0,
0,
0,
0,
12678,
65503,
48599,
31726,
48631,
48631,
31694,
21130,
21162,
21130,
31694,
31694,
12710,
0,
0,
0,
0,
0,
0,
0,
0,
0,
0,
0,
0,
0,
0,
0,
0,
0,
0,
14758,
31694,
48631,
48631,
31694,
48631,
48631,
31694,
21130,
48599,
40147,
21130,
31694,
12678,
0,
0,
0,
0,
0,
0,
0,
0,
0,
0,
0,
0,
0,
0,
0,
0,
0,
0,
12678,
48599,
31726,
31726,
48599,
48631,
31726,
31694,
65503,
40179,
48599,
21130,
21130,
31694,
12710,
0,
0,
0,
0,
0,
0,
0,
0,
0,
0,
0,
0,
0,
0,
0,
0,
0,
12678,
48631,
48599,
48599,
48631,
48631,
31694,
12678,
64806,
21162,
21162,
31694,
31694,
21130,
12678,
0,
0,
0,
0,
0,
0,
0,
0,
0,
0,
0,
0,
0,
0,
0,
0,
0,
12678,
31726,
48631,
31726,
48631,
31726,
21130,
65503,
64806,
48599,
31694,
21130,
31694,
31694,
12678,
0,
0,
0,
0,
0,
0,
0,
0,
0,
0,
0,
0,
0,
0,
0,
0,
0,
0,
12678,
21162,
48599,
48631,
48599,
31694,
21162,
40179,
48631,
40147,
21130,
21130,
31694,
31694,
12710,
0,
0,
0,
0,
0,
0,
0,
0,
0,
0,
0,
0,
0,
0,
0,
0,
0,
12678,
21130,
40179,
48631,
48631,
31694,
21130,
21162,
21162,
21162,
31694,
31694,
21130,
31694,
12678,
0,
0,
0,
0,
0,
0,
0,
0,
0,
0,
0,
0,
0,
0,
0,
0,
0,
12678,
35399,
21162,
48631,
48631,
21130,
45831,
45831,
45831,
21130,
21130,
21130,
21130,
21130,
12678,
0,
12710,
0,
0,
0,
0,
0,
0,
0,
0,
0,
0,
0,
0,
0,
0,
0,
0,
12678,
21130,
48631,
31726,
21130,
56326,
45831,
45831,
45831,
45831,
21130,
48599,
40147,
21130,
14758,
40147,
12710,
0,
0,
0,
0,
0,
0,
0,
0,
0,
0,
0,
0,
0,
0,
0,
12678,
45831,
21162,
21130,
56326,
64806,
35399,
35399,
64774,
56326,
45831,
21162,
48599,
48599,
31694,
35431,
12678,
12710,
0,
0,
0,
0,
0,
0,
0,
0,
0,
0,
0,
0,
0,
0,
12678,
45831,
64774,
45831,
64806,
45863,
21130,
48599,
35431,
64806,
56326,
21130,
48631,
48631,
48599,
35399,
48599,
12678,
0,
0,
0,
0,
0,
0,
0,
0,
0,
0,
0,
0,
0,
0,
12678,
64774,
56358,
45831,
45863,
45831,
45831,
21162,
35399,
45863,
21130,
31694,
48631,
48631,
31726,
35399,
48631,
12678,
0,
0,
0,
0,
0,
0,
0,
0,
0,
0,
0,
0,
0,
0,
12678,
56358,
45831,
45831,
45831,
45831,
45831,
35399,
21130,
21130,
48599,
48599,
31726,
48631,
35399,
56326,
12710,
0,
0,
0,
0,
0,
0,
0,
0,
0,
0,
0,
0,
0,
0,
14758,
45831,
45831,
45831,
56326,
45831,
45831,
21130,
21130,
21130,
12678,
12710,
12710,
31694,
35431,
35399,
21130,
12678,
0,
0,
0,
0,
0,
0,
0,
0,
0,
0,
0,
0,
0,
0,
12678,
35399,
45831,
45831,
64806,
45831,
45831,
45831,
21130,
12678,
0,
0,
0,
12678,
12678,
35399,
48599,
12678,
0,
0,
0,
0,
0,
0,
0,
0,
0,
0,
0,
0,
0,
0,
0,
12678,
12678,
35399,
35431,
21130,
45831,
45831,
12678,
0,
12710,
12710,
12710,
0,
12678,
12678,
48631,
12678,
0,
0,
0,
0,
0,
0,
0,
0,
0,
0,
0,
0,
0,
0,
0,
0,
0,
12678,
12678,
12678,
21130,
45831,
45831,
12710,
31694,
40147,
21130,
12710,
31694,
12678,
12710,
0,
0,
0,
0,
0,
0,
0,
0,
0,
0,
0,
0,
0,
0,
0,
0,
0,
0,
0,
0,
0,
12678,
45831,
64774,
35399,
40147,
40179,
21130,
35399,
31694,
12678,
0,
0,
0,
0,
0,
0,
0,
0,
0,
0,
0,
0,
0,
0,
0,
0,
0,
0,
0,
0,
0,
0,
12678,
45831,
35431,
40147,
31694,
40179,
56326,
35399,
12678,
0,
0,
0,
0,
0,
0,
0,
0,
0,
0,
0,
0,
0,
0,
0,
0,
0,
0,
0,
0,
0,
0,
0,
0,
12678,
12678,
12678,
40147,
21162,
35399,
12678,
0,
0,
0,
0,
0,
0,
0,
0,
0,
0,
0,
0,
0,
0,
0,
0,
0,
0,
0,
0,
0,
0,
0,
0,
0,
0,
0,
0,
12678,
12678,
40147,
12678,
0,
0,
0,
0,
0,
0,
0,
0,
0,
0,
0,
0,
0,
0,
0,
0,
0,
0,
0,
0,
0,
0,
0,
0,
0,
0,
0,
0,
0,
12678,
40179,
12678,
0,
0,
0,
0,
0,
0,
0,
0,
0,
0,
0,
0,
0,
0,
0,
0,
0,
0,
0,
0,
0,
0,
0,
0,
0,
0,
0,
0,
0,
0,
12678,
0,
0,
0,
0,
0,
0,
0,
0,
0,
0,
0,
0,
0,
0,
0,
0,
0,
0,
0,
0,
0,
0,
0,
0,
0,
0,
0,
0,
0,
0,
0,
0,
0,
0,
0,
0,
0,
0,
0,
0,
0,
0,
0,
0,
