2020
0,
0,
0,
0,
0,
0,
0,
0,
0,
0,
0,
12710,
12710,
0,
12710,
12710,
12710,
0,
0,
0,
0,
0,
0,
0,
0,
0,
0,
0,
0,
0,
0,
0,
0,
0,
0,
0,
0,
0,
0,
0,
0,
0,
12710,
65287,
48392,
12710,
21130,
48599,
21130,
12710,
0,
0,
0,
0,
0,
0,
0,
0,
0,
0,
0,
0,
0,
0,
0,
0,
0,
0,
0,
0,
0,
0,
0,
12710,
65287,
48424,
21162,
65503,
65503,
21162,
48599,
12678,
0,
0,
0,
0,
0,
0,
0,
0,
0,
0,
0,
0,
0,
0,
0,
0,
0,
0,
0,
0,
0,
0,
0,
12678,
65319,
21162,
48599,
48631,
21162,
21130,
12710,
0,
0,
0,
0,
0,
0,
0,
0,
0,
0,
0,
0,
0,
0,
0,
0,
0,
0,
0,
0,
0,
0,
0,
0,
12678,
65319,
39880,
21162,
21162,
21130,
48599,
65503,
12710,
0,
0,
0,
0,
0,
0,
0,
0,
0,
0,
0,
0,
0,
0,
0,
0,
0,
0,
0,
0,
0,
0,
0,
0,
12710,
65319,
21130,
21130,
65503,
65535,
21162,
12678,
0,
0,
0,
0,
0,
0,
0,
0,
0,
0,
0,
0,
0,
0,
0,
0,
0,
0,
0,
0,
0,
0,
0,
0,
12678,
48424,
48392,
39880,
21162,
21162,
12678,
0,
0,
0,
0,
0,
0,
0,
0,
0,
0,
0,
0,
0,
0,
0,
0,
0,
0,
0,
0,
0,
0,
0,
12710,
12710,
21130,
48599,
48424,
48424,
48392,
12678,
0,
0,
0,
0,
0,
12710,
0,
0,
0,
0,
0,
0,
0,
0,
0,
0,
0,
0,
0,
0,
0,
0,
12710,
12710,
65287,
65287,
65287,
21162,
21162,
48599,
12678,
0,
0,
0,
0,
12710,
12710,
17483,
12710,
0,
0,
0,
0,
0,
0,
0,
0,
0,
0,
0,
0,
0,
0,
14758,
65287,
65287,
65319,
48424,
48424,
48392,
48392,
21162,
12678,
12710,
0,
12710,
12710,
65503,
17483,
28046,
12678,
0,
0,
0,
0,
0,
0,
0,
0,
0,
0,
0,
0,
0,
14758,
65287,
65319,
15145,
15145,
65535,
65535,
65535,
65535,
65503,
65503,
65503,
12710,
21130,
65503,
21162,
65535,
17515,
17483,
12710,
0,
0,
0,
0,
0,
0,
0,
0,
0,
0,
0,
0,
12678,
65319,
15145,
28046,
17483,
39912,
39912,
39912,
39912,
65535,
19832,
65535,
65503,
65503,
65535,
21130,
65535,
28046,
15113,
12678,
0,
0,
0,
0,
0,
0,
0,
0,
0,
0,
0,
0,
0,
12710,
28046,
39880,
39880,
12678,
65319,
65319,
48424,
39912,
39880,
65535,
48631,
65535,
48631,
65503,
65535,
17515,
17483,
12678,
0,
0,
0,
0,
0,
0,
0,
0,
0,
0,
0,
0,
0,
0,
12710,
65319,
65319,
65287,
65319,
12710,
65319,
48424,
48424,
39912,
39912,
65535,
65535,
48631,
21162,
48599,
12678,
0,
0,
0,
0,
0,
0,
0,
0,
0,
0,
0,
0,
0,
0,
12710,
48392,
65319,
12710,
65319,
65319,
65287,
65319,
48424,
48424,
48424,
48424,
39912,
65535,
48631,
48599,
12710,
12678,
0,
0,
0,
0,
0,
0,
0,
0,
0,
0,
0,
0,
0,
0,
12678,
65319,
65319,
65287,
65319,
12710,
65319,
48424,
48424,
39880,
39880,
39880,
65503,
65535,
48631,
48631,
12678,
0,
0,
0,
0,
0,
0,
0,
0,
0,
0,
0,
0,
0,
0,
0,
12678,
48424,
65319,
65319,
65319,
65287,
48424,
39880,
39880,
48599,
65503,
65503,
65535,
65535,
48631,
48631,
12678,
0,
12710,
12710,
0,
0,
0,
0,
0,
0,
0,
0,
0,
0,
0,
0,
12678,
21162,
48424,
65319,
15145,
15145,
39880,
65503,
65503,
54056,
65535,
19832,
65535,
33838,
48631,
48631,
48599,
12710,
17483,
15113,
12710,
0,
0,
0,
0,
0,
0,
0,
0,
0,
0,
0,
0,
12678,
48424,
15145,
17483,
17483,
15113,
65535,
65535,
65503,
65535,
65535,
65535,
48599,
48631,
33838,
48631,
48599,
15113,
17483,
12678,
0,
0,
0,
0,
0,
0,
0,
0,
0,
0,
0,
0,
0,
12678,
28046,
28046,
17515,
21130,
21162,
21162,
21162,
21162,
65535,
48631,
48631,
33838,
48599,
48631,
21162,
15113,
17515,
17483,
12710,
0,
0,
0,
0,
0,
0,
0,
0,
0,
0,
0,
0,
12678,
28078,
21162,
21130,
65287,
65287,
65287,
48392,
21130,
21162,
48631,
48631,
48599,
48631,
48631,
21130,
48599,
17515,
15113,
12678,
0,
0,
0,
0,
0,
0,
0,
0,
0,
0,
0,
0,
0,
21162,
65287,
65287,
65319,
39912,
39912,
39880,
48392,
21130,
12710,
12710,
21162,
48631,
21162,
48599,
15145,
17515,
17483,
12678,
0,
0,
0,
0,
0,
0,
0,
0,
0,
0,
0,
0,
12710,
65287,
65319,
39912,
48424,
48424,
48424,
48424,
39880,
39880,
12678,
37895,
21130,
21162,
48599,
21162,
17483,
17515,
12678,
0,
0,
0,
0,
0,
0,
0,
0,
0,
0,
0,
0,
0,
12678,
65319,
39912,
48424,
48424,
21162,
21162,
21162,
48424,
12678,
37895,
12710,
65287,
48392,
21162,
65503,
21130,
17515,
12678,
0,
0,
0,
0,
0,
0,
0,
0,
0,
0,
0,
0,
0,
12678,
48424,
48424,
48424,
21162,
21130,
48599,
21130,
12678,
37895,
12710,
65287,
48424,
21162,
48599,
65535,
21130,
12678,
0,
0,
0,
0,
0,
0,
0,
0,
0,
0,
0,
0,
0,
0,
0,
12678,
48424,
48424,
21130,
48599,
48631,
48599,
48599,
12710,
48392,
65319,
48424,
21130,
48631,
21162,
21130,
65503,
12710,
0,
0,
0,
0,
0,
0,
0,
0,
0,
0,
0,
0,
0,
0,
0,
12678,
12678,
12678,
48631,
21162,
48631,
65535,
21130,
48424,
65319,
48424,
21130,
21162,
21130,
65503,
48631,
12678,
0,
0,
0,
0,
0,
0,
0,
0,
0,
0,
0,
0,
0,
0,
0,
0,
0,
0,
12710,
12678,
65535,
21162,
65503,
21162,
65319,
65319,
21130,
21130,
48599,
48631,
21162,
12678,
0,
0,
0,
0,
0,
0,
0,
0,
0,
0,
0,
0,
0,
0,
0,
0,
0,
0,
0,
0,
12710,
12678,
65535,
21130,
48424,
65319,
39880,
21130,
21162,
21162,
48599,
12678,
0,
0,
0,
0,
0,
0,
0,
0,
0,
0,
0,
0,
0,
0,
0,
0,
0,
0,
0,
0,
0,
0,
12710,
12678,
21162,
48424,
48424,
39880,
21130,
48599,
12710,
0,
0,
0,
0,
0,
0,
0,
0,
0,
0,
0,
0,
0,
0,
0,
0,
0,
0,
0,
0,
0,
0,
0,
0,
0,
12678,
12678,
48424,
48424,
12678,
12710,
0,
0,
0,
0,
0,
0,
0,
0,
0,
0,
0,
0,
0,
0,
0,
0,
0,
0,
0,
0,
0,
0,
0,
0,
0,
0,
0,
0,
12678,
12678,
0,
0,
0,
0,
0,
0,
0,
0,
0,
0,
