2020
0,
0,
0,
0,
0,
0,
0,
0,
0,
0,
0,
0,
0,
0,
0,
0,
0,
0,
0,
0,
0,
0,
0,
0,
0,
0,
0,
0,
0,
0,
0,
0,
0,
0,
0,
0,
0,
0,
0,
0,
0,
0,
0,
0,
0,
0,
0,
0,
0,
0,
0,
0,
0,
0,
0,
0,
0,
0,
0,
0,
0,
0,
0,
0,
0,
0,
0,
0,
0,
0,
0,
0,
0,
0,
0,
0,
0,
0,
0,
0,
0,
0,
0,
0,
0,
0,
0,
0,
0,
0,
0,
0,
0,
0,
0,
0,
0,
0,
0,
0,
0,
0,
0,
0,
0,
0,
0,
0,
0,
0,
0,
0,
0,
0,
0,
0,
0,
0,
0,
12710,
12710,
0,
0,
0,
0,
0,
0,
0,
0,
0,
0,
0,
0,
0,
0,
0,
0,
0,
0,
0,
0,
0,
0,
12710,
0,
0,
0,
0,
0,
0,
12710,
52050,
52050,
12710,
0,
0,
0,
0,
0,
0,
0,
0,
0,
0,
0,
0,
0,
0,
0,
0,
0,
0,
0,
0,
12710,
42056,
12710,
0,
0,
0,
0,
12710,
52050,
52050,
52050,
12678,
0,
0,
0,
0,
0,
0,
0,
0,
0,
0,
0,
0,
0,
0,
0,
0,
0,
0,
0,
12710,
42056,
42088,
12678,
0,
0,
0,
0,
12678,
52050,
21130,
52050,
12678,
0,
0,
0,
0,
0,
0,
0,
0,
0,
0,
0,
0,
0,
0,
0,
0,
0,
12710,
12710,
21130,
42088,
21130,
63183,
12710,
0,
0,
12710,
52050,
52050,
21130,
12678,
0,
0,
0,
0,
0,
0,
0,
0,
0,
0,
0,
0,
0,
0,
0,
0,
0,
12710,
58517,
58517,
58517,
21130,
63183,
63215,
12678,
0,
0,
12678,
52050,
21130,
52050,
12678,
0,
0,
0,
0,
0,
0,
0,
0,
0,
0,
12710,
12710,
12710,
0,
0,
12710,
12710,
58517,
58549,
58549,
52050,
21130,
52082,
63215,
12678,
0,
12710,
12678,
52050,
21130,
12678,
0,
0,
0,
0,
0,
0,
0,
0,
0,
0,
0,
12678,
63183,
48395,
12710,
21162,
48395,
21130,
58549,
58549,
58549,
21130,
65503,
52050,
63215,
63183,
12710,
63183,
21130,
21130,
21130,
12678,
12710,
0,
0,
0,
0,
0,
0,
0,
0,
0,
0,
0,
12710,
63215,
63183,
48395,
48427,
48395,
21162,
52050,
21162,
63183,
52082,
63183,
21162,
21162,
63183,
21162,
52050,
52050,
21130,
63183,
21130,
12710,
0,
0,
0,
0,
0,
0,
0,
0,
0,
0,
0,
12710,
63215,
63215,
63215,
48427,
48395,
21130,
21130,
21162,
21130,
21162,
48395,
63183,
48427,
21130,
21130,
21130,
63183,
63215,
63183,
12678,
0,
0,
0,
0,
0,
0,
0,
0,
0,
0,
0,
0,
12710,
63215,
63215,
63215,
63215,
63183,
48395,
48395,
48395,
63183,
63215,
63215,
21162,
63183,
48395,
21130,
21162,
63215,
48427,
48395,
12710,
0,
0,
0,
0,
0,
0,
0,
0,
0,
0,
0,
0,
12710,
12710,
63215,
63215,
63215,
63215,
63215,
63215,
63215,
63215,
21162,
42527,
63215,
21162,
58517,
58517,
21162,
48427,
48427,
12678,
0,
0,
0,
0,
0,
0,
0,
0,
0,
0,
0,
0,
0,
0,
12710,
12710,
63215,
63215,
63215,
63215,
21162,
12710,
42527,
42559,
42559,
21130,
58549,
58549,
52050,
21162,
48427,
12678,
0,
0,
0,
0,
0,
0,
0,
0,
0,
0,
0,
0,
0,
0,
0,
0,
12710,
21162,
21162,
21162,
12678,
61404,
12710,
21162,
42559,
42527,
21162,
52050,
52050,
21130,
48427,
12678,
0,
0,
0,
0,
0,
0,
0,
0,
0,
0,
0,
0,
0,
0,
0,
0,
12678,
65179,
52050,
12678,
0,
12710,
42527,
42527,
21162,
42559,
31899,
21130,
21130,
52050,
12678,
0,
0,
0,
0,
0,
0,
0,
0,
0,
0,
0,
0,
0,
0,
0,
0,
12710,
65179,
52082,
12678,
0,
0,
12678,
42559,
21162,
52050,
21162,
31931,
31899,
21130,
52050,
12678,
0,
0,
0,
0,
0,
0,
0,
0,
0,
0,
0,
0,
0,
0,
0,
12710,
65179,
65211,
12678,
0,
0,
0,
12678,
42559,
21130,
52050,
21130,
21162,
31931,
48395,
21130,
58517,
12710,
0,
0,
0,
0,
0,
0,
0,
0,
0,
0,
0,
0,
0,
0,
12678,
65211,
52082,
12678,
0,
0,
0,
0,
12710,
52050,
21130,
52050,
21130,
48427,
12678,
12678,
58549,
52050,
12710,
0,
0,
0,
0,
0,
0,
0,
0,
0,
0,
0,
0,
12710,
65179,
65211,
52050,
12678,
0,
0,
0,
0,
12678,
52050,
21130,
52050,
52050,
12678,
0,
12678,
52050,
58517,
12678,
0,
0,
0,
0,
0,
0,
0,
0,
0,
0,
0,
0,
12678,
65211,
65211,
52050,
12678,
12710,
0,
0,
12710,
52050,
21130,
63183,
21130,
52050,
21130,
12710,
0,
12678,
58549,
52050,
12710,
0,
0,
0,
0,
0,
0,
0,
0,
0,
0,
0,
12678,
65211,
65211,
52050,
52050,
12678,
12710,
12710,
52050,
65179,
21130,
63215,
63183,
21130,
52050,
12678,
0,
12678,
58549,
58517,
12678,
0,
0,
0,
0,
0,
0,
0,
0,
0,
0,
0,
12678,
65211,
65211,
65179,
52050,
52050,
52050,
52050,
65179,
21162,
42527,
63215,
12710,
12678,
52050,
52050,
12710,
52050,
58549,
58549,
12678,
0,
0,
0,
0,
0,
0,
0,
0,
0,
0,
0,
0,
12710,
65211,
65211,
65179,
65179,
65179,
65179,
12710,
12678,
42559,
12710,
0,
0,
12678,
52050,
58517,
58517,
58549,
58549,
12678,
0,
0,
0,
0,
0,
0,
0,
0,
0,
0,
0,
0,
12678,
12710,
65211,
65211,
65211,
12710,
12710,
0,
12678,
42559,
12678,
0,
0,
0,
12678,
12678,
58549,
58549,
52050,
12678,
0,
0,
0,
0,
0,
0,
0,
0,
0,
0,
0,
0,
0,
0,
12710,
12710,
12710,
0,
0,
0,
0,
12710,
0,
0,
0,
0,
0,
0,
12678,
12678,
12678,
0,
0,
0,
0,
0,
0,
0,
0,
0,
0,
0,
0,
0,
0,
0,
0,
0,
0,
0,
0,
0,
0,
0,
0,
0,
0,
0,
0,
0,
0,
0,
0,
0,
0,
0,
0,
0,
0,
0,
0,
0,
0,
0,
0,
0,
0,
0,
0,
0,
0,
0,
0,
0,
0,
0,
0,
0,
0,
0,
0,
0,
0,
0,
0,
0,
0,
0,
0,
0,
0,
0,
0,
0,
0,
0,
0,
0,
0,
0,
0,
0,
0,
0,
0,
0,
0,
0,
0,
0,
0,
0,
0,
0,
0,
0,
0,
0,
0,
0,
0,
0,
0,
0,
0,
0,
0,
0,
0,
0,
0,
0,
0,
0,
0,
0,
0,
0,
0,
0,
0,
0,
0,
0,
0,
0,
0,
0,
0,
0,
0,
0,
0,
