2020
0,
0,
0,
0,
0,
0,
0,
0,
0,
0,
0,
0,
0,
0,
0,
0,
0,
0,
0,
0,
0,
0,
0,
0,
0,
0,
0,
0,
0,
0,
0,
0,
0,
0,
0,
0,
0,
0,
0,
0,
0,
0,
0,
0,
0,
0,
0,
0,
0,
0,
0,
0,
0,
0,
0,
0,
0,
0,
0,
0,
0,
0,
0,
0,
0,
0,
0,
0,
0,
0,
0,
0,
0,
0,
0,
0,
12710,
12710,
12710,
14791,
0,
0,
0,
0,
0,
0,
0,
0,
0,
0,
0,
0,
0,
0,
0,
0,
0,
0,
0,
0,
0,
0,
12710,
12710,
12710,
0,
12710,
14790,
48424,
63303,
63303,
63303,
12710,
0,
0,
0,
0,
0,
0,
0,
0,
0,
0,
0,
0,
0,
0,
0,
0,
0,
0,
0,
0,
12710,
48599,
48599,
48599,
21162,
12678,
65503,
65502,
48424,
48424,
48424,
12678,
0,
0,
0,
0,
0,
0,
0,
0,
0,
0,
0,
0,
0,
0,
0,
0,
0,
0,
0,
0,
0,
12710,
48631,
29612,
65503,
65503,
65535,
65535,
65535,
65535,
63454,
14758,
0,
0,
0,
0,
0,
0,
0,
0,
0,
0,
0,
0,
0,
0,
0,
0,
0,
0,
0,
0,
0,
0,
12710,
65503,
65535,
65535,
65535,
65535,
65535,
65535,
29612,
21130,
14791,
0,
0,
0,
12710,
14791,
0,
0,
0,
0,
0,
0,
0,
0,
0,
0,
0,
0,
0,
0,
0,
0,
12678,
65535,
65535,
65535,
65535,
65535,
65535,
48599,
21130,
12678,
48599,
12710,
0,
14758,
46518,
29580,
12710,
14791,
0,
0,
0,
0,
0,
0,
0,
0,
0,
0,
0,
0,
0,
0,
12678,
65535,
65535,
65535,
65535,
65535,
65503,
54024,
12678,
12710,
63454,
12678,
14758,
46550,
21162,
21162,
48392,
46344,
14791,
0,
0,
0,
0,
0,
0,
0,
0,
0,
0,
0,
0,
12710,
65503,
65535,
65535,
21162,
65535,
65535,
13862,
13830,
12678,
21130,
65503,
21130,
46550,
21162,
29580,
29580,
21130,
14790,
0,
0,
0,
0,
0,
0,
0,
0,
0,
0,
0,
0,
0,
12678,
65535,
21162,
21162,
65503,
65535,
65503,
21162,
21162,
13830,
46550,
21162,
12710,
65535,
48599,
29580,
29580,
21130,
12678,
14791,
0,
0,
0,
0,
0,
0,
0,
0,
0,
0,
0,
12710,
65503,
21162,
65503,
65503,
65535,
65535,
65535,
65503,
65503,
48631,
48631,
21130,
48599,
48631,
29580,
21130,
21162,
63454,
48424,
61255,
12710,
14791,
0,
0,
0,
0,
0,
0,
0,
0,
12710,
65503,
21162,
65503,
65535,
65535,
65535,
65535,
65535,
65503,
21162,
21162,
21162,
48599,
65535,
65535,
65535,
63454,
48598,
29613,
65502,
48456,
63303,
61255,
14791,
0,
0,
0,
0,
0,
0,
12710,
65503,
65535,
65503,
12710,
12710,
12710,
12710,
12710,
12710,
21162,
21162,
48599,
65503,
65535,
65535,
65535,
65535,
65535,
65503,
29612,
48631,
48598,
12710,
14790,
0,
0,
0,
0,
0,
0,
0,
12678,
65535,
65535,
65535,
48599,
21130,
21130,
12678,
0,
0,
12678,
39943,
23211,
65535,
65535,
65503,
29612,
48631,
65503,
21162,
65503,
12710,
14758,
0,
0,
0,
0,
0,
0,
0,
0,
12710,
65503,
65535,
29612,
21162,
21162,
12678,
12678,
0,
0,
0,
12678,
48424,
21130,
39975,
65535,
29580,
63335,
21162,
48599,
12678,
14791,
0,
0,
0,
0,
0,
0,
0,
0,
0,
0,
12678,
65535,
12710,
12678,
12678,
12678,
0,
0,
0,
12710,
0,
0,
12678,
63303,
21130,
21162,
48424,
63335,
21130,
14758,
0,
0,
0,
0,
0,
0,
0,
0,
0,
0,
0,
0,
12678,
12710,
0,
0,
0,
0,
0,
0,
12710,
63303,
12710,
0,
12678,
63335,
48392,
63303,
63335,
21162,
29580,
39943,
14791,
0,
0,
0,
0,
0,
0,
0,
0,
0,
0,
0,
0,
0,
0,
0,
0,
0,
0,
0,
12678,
65535,
48392,
12710,
63303,
48424,
21162,
21162,
63335,
63335,
48424,
12678,
21130,
14758,
0,
0,
0,
0,
0,
0,
0,
0,
0,
0,
0,
0,
0,
0,
0,
0,
0,
0,
0,
12710,
65535,
13830,
63335,
21162,
48599,
48599,
21130,
21130,
48424,
13830,
13414,
61255,
14791,
0,
0,
0,
0,
0,
0,
0,
0,
0,
0,
0,
0,
0,
0,
0,
0,
0,
0,
12678,
63335,
63335,
63335,
63303,
21162,
21162,
48392,
63335,
63335,
63335,
63335,
14758,
0,
0,
0,
0,
0,
0,
0,
0,
0,
0,
0,
0,
0,
0,
0,
0,
0,
0,
12710,
65503,
48424,
21162,
21162,
48424,
63303,
65503,
63335,
48424,
21130,
21162,
48424,
63335,
14758,
0,
0,
0,
0,
0,
0,
0,
0,
0,
0,
0,
0,
0,
0,
0,
0,
0,
12678,
12710,
21162,
48599,
48599,
21162,
21162,
21162,
21162,
21162,
48599,
48631,
21130,
21130,
14758,
0,
0,
0,
0,
0,
0,
0,
0,
0,
0,
0,
0,
0,
0,
0,
0,
0,
0,
21130,
65503,
48631,
48631,
21130,
48599,
48599,
48599,
29580,
48631,
39975,
46344,
14758,
0,
0,
0,
0,
0,
0,
0,
0,
0,
0,
0,
0,
0,
0,
0,
0,
0,
0,
12710,
65503,
65535,
48631,
21162,
21130,
12710,
21162,
48631,
48599,
12710,
48599,
39975,
46344,
14791,
0,
0,
0,
0,
0,
0,
0,
0,
0,
0,
0,
0,
0,
0,
0,
0,
12710,
65503,
65535,
48631,
21162,
21130,
12678,
0,
12678,
48631,
12710,
0,
12710,
12678,
12678,
14758,
0,
0,
0,
0,
0,
0,
0,
0,
0,
0,
0,
0,
0,
0,
0,
0,
12678,
65535,
48631,
21162,
12678,
12678,
0,
0,
0,
12710,
0,
0,
0,
0,
0,
0,
0,
0,
0,
0,
0,
0,
0,
0,
0,
0,
0,
0,
0,
0,
0,
12710,
65503,
65535,
12710,
12678,
0,
0,
0,
0,
0,
0,
0,
0,
0,
0,
0,
0,
0,
0,
0,
0,
0,
0,
0,
0,
0,
0,
0,
0,
0,
0,
0,
12678,
65535,
12710,
0,
0,
0,
0,
0,
0,
0,
0,
0,
0,
0,
0,
0,
0,
0,
0,
0,
0,
0,
0,
0,
0,
0,
0,
0,
0,
0,
0,
0,
0,
12710,
0,
0,
0,
0,
0,
0,
0,
0,
0,
0,
0,
0,
0,
0,
0,
0,
0,
0,
0,
0,
0,
0,
0,
0,
0,
0,
0,
0,
0,
0,
0,
0,
0,
0,
0,
0,
0,
0,
0,
0,
0,
0,
0,
0,
0,
0,
0,
0,
0,
0,
0,
0,
0,
0,
0,
0,
0,
0,
0,
0,
0,
0,
0,
0,
0,
0,
0,
0,
0,
0,
0,
0,
0,
0,
0,
0,
0,
0,
0,
0,
0,
0,
0,
0,
0,
0,
