2020
0,
0,
0,
0,
0,
0,
0,
0,
0,
0,
0,
0,
0,
0,
0,
0,
0,
0,
0,
0,
0,
0,
0,
0,
0,
0,
0,
0,
0,
0,
0,
0,
0,
0,
0,
0,
0,
0,
0,
0,
0,
0,
0,
0,
0,
0,
0,
0,
0,
0,
0,
0,
0,
0,
0,
0,
0,
0,
0,
0,
0,
0,
0,
0,
0,
0,
0,
0,
0,
0,
0,
0,
0,
0,
0,
0,
0,
0,
12710,
14791,
0,
0,
0,
0,
0,
0,
0,
0,
0,
0,
0,
0,
0,
0,
0,
0,
0,
0,
0,
0,
0,
0,
0,
0,
0,
12710,
14791,
0,
0,
0,
12678,
21832,
12710,
14791,
0,
0,
0,
0,
0,
0,
0,
0,
0,
0,
0,
0,
0,
0,
0,
0,
0,
0,
0,
0,
0,
0,
0,
12710,
21832,
14758,
0,
12710,
21864,
21864,
21832,
14758,
0,
0,
0,
0,
0,
0,
0,
0,
0,
0,
0,
0,
0,
0,
0,
0,
0,
0,
0,
0,
0,
0,
12710,
21864,
21864,
19337,
12678,
12710,
19369,
21832,
14758,
0,
0,
0,
0,
0,
0,
0,
0,
0,
0,
0,
0,
0,
0,
0,
0,
0,
0,
0,
0,
0,
0,
0,
0,
12678,
19369,
21832,
21832,
21864,
21832,
21832,
19337,
14791,
0,
0,
0,
0,
0,
0,
0,
0,
0,
0,
0,
0,
0,
0,
0,
0,
0,
0,
0,
0,
0,
0,
0,
12710,
21864,
21832,
12678,
12678,
12710,
21864,
21864,
36561,
14758,
0,
0,
0,
0,
0,
0,
0,
0,
0,
0,
0,
0,
0,
0,
0,
0,
0,
0,
0,
0,
0,
12742,
21832,
21832,
14790,
0,
0,
0,
12678,
21864,
21864,
36561,
14791,
0,
0,
0,
0,
0,
0,
0,
0,
0,
0,
0,
0,
0,
0,
0,
0,
0,
0,
0,
0,
12678,
12710,
21832,
14758,
0,
0,
0,
0,
12710,
21864,
36561,
14758,
0,
0,
0,
0,
0,
0,
0,
0,
0,
0,
0,
0,
0,
0,
0,
0,
0,
0,
0,
0,
0,
0,
14758,
0,
0,
14758,
0,
0,
12710,
21832,
21864,
36561,
14791,
0,
0,
0,
0,
0,
0,
0,
0,
0,
0,
0,
0,
0,
0,
0,
0,
0,
0,
0,
0,
0,
0,
0,
12710,
65503,
14758,
0,
12710,
21864,
21864,
36561,
14758,
0,
0,
0,
0,
0,
0,
0,
0,
0,
0,
0,
0,
0,
0,
0,
0,
0,
0,
0,
0,
0,
0,
0,
12710,
36593,
65503,
12710,
21864,
21864,
21864,
36561,
14758,
0,
0,
0,
0,
0,
0,
0,
0,
0,
0,
0,
0,
0,
0,
0,
0,
0,
0,
0,
0,
0,
0,
12710,
36593,
36593,
65503,
12710,
21864,
21864,
36561,
14758,
0,
12678,
12678,
14758,
0,
0,
0,
0,
0,
0,
0,
0,
0,
0,
0,
0,
0,
0,
0,
0,
0,
0,
12710,
27921,
36593,
65535,
36593,
63422,
21162,
21864,
36561,
12678,
12710,
21162,
19369,
21832,
14758,
0,
0,
0,
0,
0,
0,
0,
0,
0,
0,
0,
0,
0,
0,
0,
0,
0,
12678,
36593,
36593,
36593,
49834,
65535,
21162,
21832,
21162,
48599,
21162,
21864,
21864,
36593,
21832,
14758,
0,
0,
0,
0,
0,
0,
0,
0,
0,
0,
0,
0,
0,
0,
0,
12710,
36561,
36593,
36593,
37480,
12710,
65535,
29582,
21162,
48599,
21162,
21864,
36593,
36593,
21864,
36561,
14758,
0,
0,
0,
0,
0,
0,
0,
0,
0,
0,
0,
0,
0,
0,
12710,
12678,
36593,
36593,
36593,
37448,
49802,
65535,
48631,
48599,
21162,
21864,
21864,
21864,
36593,
36593,
36593,
27953,
14758,
0,
0,
0,
0,
0,
0,
0,
0,
0,
0,
0,
0,
12710,
63237,
21130,
36593,
36593,
36593,
65503,
61015,
36593,
27953,
21162,
36593,
21864,
19337,
19369,
36593,
36593,
63269,
36561,
14758,
0,
0,
0,
0,
0,
0,
0,
0,
0,
0,
0,
12710,
63237,
36593,
12678,
27953,
36593,
36593,
36593,
65535,
36593,
21162,
36593,
21864,
19369,
21864,
21864,
19369,
52776,
63269,
36561,
14758,
0,
0,
0,
0,
0,
0,
0,
0,
0,
0,
12710,
63237,
36593,
12710,
35782,
12678,
36593,
36593,
36593,
27953,
21162,
36561,
21832,
21130,
12678,
12710,
21864,
19369,
63269,
36593,
36561,
14758,
0,
0,
0,
0,
0,
0,
0,
0,
0,
0,
12678,
63269,
21162,
35782,
12710,
63237,
27953,
27953,
36593,
19337,
21130,
36593,
21162,
27953,
14758,
0,
12710,
52776,
36593,
63269,
36561,
14758,
0,
0,
0,
0,
0,
0,
0,
0,
0,
0,
0,
12710,
35814,
12710,
63237,
36593,
36593,
12678,
12710,
12678,
36561,
21162,
21832,
27953,
14758,
0,
12710,
21864,
36593,
36593,
36561,
14758,
0,
0,
0,
0,
0,
0,
0,
0,
0,
0,
0,
0,
12710,
63237,
36593,
12710,
12710,
0,
0,
12678,
36593,
21130,
21864,
27953,
12678,
0,
12710,
21864,
36593,
36593,
36561,
14758,
0,
0,
0,
0,
0,
0,
0,
0,
0,
0,
0,
0,
12678,
63269,
12710,
0,
0,
0,
0,
0,
12710,
36561,
21162,
21832,
27921,
14790,
61189,
21864,
36593,
61189,
27953,
14758,
0,
0,
0,
0,
0,
0,
0,
0,
0,
0,
0,
0,
0,
12710,
0,
0,
0,
0,
0,
0,
0,
12710,
21130,
21864,
21832,
21832,
23912,
63269,
63269,
36561,
14790,
0,
0,
0,
0,
0,
0,
0,
0,
0,
0,
0,
0,
0,
0,
0,
0,
0,
0,
0,
0,
0,
0,
12678,
21832,
21864,
21864,
21864,
21864,
36593,
63269,
36561,
14758,
0,
0,
0,
0,
0,
0,
0,
0,
0,
0,
0,
0,
0,
0,
0,
0,
0,
0,
0,
0,
0,
0,
12678,
19337,
21864,
21864,
21864,
36593,
36593,
36561,
14758,
0,
0,
0,
0,
0,
0,
0,
0,
0,
0,
0,
0,
0,
0,
0,
0,
0,
0,
0,
0,
0,
0,
0,
0,
12678,
12678,
36593,
36593,
36593,
27953,
14758,
0,
0,
0,
0,
0,
0,
0,
0,
0,
0,
0,
0,
0,
0,
0,
0,
0,
0,
0,
0,
0,
0,
0,
0,
0,
0,
0,
12710,
12710,
12710,
12678,
0,
0,
0,
0,
0,
0,
0,
0,
0,
0,
0,
0,
0,
0,
0,
0,
0,
0,
0,
0,
0,
0,
0,
0,
0,
0,
0,
0,
0,
0,
0,
0,
0,
0,
0,
0,
0,
0,
0,
0,
0,
0,
0,
0,
0,
0,
0,
0,
0,
0,
0,
0,
0,
0,
0,
0,
0,
0,
0,
0,
0,
0,
0,
0,
0,
0,
0,
0,
0,
0,
0,
0,
0,
