2020
0,
0,
0,
0,
0,
0,
0,
0,
0,
0,
0,
0,
0,
0,
0,
0,
0,
0,
0,
0,
0,
0,
0,
0,
0,
0,
0,
0,
0,
0,
0,
0,
0,
0,
0,
0,
0,
0,
0,
0,
0,
0,
0,
0,
0,
0,
0,
0,
0,
0,
0,
0,
0,
0,
0,
0,
0,
0,
0,
0,
0,
0,
0,
0,
0,
0,
0,
0,
0,
0,
0,
0,
0,
0,
0,
0,
0,
0,
0,
0,
0,
0,
0,
0,
0,
0,
0,
0,
0,
0,
0,
0,
0,
0,
0,
0,
0,
0,
0,
0,
0,
0,
0,
0,
0,
0,
0,
12678,
14759,
14791,
0,
0,
0,
0,
0,
0,
0,
0,
0,
0,
0,
0,
0,
0,
0,
0,
0,
0,
0,
0,
0,
0,
0,
0,
0,
0,
0,
0,
12710,
15883,
36819,
32561,
12711,
0,
0,
0,
0,
12711,
0,
0,
0,
0,
0,
0,
0,
0,
0,
0,
0,
0,
0,
0,
0,
0,
0,
0,
0,
0,
0,
0,
14791,
18124,
18124,
36819,
34770,
14823,
0,
0,
14759,
65198,
14823,
0,
0,
0,
0,
0,
0,
0,
0,
0,
0,
0,
0,
0,
0,
0,
0,
0,
14759,
12710,
12678,
14759,
12710,
21162,
18124,
15979,
32593,
17739,
12678,
12710,
19433,
58957,
61038,
14823,
0,
0,
0,
0,
0,
0,
0,
0,
0,
0,
0,
0,
0,
0,
12710,
12710,
18124,
22285,
22221,
18092,
15915,
15562,
23243,
21162,
65503,
65535,
65233,
65233,
14791,
15883,
12743,
0,
0,
0,
14823,
0,
0,
0,
0,
0,
0,
0,
0,
0,
0,
14791,
24494,
24462,
24494,
24494,
24462,
24494,
18124,
65427,
65427,
17739,
19465,
56748,
65426,
39943,
65427,
19433,
14759,
14823,
0,
14791,
65427,
14823,
0,
0,
0,
0,
0,
0,
0,
0,
0,
14791,
22317,
22221,
24462,
22317,
22221,
24462,
15915,
15883,
18124,
15915,
15915,
17771,
65233,
65265,
65427,
35750,
65535,
54700,
12678,
15626,
54668,
12711,
0,
0,
0,
0,
0,
0,
0,
0,
0,
0,
12710,
22221,
24462,
22285,
22221,
18092,
15915,
15883,
65427,
15915,
15915,
18124,
50475,
65265,
65427,
50443,
23211,
65535,
48395,
15594,
14823,
0,
0,
0,
0,
0,
0,
0,
0,
0,
0,
0,
0,
14791,
18124,
18124,
18124,
18124,
18124,
18124,
18124,
18124,
18124,
17739,
65535,
14759,
65459,
65427,
23275,
56748,
54700,
54700,
14823,
0,
0,
0,
0,
0,
0,
0,
0,
0,
0,
0,
0,
0,
14759,
12710,
15883,
18092,
15915,
15883,
18124,
15915,
15915,
65535,
65503,
65535,
65427,
63185,
23211,
65535,
48395,
15947,
14823,
0,
0,
0,
0,
0,
0,
0,
0,
0,
0,
0,
0,
0,
0,
0,
12678,
14791,
17352,
15915,
18124,
17996,
65535,
65535,
48631,
65297,
65426,
35750,
65535,
65535,
50475,
52555,
17739,
12711,
0,
0,
0,
0,
0,
0,
0,
0,
0,
0,
0,
0,
0,
0,
0,
0,
14791,
19433,
19465,
17739,
18125,
65535,
18124,
56748,
65459,
23275,
65535,
23243,
54700,
18124,
17739,
14759,
14823,
0,
0,
0,
0,
0,
0,
0,
0,
0,
0,
0,
0,
0,
0,
0,
0,
12710,
18124,
15915,
15915,
18124,
15594,
15915,
23243,
65503,
65535,
17739,
21162,
15626,
17739,
15594,
65362,
14823,
0,
0,
0,
0,
0,
0,
0,
0,
0,
0,
0,
0,
0,
0,
0,
0,
14791,
15626,
15947,
23275,
15915,
32593,
36819,
21162,
15979,
18124,
15562,
21162,
23275,
15594,
54636,
14823,
0,
0,
0,
0,
0,
0,
0,
0,
0,
0,
0,
0,
0,
0,
0,
0,
0,
14759,
14759,
18124,
36819,
36819,
34771,
14759,
14791,
18124,
18124,
65459,
65427,
14759,
14823,
0,
0,
0,
0,
0,
0,
0,
0,
0,
0,
0,
0,
0,
0,
0,
0,
0,
0,
0,
12710,
18124,
32529,
32529,
18092,
12711,
0,
14791,
63185,
58925,
14823,
0,
0,
0,
0,
0,
0,
0,
0,
0,
0,
0,
0,
0,
0,
0,
0,
0,
0,
0,
0,
0,
12710,
18124,
15915,
15915,
14823,
0,
0,
0,
12710,
61005,
14823,
0,
0,
0,
0,
0,
0,
0,
0,
0,
0,
0,
0,
0,
0,
0,
0,
0,
0,
0,
0,
0,
0,
14759,
12710,
14823,
0,
0,
0,
14791,
17739,
14823,
0,
0,
0,
0,
0,
0,
0,
0,
0,
0,
0,
0,
0,
0,
0,
0,
0,
0,
0,
0,
0,
0,
0,
0,
0,
12678,
14823,
0,
0,
14791,
15530,
12678,
0,
0,
0,
0,
0,
0,
0,
0,
0,
0,
0,
0,
0,
0,
0,
0,
0,
0,
0,
0,
0,
0,
0,
0,
12710,
21162,
18092,
12678,
12710,
17739,
12711,
0,
0,
0,
0,
0,
0,
0,
0,
0,
0,
0,
0,
0,
0,
0,
0,
0,
0,
0,
0,
0,
0,
0,
0,
14791,
18092,
18092,
19433,
19433,
17739,
14823,
0,
0,
0,
0,
0,
0,
0,
0,
0,
0,
0,
0,
0,
0,
0,
0,
0,
0,
0,
0,
0,
0,
0,
0,
0,
14791,
15883,
21130,
19465,
15851,
12743,
0,
0,
0,
0,
0,
0,
0,
0,
0,
0,
0,
0,
0,
0,
0,
0,
0,
0,
0,
0,
0,
0,
0,
0,
0,
0,
0,
12742,
15979,
18092,
14791,
0,
0,
0,
0,
0,
0,
0,
0,
0,
0,
0,
0,
0,
0,
0,
0,
0,
0,
0,
0,
0,
0,
0,
0,
0,
0,
0,
0,
12710,
18092,
18092,
14823,
0,
0,
0,
0,
0,
0,
0,
0,
0,
0,
0,
0,
0,
0,
0,
0,
0,
0,
0,
0,
0,
0,
0,
0,
0,
0,
0,
0,
0,
12678,
14823,
0,
0,
0,
0,
0,
0,
0,
0,
0,
0,
0,
0,
0,
0,
0,
0,
0,
0,
0,
0,
0,
0,
0,
0,
0,
0,
0,
0,
0,
0,
0,
0,
0,
0,
0,
0,
0,
0,
0,
0,
0,
0,
0,
0,
0,
0,
0,
0,
0,
0,
0,
0,
0,
0,
0,
0,
0,
0,
0,
0,
0,
0,
0,
0,
0,
0,
0,
0,
0,
0,
0,
0,
0,
0,
0,
0,
0,
0,
0,
0,
0,
0,
0,
0,
0,
0,
0,
0,
0,
0,
0,
0,
0,
0,
0,
0,
0,
0,
0,
0,
0,
0,
0,
0,
0,
0,
0,
0,
0,
0,
0,
0,
0,
0,
0,
0,
0,
0,
0,
0,
0,
0,
0,
0,
0,
0,
0,
0,
0,
0,
0,
0,
0,
0,
0,
0,
0,
0,
0,
0,
0,
