2020
0,
0,
0,
0,
0,
0,
0,
0,
0,
0,
0,
0,
0,
0,
0,
0,
0,
0,
0,
0,
0,
0,
0,
0,
0,
0,
0,
0,
0,
0,
0,
0,
0,
0,
0,
0,
0,
0,
0,
0,
0,
0,
0,
0,
0,
0,
0,
0,
0,
0,
0,
0,
0,
0,
0,
0,
0,
0,
0,
0,
0,
0,
0,
0,
0,
0,
0,
0,
0,
0,
0,
0,
0,
0,
0,
0,
0,
0,
0,
0,
0,
0,
0,
0,
0,
0,
0,
0,
0,
0,
0,
0,
0,
0,
0,
0,
0,
0,
0,
0,
0,
0,
0,
0,
0,
0,
0,
0,
0,
0,
0,
0,
0,
0,
0,
0,
0,
0,
0,
0,
0,
0,
0,
0,
0,
0,
0,
0,
0,
0,
0,
0,
0,
0,
0,
0,
0,
0,
0,
0,
0,
0,
0,
0,
0,
0,
0,
0,
0,
0,
0,
0,
0,
0,
0,
0,
0,
0,
0,
0,
0,
0,
0,
0,
0,
0,
0,
0,
0,
0,
0,
0,
12710,
14791,
0,
0,
0,
0,
0,
0,
0,
0,
0,
0,
0,
0,
0,
0,
0,
0,
0,
0,
0,
0,
0,
0,
0,
0,
0,
0,
0,
14791,
0,
14791,
65529,
65529,
14791,
0,
0,
0,
0,
0,
0,
0,
0,
0,
0,
0,
0,
0,
0,
0,
0,
0,
0,
0,
0,
0,
0,
0,
0,
0,
12710,
65463,
14791,
56685,
21162,
65529,
12678,
0,
14791,
0,
0,
0,
0,
0,
0,
0,
0,
0,
0,
0,
0,
0,
0,
0,
0,
0,
0,
0,
0,
0,
0,
0,
12710,
65463,
65529,
21162,
65203,
14791,
0,
12710,
65529,
12678,
0,
0,
0,
0,
0,
0,
0,
0,
0,
0,
0,
0,
0,
0,
0,
0,
0,
0,
0,
0,
0,
14791,
64985,
64985,
63023,
23275,
23275,
14791,
0,
14791,
64985,
64985,
14791,
14791,
14791,
0,
0,
0,
0,
0,
0,
0,
0,
0,
0,
0,
0,
0,
0,
0,
0,
0,
12678,
64985,
64854,
21162,
17532,
63382,
65430,
65529,
12678,
64855,
64985,
21162,
46032,
64952,
63090,
12710,
14791,
12678,
0,
0,
0,
0,
0,
0,
0,
0,
0,
0,
0,
0,
0,
12710,
58451,
64985,
23211,
64887,
65535,
15354,
65463,
65364,
65463,
23243,
23275,
64854,
64920,
65529,
65462,
65496,
23275,
56685,
14759,
0,
0,
0,
0,
0,
0,
0,
0,
0,
0,
0,
0,
14791,
65180,
50193,
64985,
64985,
64985,
64985,
65529,
65529,
60943,
65529,
65529,
65529,
65529,
65529,
65529,
65529,
65364,
60943,
14791,
0,
0,
0,
0,
0,
0,
0,
0,
0,
0,
0,
0,
12678,
62774,
62644,
65050,
64854,
64985,
62774,
64854,
65529,
63090,
65463,
65529,
63382,
65463,
65528,
63382,
65496,
65528,
12678,
0,
0,
0,
0,
0,
0,
0,
0,
0,
0,
0,
0,
0,
0,
12710,
65212,
65147,
65115,
64985,
64887,
64920,
65529,
65495,
65496,
65529,
65463,
65496,
65529,
65463,
65528,
65529,
12710,
0,
0,
0,
0,
0,
0,
0,
0,
0,
0,
0,
0,
0,
0,
14791,
65212,
65212,
65212,
64985,
62644,
65535,
17532,
65529,
65529,
65529,
65529,
65529,
65529,
65529,
65529,
65529,
65332,
14791,
0,
0,
0,
0,
0,
0,
0,
0,
0,
0,
0,
0,
0,
12678,
64985,
65050,
64854,
64985,
62774,
40319,
44575,
63382,
65463,
65529,
63382,
64855,
64952,
63090,
65496,
65528,
63090,
23243,
14759,
0,
0,
0,
0,
0,
0,
0,
0,
0,
0,
0,
0,
0,
14791,
64920,
64920,
64985,
64887,
64920,
64985,
64887,
65496,
65364,
64887,
64952,
50193,
64887,
64952,
65529,
65203,
23243,
65529,
12710,
0,
0,
0,
0,
0,
0,
0,
0,
0,
0,
0,
0,
14791,
64985,
64985,
50193,
64985,
64985,
62644,
50193,
50193,
62644,
64953,
64985,
64985,
48145,
64985,
64985,
65332,
60943,
65364,
14791,
0,
0,
0,
0,
0,
0,
0,
0,
0,
0,
0,
0,
0,
12678,
21162,
64985,
62774,
64854,
64985,
63382,
65463,
23275,
21130,
64855,
64952,
21130,
60531,
64952,
63090,
58798,
58830,
12678,
0,
0,
0,
0,
0,
0,
0,
0,
0,
0,
0,
0,
0,
0,
14759,
65212,
64887,
64920,
65529,
58798,
23243,
65529,
56750,
23243,
64985,
65463,
23243,
64985,
65203,
60943,
14791,
0,
0,
0,
0,
0,
0,
0,
0,
0,
0,
0,
0,
0,
0,
0,
14791,
64985,
64952,
64952,
64985,
65496,
60943,
23275,
65496,
65332,
23275,
65300,
23275,
65364,
58862,
14791,
0,
0,
0,
0,
0,
0,
0,
0,
0,
0,
0,
0,
0,
0,
0,
0,
0,
14791,
56370,
64854,
64985,
63382,
65463,
23275,
54637,
65463,
23243,
21130,
50776,
23243,
21130,
12710,
0,
0,
0,
0,
0,
0,
0,
0,
0,
0,
0,
0,
0,
0,
0,
0,
0,
0,
23243,
23243,
65529,
65495,
65300,
14791,
65463,
65496,
23275,
65535,
61374,
61374,
50744,
14791,
0,
0,
0,
0,
0,
0,
0,
0,
0,
0,
0,
0,
0,
0,
0,
0,
0,
0,
0,
0,
14791,
65496,
14791,
0,
14759,
14791,
65535,
65535,
61374,
54970,
14759,
0,
0,
0,
0,
0,
0,
0,
0,
0,
0,
0,
0,
0,
0,
0,
0,
0,
0,
0,
0,
0,
0,
12678,
0,
0,
0,
12710,
65535,
12678,
12710,
14791,
0,
0,
0,
0,
0,
0,
0,
0,
0,
0,
0,
0,
0,
0,
0,
0,
0,
0,
0,
0,
0,
0,
0,
0,
0,
0,
0,
0,
14791,
0,
0,
0,
0,
0,
0,
0,
0,
0,
0,
0,
0,
0,
0,
0,
0,
0,
0,
0,
0,
0,
0,
0,
0,
0,
0,
0,
0,
0,
0,
0,
0,
0,
0,
0,
0,
0,
0,
0,
0,
0,
0,
0,
0,
0,
0,
0,
0,
0,
0,
0,
0,
0,
0,
0,
0,
0,
0,
0,
0,
0,
0,
0,
0,
0,
0,
0,
0,
0,
0,
0,
0,
0,
0,
0,
0,
0,
0,
0,
0,
0,
0,
0,
0,
0,
0,
0,
0,
0,
0,
0,
0,
0,
0,
0,
0,
0,
0,
0,
0,
0,
0,
0,
0,
0,
0,
0,
0,
0,
0,
0,
0,
0,
0,
0,
0,
0,
0,
0,
0,
0,
0,
0,
0,
0,
0,
0,
0,
0,
0,
0,
0,
0,
0,
0,
0,
0,
0,
0,
0,
0,
0,
0,
0,
0,
0,
0,
0,
0,
0,
0,
0,
0,
0,
0,
0,
0,
0,
0,
0,
0,
0,
0,
0,
0,
0,
0,
0,
0,
0,
0,
0,
