2020
0,
0,
0,
0,
0,
0,
0,
0,
0,
12710,
12743,
0,
0,
0,
0,
0,
0,
0,
0,
0,
0,
0,
0,
0,
0,
0,
0,
0,
0,
0,
0,
0,
0,
0,
0,
0,
0,
0,
0,
0,
12678,
48237,
41964,
12678,
12710,
12678,
12678,
12710,
12678,
12678,
12710,
12678,
12678,
12710,
12710,
0,
0,
0,
0,
0,
0,
0,
0,
0,
0,
0,
0,
0,
0,
0,
0,
14758,
46157,
33547,
21162,
23243,
57083,
54970,
46486,
57083,
54970,
57051,
57083,
54970,
46486,
57083,
21162,
14823,
0,
0,
0,
0,
0,
0,
0,
0,
0,
0,
0,
0,
0,
0,
0,
12710,
33546,
56785,
52592,
23211,
57083,
54938,
55002,
46486,
52857,
55002,
57083,
31727,
57051,
57083,
52857,
14791,
0,
0,
0,
0,
0,
0,
0,
0,
0,
0,
0,
0,
0,
0,
14791,
44044,
50512,
46189,
21130,
50744,
57083,
50744,
52825,
57083,
50744,
52825,
57051,
50712,
31727,
33808,
12710,
0,
0,
0,
0,
0,
0,
0,
0,
0,
0,
0,
0,
0,
0,
0,
14791,
46189,
46189,
23243,
44405,
23243,
23243,
44405,
46486,
46486,
33808,
33840,
46486,
44405,
46486,
46486,
44405,
14823,
0,
0,
0,
0,
0,
0,
0,
0,
0,
0,
0,
0,
0,
0,
14759,
23210,
46156,
48237,
21162,
46157,
56785,
21162,
44405,
33840,
42292,
44405,
46486,
42292,
44405,
46486,
21162,
14791,
0,
0,
0,
0,
0,
0,
0,
0,
0,
0,
0,
0,
0,
12678,
46189,
21130,
41996,
48237,
41996,
50480,
33547,
12678,
12678,
12710,
12678,
12678,
12710,
12678,
12678,
12710,
12710,
0,
0,
0,
0,
0,
0,
0,
0,
0,
0,
0,
0,
0,
0,
14758,
48237,
46189,
23243,
48237,
46189,
23243,
23243,
14791,
0,
0,
0,
0,
0,
0,
0,
0,
0,
0,
0,
0,
0,
0,
0,
0,
0,
0,
0,
0,
0,
0,
0,
12710,
48237,
33325,
49842,
23243,
21162,
41447,
57834,
39399,
12743,
0,
0,
0,
0,
0,
0,
0,
0,
0,
0,
0,
0,
0,
0,
0,
0,
0,
0,
0,
0,
0,
0,
0,
14759,
45714,
33293,
23243,
39367,
60236,
57834,
51657,
12711,
0,
0,
0,
0,
0,
0,
0,
0,
0,
0,
0,
0,
0,
0,
0,
0,
0,
0,
0,
0,
0,
0,
0,
12710,
35406,
23243,
56785,
41448,
57834,
57834,
57834,
14823,
0,
0,
0,
12710,
12710,
14823,
0,
0,
0,
0,
0,
0,
0,
0,
0,
0,
0,
0,
0,
0,
0,
0,
12678,
51923,
21162,
44076,
56785,
21130,
39367,
57834,
39367,
21162,
14823,
0,
12710,
56785,
52560,
21162,
14823,
0,
0,
0,
0,
0,
0,
0,
0,
0,
0,
0,
0,
0,
0,
0,
12678,
23243,
52560,
50512,
48237,
50480,
21130,
23243,
21130,
44044,
23243,
12678,
52560,
56753,
50479,
52592,
14791,
0,
0,
0,
0,
0,
0,
0,
0,
0,
0,
0,
0,
0,
0,
0,
14759,
23243,
56785,
56785,
48269,
56785,
65535,
33547,
48237,
48269,
57083,
57051,
23243,
56785,
56785,
56785,
14823,
0,
0,
0,
0,
0,
0,
0,
0,
0,
0,
0,
0,
0,
0,
12710,
52560,
56785,
31434,
52592,
48237,
52560,
12710,
65535,
44044,
46157,
57083,
21130,
35373,
51923,
52560,
54705,
14823,
0,
0,
0,
0,
0,
0,
0,
0,
0,
0,
0,
0,
0,
14791,
52560,
50512,
56785,
44076,
52560,
56785,
52560,
63454,
23243,
41996,
44076,
23243,
45713,
47794,
35406,
50480,
54673,
14791,
0,
0,
0,
0,
0,
0,
0,
0,
0,
0,
0,
0,
0,
14791,
56785,
56785,
23243,
23243,
48237,
56785,
56785,
23243,
33547,
46189,
23243,
35406,
35406,
37454,
48269,
56785,
56785,
56785,
14823,
0,
0,
0,
0,
0,
0,
0,
0,
0,
0,
0,
0,
0,
12678,
12678,
12710,
44076,
21162,
48237,
44044,
44076,
23243,
21162,
58297,
60410,
33325,
46156,
48237,
45714,
49875,
56785,
12711,
0,
0,
0,
0,
0,
0,
0,
0,
0,
0,
0,
0,
0,
0,
0,
14791,
44044,
44044,
23243,
21130,
21130,
60410,
54167,
33293,
37454,
54135,
33325,
46189,
54135,
49843,
56753,
50479,
14791,
0,
0,
0,
0,
0,
0,
0,
0,
0,
0,
0,
0,
0,
0,
0,
12710,
48237,
35406,
60410,
60410,
35406,
37454,
60410,
23243,
23243,
12710,
12710,
12710,
12710,
12710,
12710,
12710,
12710,
12710,
14823,
0,
0,
0,
0,
0,
0,
0,
0,
0,
0,
0,
0,
12678,
33293,
60410,
54167,
33293,
60410,
54167,
21162,
56785,
50480,
21162,
57051,
50744,
54970,
57051,
50744,
54970,
54970,
50744,
23211,
12710,
0,
0,
0,
0,
0,
0,
0,
0,
0,
0,
0,
0,
12678,
60410,
33293,
54167,
35406,
21130,
52560,
33547,
21130,
52857,
57051,
50744,
44373,
57051,
50744,
54938,
44373,
50744,
54970,
12710,
0,
0,
0,
0,
0,
0,
0,
0,
0,
0,
0,
0,
0,
14791,
60410,
37454,
56785,
23243,
56785,
56785,
56785,
23243,
57083,
57083,
57083,
57083,
57083,
57083,
57083,
33808,
14823,
0,
0,
0,
0,
0,
0,
0,
0,
0,
0,
0,
0,
0,
0,
14759,
33293,
52560,
23243,
50512,
52592,
33547,
21130,
42292,
44405,
40179,
44373,
44405,
40179,
33808,
33808,
40179,
44405,
12710,
0,
0,
0,
0,
0,
0,
0,
0,
0,
0,
0,
0,
0,
0,
12710,
52560,
23243,
52560,
54673,
56785,
21130,
21162,
46486,
42260,
44405,
46486,
31695,
44405,
44405,
40179,
23243,
12710,
0,
0,
0,
0,
0,
0,
0,
0,
0,
0,
0,
0,
0,
0,
14791,
56785,
56785,
35627,
56785,
56785,
56785,
56785,
12710,
12710,
12710,
12710,
12710,
12710,
12710,
12710,
14823,
0,
0,
0,
0,
0,
0,
0,
0,
0,
0,
0,
0,
0,
0,
0,
0,
12678,
56785,
50480,
31434,
33547,
21130,
21162,
14791,
0,
0,
0,
0,
0,
0,
0,
0,
0,
0,
0,
0,
0,
0,
0,
0,
0,
0,
0,
0,
0,
0,
0,
0,
12710,
56785,
52560,
46156,
48237,
41996,
12743,
0,
0,
0,
0,
0,
0,
0,
0,
0,
0,
0,
0,
0,
0,
0,
0,
0,
0,
0,
0,
0,
0,
0,
0,
0,
0,
12710,
14791,
48237,
48237,
23243,
14823,
0,
0,
0,
0,
0,
0,
0,
0,
0,
0,
0,
0,
0,
0,
0,
0,
0,
0,
0,
0,
0,
0,
0,
0,
0,
0,
0,
0,
12678,
12710,
12710,
0,
0,
0,
0,
0,
0,
0,
0,
0,
0,
0,
0,
0,
0,
0,
0,
0,
0,
0,
0,
0,
0,
0,
0,
0,
0,
0,
0,
0,
0,
0,
0,
0,
0,
0,
0,
0,
0,
0,
0,
0,
0,
0,
0,
0,
0,
0,
