2020
0,
0,
0,
0,
0,
0,
0,
0,
0,
0,
0,
0,
0,
0,
0,
0,
0,
0,
0,
0,
0,
0,
0,
0,
0,
0,
0,
0,
0,
0,
0,
0,
0,
0,
0,
0,
0,
0,
0,
0,
0,
0,
0,
0,
0,
0,
0,
0,
0,
0,
0,
0,
0,
0,
0,
0,
0,
0,
0,
0,
0,
0,
0,
0,
0,
0,
0,
0,
0,
0,
0,
0,
0,
0,
0,
0,
0,
0,
0,
12710,
14823,
0,
0,
0,
0,
0,
0,
0,
0,
0,
0,
0,
0,
0,
0,
0,
0,
0,
0,
0,
0,
0,
0,
0,
0,
0,
0,
0,
0,
0,
12678,
21598,
23743,
12710,
0,
0,
0,
0,
0,
0,
0,
0,
0,
0,
0,
0,
0,
0,
0,
0,
0,
0,
0,
0,
0,
0,
0,
0,
0,
0,
12710,
14791,
21631,
21663,
23243,
21162,
14791,
0,
0,
0,
0,
0,
0,
0,
0,
0,
0,
0,
0,
0,
0,
0,
0,
0,
0,
0,
0,
0,
0,
0,
0,
14791,
46975,
25945,
23243,
23743,
23775,
23743,
23743,
14823,
0,
0,
0,
0,
0,
0,
0,
0,
0,
0,
0,
0,
0,
0,
0,
0,
0,
0,
0,
0,
0,
0,
0,
12710,
28254,
25945,
21130,
21598,
23743,
21598,
21598,
14823,
0,
0,
0,
0,
0,
0,
0,
0,
0,
0,
0,
0,
0,
0,
0,
0,
0,
0,
0,
0,
0,
0,
14791,
21663,
21162,
23243,
21631,
21663,
23775,
21162,
14791,
0,
0,
0,
0,
0,
0,
0,
0,
0,
0,
0,
0,
0,
0,
0,
0,
0,
0,
0,
0,
0,
12710,
12711,
23775,
23743,
23743,
23743,
12710,
14791,
23775,
23743,
14823,
0,
0,
0,
0,
0,
0,
0,
0,
0,
0,
0,
0,
0,
0,
0,
0,
0,
0,
0,
0,
12743,
28222,
21130,
23743,
21598,
21130,
23243,
12710,
7421,
12710,
12710,
0,
0,
0,
0,
0,
0,
0,
0,
0,
0,
0,
0,
0,
0,
0,
0,
0,
0,
0,
0,
0,
14759,
21162,
21162,
19388,
21163,
21663,
23775,
28287,
12743,
0,
0,
0,
0,
0,
12710,
14823,
0,
0,
0,
0,
0,
0,
0,
0,
0,
0,
0,
0,
0,
0,
0,
12711,
25945,
27469,
27469,
23243,
58185,
56137,
23775,
23743,
30399,
12710,
14791,
0,
12710,
12710,
23243,
23743,
14791,
0,
0,
0,
0,
0,
0,
0,
0,
0,
0,
0,
0,
0,
12710,
40637,
30431,
25356,
25356,
23243,
12678,
51976,
23743,
17241,
28222,
23243,
28189,
12678,
23243,
26142,
17241,
12710,
12710,
0,
0,
0,
0,
0,
0,
0,
0,
0,
0,
0,
0,
0,
12743,
28287,
25945,
25388,
25388,
23243,
56105,
21663,
23775,
21631,
21663,
30463,
21163,
30399,
30463,
25388,
19355,
14823,
0,
0,
0,
0,
0,
0,
0,
0,
0,
0,
0,
0,
0,
0,
0,
12710,
27469,
27469,
21163,
23775,
23743,
23743,
23775,
19355,
23743,
30463,
23243,
30431,
30463,
30399,
27469,
23743,
14791,
0,
0,
0,
0,
0,
0,
0,
0,
0,
0,
0,
0,
0,
0,
0,
12710,
21130,
21130,
19388,
17241,
21598,
23743,
21566,
21598,
30431,
21130,
28255,
30463,
26141,
25356,
23211,
12710,
0,
0,
0,
0,
0,
0,
0,
0,
0,
0,
0,
0,
0,
0,
0,
14759,
27469,
27437,
23243,
58185,
56137,
23775,
23743,
30431,
30463,
23243,
30431,
30463,
28319,
27469,
14823,
0,
0,
0,
0,
0,
0,
0,
0,
0,
0,
0,
0,
0,
0,
0,
12711,
47007,
30431,
27469,
27469,
23211,
14758,
58217,
23743,
30431,
30463,
23243,
30431,
30463,
23832,
27469,
14823,
0,
0,
0,
0,
0,
0,
0,
0,
0,
0,
0,
0,
0,
0,
0,
12678,
30431,
28222,
25356,
27469,
21130,
51976,
58185,
21566,
28222,
23243,
28222,
28254,
25945,
23308,
17241,
14791,
0,
0,
0,
0,
0,
0,
0,
0,
0,
0,
0,
0,
0,
0,
0,
12711,
25945,
25912,
27437,
27469,
23211,
56137,
19388,
21663,
30431,
23243,
27469,
27469,
27501,
17275,
19356,
23243,
12710,
14823,
0,
0,
0,
0,
0,
0,
0,
0,
0,
0,
0,
0,
0,
0,
14759,
27437,
25388,
23243,
17275,
19355,
23775,
28319,
21162,
19388,
21631,
21663,
19388,
17275,
21663,
23743,
21162,
23743,
14823,
0,
0,
0,
0,
0,
0,
0,
0,
0,
0,
0,
0,
0,
0,
12678,
21130,
23743,
21598,
21598,
23743,
21130,
21598,
23743,
21566,
21599,
23743,
19518,
21599,
19356,
17209,
21162,
14791,
0,
0,
0,
0,
0,
0,
0,
0,
0,
0,
0,
0,
0,
0,
12711,
21663,
23775,
23743,
23711,
23775,
21663,
23711,
23243,
21163,
23743,
23243,
21162,
25913,
30463,
17275,
14823,
0,
0,
0,
0,
0,
0,
0,
0,
0,
0,
0,
0,
0,
0,
0,
0,
12711,
23775,
27437,
25389,
23775,
21162,
21163,
23775,
21631,
21163,
23775,
21631,
23243,
25945,
17274,
23243,
14823,
0,
0,
0,
0,
0,
0,
0,
0,
0,
0,
0,
0,
0,
0,
0,
0,
14791,
28254,
23734,
27501,
21566,
21598,
23743,
21566,
21599,
23743,
19517,
21130,
19355,
19082,
21631,
14791,
0,
0,
0,
0,
0,
0,
0,
0,
0,
0,
0,
0,
0,
0,
0,
0,
14791,
46975,
30431,
23243,
23743,
23243,
23243,
23743,
23743,
23775,
23211,
23243,
23243,
12710,
14823,
0,
0,
0,
0,
0,
0,
0,
0,
0,
0,
0,
0,
0,
0,
0,
0,
0,
0,
12710,
12710,
12710,
21162,
25388,
27469,
21163,
21663,
23775,
17275,
21663,
12710,
0,
0,
0,
0,
0,
0,
0,
0,
0,
0,
0,
0,
0,
0,
0,
0,
0,
0,
0,
0,
0,
0,
0,
12678,
28254,
25945,
25356,
21162,
23743,
21566,
21598,
14791,
0,
0,
0,
0,
0,
0,
0,
0,
0,
0,
0,
0,
0,
0,
0,
0,
0,
0,
0,
0,
0,
0,
0,
12710,
46975,
30463,
27469,
14791,
23775,
23211,
14823,
0,
0,
0,
0,
0,
0,
0,
0,
0,
0,
0,
0,
0,
0,
0,
0,
0,
0,
0,
0,
0,
0,
0,
0,
0,
12678,
12710,
12711,
0,
12710,
12711,
0,
0,
0,
0,
0,
0,
0,
0,
0,
0,
0,
0,
0,
0,
0,
0,
0,
0,
0,
0,
0,
0,
0,
0,
0,
0,
0,
0,
0,
0,
0,
0,
0,
0,
0,
0,
0,
0,
0,
0,
0,
0,
0,
0,
0,
0,
0,
0,
0,
0,
0,
0,
0,
0,
0,
0,
0,
0,
0,
0,
0,
0,
0,
0,
0,
0,
0,
0,
0,
0,
0,
0,
0,
0,
0,
