2020
0,
0,
0,
0,
0,
0,
0,
0,
0,
0,
0,
0,
0,
0,
0,
0,
0,
0,
0,
0,
0,
0,
0,
0,
0,
0,
0,
0,
0,
0,
0,
0,
0,
0,
0,
0,
0,
0,
14759,
14823,
0,
0,
0,
0,
0,
0,
0,
0,
0,
0,
0,
0,
0,
0,
0,
0,
0,
0,
0,
0,
0,
0,
0,
0,
0,
0,
0,
0,
0,
12710,
58354,
47821,
12710,
14823,
0,
0,
0,
0,
0,
0,
0,
0,
0,
0,
0,
0,
0,
0,
0,
0,
0,
0,
0,
0,
0,
0,
0,
0,
0,
0,
0,
0,
14791,
21130,
47821,
37659,
12711,
0,
0,
0,
0,
0,
0,
0,
0,
0,
0,
0,
0,
0,
0,
0,
0,
0,
0,
0,
0,
0,
0,
0,
0,
0,
0,
14759,
58354,
51982,
23243,
23243,
51982,
14823,
0,
0,
0,
0,
0,
0,
0,
0,
0,
0,
0,
0,
0,
0,
0,
0,
0,
0,
0,
0,
0,
0,
0,
0,
0,
0,
14791,
47821,
49902,
46015,
21162,
37418,
14759,
12711,
0,
0,
0,
0,
0,
0,
0,
0,
0,
0,
0,
0,
0,
0,
0,
0,
0,
0,
0,
0,
0,
0,
0,
0,
0,
12678,
41821,
52015,
41820,
21162,
51982,
45773,
12743,
0,
0,
0,
0,
0,
0,
0,
0,
0,
0,
0,
0,
0,
0,
0,
0,
0,
0,
0,
0,
0,
0,
0,
0,
14791,
23243,
23243,
51982,
23243,
51982,
23243,
29614,
14823,
0,
0,
0,
0,
0,
0,
14759,
14759,
14823,
0,
0,
0,
0,
0,
0,
0,
0,
0,
0,
0,
0,
0,
14791,
47821,
37418,
51982,
21162,
49902,
23243,
27469,
14791,
0,
0,
0,
14759,
12678,
12710,
14759,
21162,
29614,
14823,
0,
0,
0,
0,
0,
0,
0,
0,
0,
0,
0,
0,
0,
14791,
52112,
47821,
39499,
47821,
27501,
14791,
27469,
12743,
0,
12678,
14759,
46015,
21130,
29582,
29582,
21130,
14823,
0,
0,
0,
0,
0,
0,
0,
0,
0,
0,
0,
0,
0,
14759,
51982,
39499,
51982,
51982,
39531,
52526,
65510,
29614,
23243,
14791,
46015,
23243,
29614,
29614,
29614,
29614,
23243,
14823,
0,
0,
0,
0,
0,
0,
0,
0,
0,
0,
0,
0,
0,
12710,
58354,
47821,
35338,
39499,
35338,
21162,
23243,
27469,
27501,
29614,
27469,
21162,
23243,
27469,
21162,
23243,
27469,
23243,
14791,
0,
0,
0,
0,
0,
0,
0,
0,
0,
0,
0,
0,
12710,
56306,
47821,
47821,
51982,
47821,
41853,
23243,
21130,
21162,
29614,
21130,
43934,
23243,
21130,
43934,
23243,
27469,
23243,
14791,
0,
0,
0,
0,
0,
0,
0,
0,
0,
0,
0,
0,
14791,
51982,
52015,
46015,
46015,
51982,
39499,
52015,
46015,
23243,
39499,
51982,
51982,
39499,
51982,
51982,
23243,
23243,
23243,
14823,
0,
0,
0,
0,
0,
0,
0,
0,
0,
0,
0,
0,
0,
14759,
41821,
47821,
46015,
47821,
37418,
51982,
45773,
37418,
51982,
45773,
49902,
39499,
45773,
49902,
49934,
35338,
23243,
23211,
12678,
14823,
0,
0,
0,
0,
0,
0,
0,
0,
0,
0,
0,
14759,
47821,
41853,
51982,
35370,
49902,
46015,
41821,
37418,
51983,
41821,
37451,
51983,
41821,
43935,
37659,
47821,
51982,
49934,
27469,
14823,
0,
0,
0,
0,
0,
0,
0,
0,
0,
0,
0,
0,
14759,
14759,
39499,
52015,
46015,
14759,
14791,
52015,
46015,
39499,
52015,
46015,
51982,
51982,
39499,
51982,
51982,
39499,
14823,
0,
0,
0,
0,
0,
0,
0,
0,
0,
0,
0,
0,
0,
0,
0,
14759,
12678,
12743,
0,
0,
12710,
14759,
45773,
37418,
37451,
35338,
37451,
49934,
27469,
12710,
14791,
0,
0,
0,
0,
0,
0,
0,
0,
0,
0,
0,
0,
0,
0,
0,
0,
0,
0,
0,
0,
0,
0,
14759,
35338,
49934,
51982,
47821,
49934,
49934,
12711,
0,
0,
0,
0,
0,
0,
0,
0,
0,
0,
0,
0,
0,
0,
0,
0,
0,
0,
0,
0,
0,
0,
0,
14791,
56306,
39499,
39499,
46015,
46015,
51982,
23243,
14823,
0,
0,
0,
0,
0,
0,
0,
0,
0,
0,
0,
0,
0,
0,
0,
0,
0,
0,
0,
0,
0,
0,
0,
12710,
37451,
45773,
49901,
37451,
35338,
37419,
37626,
12711,
0,
0,
0,
0,
0,
0,
0,
0,
0,
0,
0,
0,
0,
0,
0,
0,
0,
0,
0,
0,
0,
0,
12710,
54225,
51982,
35338,
43935,
46015,
47821,
37451,
14823,
0,
0,
0,
0,
0,
0,
0,
0,
0,
0,
0,
0,
0,
0,
0,
0,
0,
0,
0,
0,
0,
0,
0,
14791,
56306,
51982,
51982,
39499,
39499,
37451,
23243,
14823,
0,
0,
0,
0,
0,
0,
0,
0,
0,
0,
0,
0,
0,
0,
0,
0,
0,
0,
0,
0,
0,
0,
14759,
12678,
21162,
51982,
41820,
43902,
51982,
33290,
14791,
0,
0,
0,
0,
0,
0,
0,
0,
0,
0,
0,
0,
0,
0,
0,
0,
0,
0,
0,
0,
14759,
12678,
14758,
52015,
41821,
49901,
23243,
47821,
45982,
51982,
35338,
37451,
12710,
12711,
0,
0,
0,
0,
0,
0,
0,
0,
0,
0,
0,
0,
0,
0,
0,
0,
0,
14759,
58354,
51983,
46015,
52015,
46015,
39499,
39499,
12710,
14791,
39499,
51982,
51982,
23243,
14823,
0,
0,
0,
0,
0,
0,
0,
0,
0,
0,
0,
0,
0,
0,
0,
0,
0,
0,
14791,
21130,
21162,
23243,
21130,
41853,
49934,
12711,
0,
14758,
12678,
12710,
14791,
0,
0,
0,
0,
0,
0,
0,
0,
0,
0,
0,
0,
0,
0,
0,
0,
0,
0,
0,
0,
12710,
14758,
39499,
47854,
43934,
14823,
0,
0,
0,
0,
0,
0,
0,
0,
0,
0,
0,
0,
0,
0,
0,
0,
0,
0,
0,
0,
0,
0,
0,
0,
0,
14791,
56305,
52015,
46015,
51982,
51982,
14823,
0,
0,
0,
0,
0,
0,
0,
0,
0,
0,
0,
0,
0,
0,
0,
0,
0,
0,
0,
0,
0,
0,
0,
0,
0,
0,
12678,
12678,
14759,
12678,
12711,
0,
0,
0,
0,
0,
0,
0,
0,
0,
0,
0,
0,
0,
0,
0,
0,
0,
0,
0,
0,
0,
0,
0,
0,
0,
0,
0,
0,
0,
0,
0,
0,
0,
0,
0,
0,
0,
0,
0,
0,
0,
0,
0,
0,
0,
0,
0,
0,
0,
0,
0,
0,
0,
0,
0,
0,
0,
0,
0,
0,
0,
0,
0,
0,
0,
0,
0,
0,
0,
0,
0,
0,
0,
0,
0,
0,
0,
0,
0,
0,
0,
