2020
0,
0,
0,
0,
0,
0,
0,
0,
0,
0,
0,
0,
0,
0,
0,
0,
0,
0,
0,
0,
0,
0,
0,
0,
0,
0,
0,
0,
0,
0,
0,
0,
0,
0,
0,
0,
0,
0,
0,
0,
0,
0,
0,
0,
0,
0,
0,
0,
0,
0,
0,
0,
0,
0,
0,
0,
0,
0,
0,
0,
0,
0,
0,
0,
0,
0,
0,
0,
0,
0,
0,
0,
0,
0,
0,
0,
0,
0,
0,
0,
0,
0,
0,
0,
0,
0,
0,
0,
0,
0,
0,
0,
0,
0,
0,
0,
0,
0,
0,
0,
0,
0,
0,
0,
0,
0,
0,
0,
0,
0,
0,
0,
0,
0,
0,
0,
0,
0,
0,
0,
0,
0,
0,
0,
0,
0,
0,
0,
0,
0,
0,
0,
0,
0,
0,
12678,
12710,
0,
0,
0,
0,
0,
0,
0,
12678,
14759,
0,
0,
0,
0,
0,
0,
0,
0,
0,
0,
0,
0,
0,
0,
0,
0,
0,
0,
0,
0,
14791,
60372,
64891,
14791,
0,
0,
0,
0,
12710,
14791,
21162,
19788,
14791,
0,
0,
0,
0,
0,
0,
0,
0,
0,
0,
0,
0,
0,
0,
0,
0,
0,
0,
14791,
64990,
58163,
64989,
14791,
0,
0,
0,
0,
14791,
19853,
23275,
40910,
34414,
14791,
14791,
0,
0,
0,
0,
0,
0,
0,
0,
0,
0,
0,
0,
0,
0,
0,
0,
12710,
64990,
63301,
54002,
64989,
12678,
0,
14791,
12678,
0,
14791,
36684,
38829,
40909,
17643,
14759,
0,
0,
0,
0,
0,
0,
0,
0,
0,
0,
0,
0,
0,
0,
0,
12710,
64891,
64534,
63333,
60372,
64989,
12710,
12710,
65478,
12678,
12710,
23275,
21162,
40909,
40910,
12678,
0,
0,
0,
0,
0,
0,
0,
0,
0,
0,
0,
0,
0,
0,
0,
0,
14791,
64989,
58163,
64533,
64989,
34414,
40910,
34414,
23275,
58823,
65478,
65478,
34414,
23275,
34414,
14791,
0,
0,
0,
0,
0,
0,
0,
0,
0,
0,
0,
0,
0,
0,
0,
0,
0,
12678,
64989,
51921,
62811,
40910,
36684,
21162,
40910,
36684,
54598,
58791,
36684,
38829,
14791,
0,
0,
0,
0,
0,
0,
0,
0,
0,
0,
0,
0,
0,
0,
0,
0,
0,
0,
12710,
64990,
21578,
38797,
23275,
21162,
23659,
23723,
36716,
38829,
40910,
36716,
32301,
40910,
12678,
14759,
14791,
0,
0,
0,
0,
0,
0,
0,
0,
0,
0,
0,
0,
0,
0,
0,
0,
14791,
14791,
34414,
23275,
65478,
65478,
65478,
34381,
40910,
40910,
40909,
40910,
34414,
23243,
19821,
14791,
14791,
0,
14791,
14791,
0,
0,
0,
0,
0,
0,
0,
0,
0,
0,
0,
0,
0,
0,
12678,
58823,
21162,
63365,
65478,
30124,
38797,
40909,
52518,
56710,
40909,
30124,
23243,
38829,
36652,
14791,
19788,
12678,
0,
0,
0,
0,
0,
0,
0,
0,
0,
0,
0,
0,
0,
0,
14759,
14791,
32269,
23691,
23723,
38797,
40909,
58823,
65413,
65478,
58823,
32237,
23243,
23275,
38797,
40910,
40909,
12710,
14791,
0,
0,
0,
0,
0,
0,
0,
0,
0,
0,
0,
0,
0,
0,
0,
14791,
34414,
40910,
40909,
40910,
58823,
65478,
65478,
58823,
23243,
19821,
23275,
40909,
40910,
23275,
19820,
14791,
0,
0,
0,
0,
0,
0,
0,
0,
0,
0,
0,
0,
0,
0,
14791,
12678,
63365,
19820,
21546,
21162,
40909,
52518,
56710,
40909,
21130,
23243,
38829,
36652,
40909,
38829,
12678,
0,
0,
0,
0,
0,
0,
0,
0,
0,
0,
0,
0,
0,
0,
14759,
64990,
62420,
23243,
23275,
38797,
19788,
23275,
38797,
40909,
34414,
23211,
23691,
23723,
38797,
40910,
23275,
19756,
14791,
0,
0,
0,
0,
0,
0,
0,
0,
0,
0,
0,
0,
0,
14791,
64990,
64989,
58163,
64990,
23275,
40910,
23275,
40909,
34414,
23275,
23691,
40910,
40910,
23691,
34414,
40910,
14791,
14791,
0,
0,
0,
0,
0,
0,
0,
0,
0,
0,
0,
0,
12678,
62810,
58163,
62778,
60372,
64989,
21130,
32205,
58791,
21130,
12710,
14791,
30124,
38829,
38829,
36652,
14759,
14759,
0,
0,
0,
0,
0,
0,
0,
0,
0,
0,
0,
0,
0,
0,
12710,
64924,
64534,
65445,
65478,
58163,
62420,
23243,
65478,
12710,
0,
14791,
38797,
23243,
23275,
38797,
14791,
0,
0,
0,
0,
0,
0,
0,
0,
0,
0,
0,
0,
0,
0,
0,
0,
14791,
58163,
65478,
65478,
64534,
64956,
23275,
14791,
14759,
0,
14791,
38829,
23275,
19821,
23243,
23275,
14791,
0,
0,
0,
0,
0,
0,
0,
0,
0,
0,
0,
0,
0,
0,
0,
12678,
64989,
58291,
60372,
58163,
62778,
12710,
0,
0,
0,
0,
12678,
32269,
38829,
63269,
19788,
14759,
0,
0,
0,
0,
0,
0,
0,
0,
0,
0,
0,
0,
0,
0,
0,
14759,
64990,
56082,
64956,
64534,
12710,
0,
0,
0,
0,
14791,
19756,
65478,
34381,
38797,
14791,
0,
0,
0,
0,
0,
0,
0,
0,
0,
0,
0,
0,
0,
0,
0,
0,
0,
14791,
14759,
64957,
64990,
14759,
0,
0,
0,
0,
14791,
14759,
34414,
65478,
32301,
19821,
14791,
0,
0,
0,
0,
0,
0,
0,
0,
0,
0,
0,
0,
0,
0,
0,
0,
0,
0,
12710,
14791,
0,
0,
0,
0,
0,
0,
0,
12710,
19788,
12678,
14759,
0,
0,
0,
0,
0,
0,
0,
0,
0,
0,
0,
0,
0,
0,
0,
0,
0,
0,
0,
0,
0,
0,
0,
0,
0,
0,
0,
0,
14791,
14791,
0,
0,
0,
0,
0,
0,
0,
0,
0,
0,
0,
0,
0,
0,
0,
0,
0,
0,
0,
0,
0,
0,
0,
0,
0,
0,
0,
0,
0,
0,
0,
0,
0,
0,
0,
0,
0,
0,
0,
0,
0,
0,
0,
0,
0,
0,
0,
0,
0,
0,
0,
0,
0,
0,
0,
0,
0,
0,
0,
0,
0,
0,
0,
0,
0,
0,
0,
0,
0,
0,
0,
0,
0,
0,
0,
0,
0,
0,
0,
0,
0,
0,
0,
0,
0,
0,
0,
0,
0,
0,
0,
0,
0,
0,
0,
0,
0,
0,
0,
0,
0,
0,
0,
0,
0,
0,
0,
0,
0,
0,
0,
0,
0,
0,
0,
0,
0,
0,
0,
0,
0,
0,
0,
0,
0,
0,
0,
0,
0,
0,
0,
0,
0,
0,
0,
0,
0,
0,
0,
0,
0,
0,
0,
0,
0,
0,
0,
0,
0,
0,
0,
0,
0,
0,
0,
0,
0,
0,
0,
0,
0,
0,
0,
0,
0,
0,
0,
0,
0,
0,
