2020
0,
0,
0,
0,
0,
0,
0,
0,
0,
0,
0,
0,
0,
0,
0,
0,
0,
0,
0,
0,
0,
0,
0,
0,
0,
0,
0,
0,
0,
0,
0,
0,
0,
0,
0,
0,
0,
0,
0,
0,
12711,
0,
0,
0,
0,
0,
0,
0,
0,
0,
0,
0,
0,
0,
0,
0,
0,
0,
0,
0,
0,
0,
0,
0,
0,
0,
0,
0,
0,
0,
12711,
12711,
12678,
12711,
0,
0,
0,
0,
0,
0,
0,
0,
0,
0,
0,
12743,
0,
12743,
0,
0,
0,
0,
0,
0,
0,
0,
0,
0,
0,
0,
0,
0,
0,
12678,
12678,
12678,
0,
0,
0,
0,
0,
0,
0,
0,
0,
0,
0,
12678,
0,
12678,
0,
0,
0,
0,
0,
0,
0,
0,
0,
0,
0,
0,
0,
12711,
12711,
12678,
12678,
12678,
12711,
0,
12711,
12711,
0,
0,
0,
0,
0,
12711,
0,
12678,
12743,
12678,
12743,
0,
0,
0,
0,
0,
0,
0,
0,
0,
0,
0,
0,
0,
0,
12678,
12678,
0,
12678,
12711,
12678,
0,
12711,
0,
0,
0,
0,
12678,
12711,
12678,
12678,
12678,
0,
0,
0,
0,
0,
0,
0,
0,
0,
0,
0,
0,
0,
12711,
12711,
12678,
0,
0,
0,
0,
0,
0,
12678,
12711,
12711,
0,
0,
0,
0,
12678,
12678,
12678,
12743,
0,
0,
0,
0,
0,
0,
0,
0,
0,
0,
0,
0,
0,
0,
0,
0,
0,
0,
0,
0,
0,
0,
0,
12678,
0,
0,
0,
0,
12678,
12678,
0,
0,
0,
0,
0,
0,
0,
0,
0,
0,
0,
0,
0,
0,
0,
0,
0,
12711,
12711,
12711,
12711,
12711,
12711,
0,
12711,
0,
0,
0,
0,
12711,
12678,
0,
0,
0,
0,
0,
0,
0,
0,
0,
0,
0,
0,
0,
0,
0,
0,
12743,
12711,
15511,
28057,
28057,
62983,
62983,
28057,
12711,
12678,
12711,
0,
0,
0,
12678,
12678,
12711,
0,
0,
0,
0,
0,
0,
0,
0,
0,
0,
0,
0,
0,
0,
12743,
15511,
62983,
42655,
28089,
21162,
21162,
21162,
63015,
28057,
28057,
62983,
12711,
0,
0,
0,
0,
12678,
12711,
12711,
12711,
0,
0,
0,
0,
0,
0,
0,
0,
0,
0,
0,
12678,
63015,
65535,
63015,
21162,
54024,
54024,
21130,
21162,
28089,
28089,
63015,
21130,
12711,
12711,
12711,
12711,
12678,
65503,
62983,
21130,
12711,
0,
0,
0,
0,
0,
0,
0,
0,
0,
12743,
50376,
50408,
63015,
63015,
21130,
54024,
12678,
58381,
21130,
65535,
15543,
15053,
21130,
37834,
37834,
50376,
50376,
50376,
37866,
50408,
50376,
12678,
0,
0,
0,
0,
0,
0,
0,
0,
0,
12678,
50408,
28057,
28089,
21162,
65503,
62983,
62983,
21130,
21130,
48631,
65535,
28057,
62983,
28057,
37834,
37834,
37834,
37834,
50376,
65535,
63015,
21130,
12711,
0,
0,
0,
0,
0,
0,
0,
0,
12678,
42687,
28089,
28089,
21130,
63015,
50408,
50408,
21130,
21130,
21162,
48631,
28089,
50408,
28089,
37834,
37834,
50376,
50376,
50408,
37866,
50408,
50376,
12678,
0,
0,
0,
0,
0,
0,
0,
12711,
28057,
42687,
28089,
28089,
28057,
21162,
21162,
21162,
21130,
54024,
54024,
65535,
15543,
15053,
15053,
21130,
37834,
37834,
37834,
37834,
50376,
65535,
63015,
12678,
0,
0,
0,
0,
0,
0,
0,
12678,
28089,
28089,
42687,
15053,
15543,
50376,
50376,
21130,
54024,
12678,
58381,
21162,
28057,
28057,
28057,
62983,
21130,
50376,
50376,
50376,
50408,
65535,
63015,
12678,
0,
0,
0,
0,
0,
0,
0,
12678,
15543,
28089,
15053,
15511,
63015,
63015,
63015,
21130,
54024,
58381,
21130,
21130,
28089,
28089,
28089,
63015,
21130,
50408,
50408,
50408,
37834,
37866,
37866,
12678,
0,
0,
0,
0,
0,
0,
0,
0,
12678,
15053,
15511,
15543,
63015,
65535,
65535,
28057,
21130,
21130,
21130,
62983,
28089,
28089,
15543,
21162,
37834,
37834,
37834,
37834,
50376,
50376,
50376,
12678,
0,
0,
0,
0,
0,
0,
0,
0,
12678,
15053,
15543,
50376,
50408,
63015,
28089,
28089,
42655,
42655,
65503,
65535,
42687,
28089,
21162,
37834,
50376,
50376,
50376,
37834,
12678,
12678,
12678,
0,
0,
0,
0,
0,
0,
0,
0,
0,
0,
12678,
12678,
50408,
50408,
50408,
15543,
28089,
28089,
28089,
63015,
28089,
28089,
28089,
21130,
50376,
12678,
12678,
12678,
12678,
0,
0,
0,
0,
0,
0,
0,
0,
0,
0,
0,
0,
0,
0,
0,
12678,
50408,
15543,
15543,
15543,
15543,
50408,
50408,
15543,
15543,
15543,
12678,
12678,
0,
0,
0,
12678,
0,
0,
0,
0,
0,
0,
0,
0,
0,
0,
0,
0,
0,
0,
0,
0,
12678,
12678,
15543,
15543,
50376,
50408,
15543,
15543,
15543,
15053,
12678,
0,
0,
0,
12711,
12678,
0,
0,
0,
0,
0,
0,
0,
0,
0,
0,
0,
0,
0,
0,
0,
0,
0,
0,
12678,
12678,
12678,
12678,
12678,
12678,
12678,
12678,
0,
0,
0,
0,
12678,
0,
0,
0,
0,
0,
0,
0,
0,
0,
0,
0,
0,
0,
0,
0,
0,
0,
0,
0,
0,
0,
0,
0,
0,
0,
12678,
0,
0,
0,
0,
0,
12678,
12711,
12711,
0,
0,
0,
0,
0,
0,
0,
0,
0,
0,
0,
0,
0,
0,
0,
0,
0,
12711,
12743,
0,
0,
0,
0,
0,
12711,
0,
0,
0,
0,
0,
12678,
12678,
12711,
0,
0,
0,
0,
0,
0,
0,
0,
0,
0,
0,
0,
0,
12711,
12711,
12711,
0,
12678,
12743,
12743,
0,
0,
12711,
12678,
0,
0,
0,
0,
0,
0,
12678,
12678,
12678,
12678,
0,
0,
0,
0,
0,
0,
0,
0,
0,
0,
0,
0,
0,
12678,
12711,
12678,
12678,
12678,
12743,
12743,
12678,
0,
0,
0,
0,
0,
12711,
12711,
12678,
12678,
12678,
0,
0,
0,
0,
0,
0,
0,
0,
0,
0,
0,
0,
12711,
12711,
12678,
12678,
12678,
12678,
0,
12678,
12678,
0,
0,
0,
0,
0,
0,
12678,
0,
12678,
12678,
12678,
12678,
0,
0,
0,
0,
0,
0,
0,
0,
0,
0,
0,
0,
0,
12678,
12678,
12678,
0,
0,
0,
0,
0,
0,
0,
0,
0,
0,
0,
0,
12678,
0,
12678,
0,
0,
0,
0,
0,
0,
0,
0,
0,
0,
0,
0,
0,
12711,
12678,
12678,
12678,
0,
0,
0,
0,
0,
0,
0,
0,
0,
0,
0,
0,
12678,
0,
12678,
0,
0,
0,
0,
0,
0,
0,
0,
0,
0,
0,
0,
0,
0,
0,
0,
0,
0,
0,
0,
0,
0,
0,
0,
0,
0,
0,
0,
0,
0,
0,
0,
0,
0,
0,
0,
0,
