2020
0,
0,
0,
0,
0,
0,
0,
0,
0,
0,
0,
0,
0,
0,
0,
0,
0,
0,
0,
0,
0,
0,
0,
0,
0,
0,
0,
0,
0,
0,
0,
0,
0,
0,
0,
0,
0,
0,
0,
0,
0,
0,
0,
0,
12711,
0,
0,
0,
0,
0,
0,
0,
0,
0,
0,
0,
0,
0,
0,
0,
0,
0,
0,
0,
0,
0,
0,
0,
0,
0,
0,
0,
0,
14791,
0,
14791,
50744,
14791,
0,
0,
0,
0,
0,
0,
0,
0,
0,
0,
0,
0,
0,
0,
0,
0,
0,
0,
0,
0,
0,
0,
0,
0,
0,
0,
14791,
50712,
12678,
14791,
21162,
14791,
0,
0,
0,
0,
0,
0,
0,
0,
0,
0,
0,
0,
0,
0,
0,
0,
0,
0,
0,
0,
0,
0,
0,
0,
0,
0,
14791,
46550,
21130,
64501,
45969,
48398,
14823,
0,
12678,
14823,
0,
0,
0,
0,
0,
0,
0,
0,
0,
0,
0,
0,
0,
0,
0,
0,
0,
0,
0,
0,
0,
12710,
14791,
23243,
54671,
54671,
54671,
54671,
14759,
14791,
54671,
54671,
14791,
0,
0,
0,
0,
0,
0,
0,
0,
0,
0,
0,
0,
0,
0,
0,
0,
0,
0,
0,
14791,
48663,
52825,
23242,
50510,
11763,
13746,
52559,
54671,
52558,
52559,
37966,
50510,
14791,
0,
0,
0,
0,
0,
0,
0,
0,
0,
0,
0,
0,
0,
0,
0,
0,
0,
0,
0,
12678,
12710,
12678,
12678,
13811,
15892,
50446,
54671,
21130,
21130,
23243,
21130,
12711,
0,
0,
0,
0,
0,
0,
0,
0,
0,
0,
0,
0,
0,
0,
0,
0,
0,
0,
0,
0,
0,
0,
0,
14759,
14759,
23243,
23275,
54671,
54671,
54671,
48114,
23243,
14759,
14791,
0,
0,
0,
0,
0,
0,
0,
0,
0,
0,
0,
0,
0,
0,
0,
0,
12710,
12678,
14823,
0,
0,
0,
0,
12710,
27917,
35821,
50478,
37934,
35854,
52591,
23275,
50478,
14791,
0,
0,
0,
0,
0,
0,
0,
0,
0,
0,
0,
0,
0,
0,
14791,
60339,
43921,
54671,
12711,
0,
14759,
12678,
21385,
27917,
33709,
33741,
27917,
25740,
33773,
54671,
21130,
50478,
14791,
0,
0,
0,
0,
0,
0,
0,
0,
0,
0,
0,
0,
0,
14791,
64501,
64500,
54671,
35886,
14791,
65535,
65535,
27917,
27917,
27917,
27917,
27917,
37934,
54671,
54671,
23243,
54671,
14823,
0,
0,
0,
0,
0,
0,
0,
0,
0,
0,
0,
0,
0,
14791,
52591,
50478,
54671,
52559,
65503,
14791,
48631,
25772,
27917,
25772,
25772,
37966,
50478,
48082,
54671,
50446,
14791,
0,
0,
0,
0,
0,
0,
0,
0,
0,
0,
0,
0,
0,
0,
0,
12678,
48398,
54671,
21162,
25708,
29966,
63454,
21162,
65535,
25740,
33741,
54671,
58258,
60307,
50162,
48398,
33741,
14791,
0,
0,
0,
0,
0,
0,
0,
0,
0,
0,
0,
0,
0,
0,
0,
14759,
14791,
27917,
27917,
23562,
65535,
23243,
23275,
65535,
23530,
54671,
64501,
64501,
50163,
54671,
54671,
14823,
0,
0,
0,
0,
0,
0,
0,
0,
0,
0,
0,
0,
0,
0,
0,
0,
14791,
25772,
21385,
23530,
25772,
65535,
23275,
48631,
25772,
35886,
33773,
35854,
37966,
50446,
52558,
14823,
0,
0,
0,
0,
0,
0,
0,
0,
0,
0,
0,
0,
0,
0,
0,
0,
14791,
21417,
25740,
27917,
25772,
25740,
27917,
25740,
25740,
27917,
25740,
25772,
27917,
33709,
50478,
35854,
12711,
0,
0,
0,
0,
0,
0,
0,
0,
0,
0,
0,
0,
0,
0,
0,
14791,
27917,
27917,
27917,
27917,
27917,
27917,
27917,
27917,
27917,
27917,
37934,
35918,
13811,
18102,
54671,
14759,
14823,
0,
0,
0,
0,
0,
0,
0,
0,
0,
0,
0,
0,
0,
0,
0,
12678,
25772,
27917,
65535,
14759,
65535,
25772,
25772,
27917,
33773,
52558,
54671,
11633,
18037,
54671,
21162,
52591,
14823,
0,
0,
0,
0,
0,
0,
0,
0,
0,
0,
0,
0,
0,
0,
12678,
21130,
23275,
48631,
65503,
52857,
25740,
25740,
27917,
25740,
35821,
54671,
48398,
11633,
54639,
21130,
52558,
14791,
0,
0,
0,
0,
0,
0,
0,
0,
0,
0,
0,
0,
0,
0,
14791,
54671,
54671,
23243,
23530,
27917,
27917,
23243,
23243,
27917,
27917,
37934,
23243,
23243,
23243,
23243,
54671,
14823,
0,
0,
0,
0,
0,
0,
0,
0,
0,
0,
0,
0,
0,
14791,
50478,
50446,
54671,
50478,
25772,
27917,
21130,
50478,
54671,
21130,
25772,
23275,
48398,
50478,
35886,
21130,
14791,
0,
0,
0,
0,
0,
0,
0,
0,
0,
0,
0,
0,
0,
0,
14791,
50478,
58258,
50162,
50478,
21385,
23243,
50446,
60307,
54671,
48398,
21162,
54671,
48398,
33773,
52825,
46518,
14791,
0,
0,
0,
0,
0,
0,
0,
0,
0,
0,
0,
0,
0,
0,
14791,
54671,
54671,
54671,
14791,
27917,
23275,
54671,
50162,
37966,
54671,
23243,
37966,
54671,
54671,
37934,
23275,
52825,
14823,
0,
0,
0,
0,
0,
0,
0,
0,
0,
0,
0,
0,
0,
0,
12678,
12678,
14823,
0,
12678,
27917,
21130,
33773,
52825,
21130,
21162,
52825,
33741,
50478,
54639,
12678,
14791,
0,
0,
0,
0,
0,
0,
0,
0,
0,
0,
0,
0,
0,
0,
0,
0,
0,
0,
0,
0,
14759,
12678,
21162,
23275,
50478,
35821,
23243,
21130,
21162,
14791,
0,
0,
0,
0,
0,
0,
0,
0,
0,
0,
0,
0,
0,
0,
0,
0,
0,
0,
0,
0,
0,
0,
0,
0,
14759,
54671,
54671,
54671,
23275,
27917,
23530,
14823,
0,
0,
0,
0,
0,
0,
0,
0,
0,
0,
0,
0,
0,
0,
0,
0,
0,
0,
0,
0,
0,
0,
0,
0,
0,
14759,
12678,
12710,
27917,
25708,
12743,
0,
0,
0,
0,
0,
0,
0,
0,
0,
0,
0,
0,
0,
0,
0,
0,
0,
0,
0,
0,
0,
0,
0,
0,
0,
0,
0,
0,
12710,
27917,
21385,
14791,
0,
0,
0,
0,
0,
0,
0,
0,
0,
0,
0,
0,
0,
0,
0,
0,
0,
0,
0,
0,
0,
0,
0,
0,
0,
0,
0,
14791,
27917,
14759,
14823,
0,
0,
0,
0,
0,
0,
0,
0,
0,
0,
0,
0,
0,
0,
0,
0,
0,
0,
0,
0,
0,
0,
0,
0,
0,
0,
0,
0,
12678,
12743,
0,
0,
0,
0,
0,
0,
0,
0,
0,
0,
0,
0,
0,
0,
0,
0,
0,
0,
0,
0,
0,
0,
0,
0,
0,
0,
0,
0,
0,
0,
0,
0,
0,
0,
0,
0,
0,
0,
0,
0,
0,
0,
0,
0,
