2020
0,
0,
0,
0,
0,
0,
0,
0,
0,
0,
0,
0,
0,
0,
0,
0,
0,
0,
0,
0,
0,
0,
0,
0,
0,
0,
0,
0,
0,
0,
0,
0,
0,
0,
0,
0,
0,
0,
0,
0,
0,
0,
0,
0,
0,
0,
0,
0,
0,
0,
0,
0,
0,
0,
0,
0,
0,
0,
0,
0,
0,
0,
0,
0,
0,
0,
0,
0,
0,
0,
0,
0,
0,
0,
0,
0,
0,
0,
0,
0,
0,
0,
0,
0,
0,
0,
0,
0,
0,
0,
0,
0,
0,
0,
0,
0,
0,
0,
0,
0,
0,
0,
0,
0,
0,
0,
0,
0,
0,
0,
0,
0,
0,
0,
0,
0,
0,
0,
0,
0,
0,
0,
0,
0,
0,
0,
0,
0,
0,
0,
0,
0,
0,
0,
0,
0,
0,
0,
0,
0,
0,
0,
0,
0,
0,
0,
0,
0,
0,
0,
0,
0,
0,
0,
0,
0,
0,
0,
0,
0,
0,
0,
0,
0,
0,
0,
0,
0,
0,
0,
0,
0,
0,
0,
0,
0,
0,
0,
0,
0,
0,
0,
0,
0,
0,
0,
0,
0,
0,
0,
0,
0,
0,
0,
0,
0,
0,
0,
0,
12710,
14791,
0,
12710,
14791,
0,
0,
0,
0,
0,
0,
0,
0,
0,
0,
0,
0,
0,
0,
0,
0,
0,
0,
0,
0,
0,
0,
0,
0,
0,
0,
0,
14759,
27469,
12678,
29614,
12678,
12711,
0,
0,
12678,
14791,
0,
0,
0,
0,
0,
0,
0,
0,
0,
0,
0,
0,
0,
0,
0,
0,
0,
0,
0,
0,
12678,
12678,
23243,
27469,
27469,
23243,
27469,
21130,
14791,
0,
12710,
54651,
12711,
0,
0,
0,
0,
0,
0,
0,
0,
0,
0,
0,
0,
0,
0,
0,
0,
0,
0,
0,
12710,
29614,
23243,
23243,
29614,
23243,
29614,
23243,
23243,
14791,
52826,
65535,
65535,
14791,
0,
0,
0,
0,
0,
0,
0,
0,
0,
0,
0,
0,
0,
0,
0,
0,
0,
0,
12678,
27437,
29614,
21130,
27469,
23243,
21130,
21130,
29582,
21130,
63454,
23243,
12710,
0,
0,
0,
0,
0,
0,
0,
0,
0,
0,
0,
0,
0,
0,
0,
0,
0,
0,
0,
0,
12678,
29614,
27469,
21130,
29614,
27501,
65503,
65535,
50457,
21162,
23243,
12711,
0,
12710,
12711,
0,
12710,
12678,
14791,
0,
0,
0,
0,
0,
0,
0,
0,
0,
0,
0,
0,
0,
12710,
23243,
23243,
29582,
29614,
54651,
54683,
28351,
17267,
54651,
23275,
65535,
14791,
65535,
65535,
14791,
65535,
65535,
23243,
14791,
0,
0,
0,
0,
0,
0,
0,
0,
0,
0,
0,
12678,
63390,
65535,
21130,
27469,
29614,
27437,
27469,
54683,
48376,
50457,
54683,
46487,
27469,
29614,
46487,
27501,
29614,
46487,
27501,
14791,
0,
0,
0,
0,
0,
0,
0,
0,
0,
0,
0,
12710,
65535,
52826,
27501,
27501,
29614,
27501,
27501,
29614,
27501,
52570,
56014,
65503,
65535,
29614,
65503,
65535,
29614,
65503,
65535,
23243,
12711,
0,
0,
0,
0,
0,
0,
0,
0,
0,
0,
0,
12710,
23243,
29582,
29582,
29614,
29582,
29582,
29614,
65535,
54683,
54683,
29614,
65535,
23243,
52826,
65535,
29614,
52826,
65535,
29614,
14791,
0,
0,
0,
0,
0,
0,
0,
0,
0,
0,
0,
12678,
29614,
21130,
27469,
29614,
27437,
27469,
54683,
26109,
15154,
54651,
21130,
12678,
21162,
12678,
21162,
23243,
25388,
27501,
27501,
12710,
0,
0,
0,
0,
0,
0,
0,
0,
0,
0,
12710,
27501,
29614,
21162,
27501,
29614,
27501,
52570,
54683,
65535,
65535,
46073,
12678,
21162,
14791,
0,
12710,
14759,
21130,
29582,
29582,
12711,
0,
0,
0,
0,
0,
0,
0,
0,
0,
0,
12710,
12710,
14791,
52826,
23243,
29614,
29582,
29582,
46073,
52826,
44025,
23275,
0,
14759,
29614,
14791,
0,
0,
12710,
14759,
29614,
14791,
0,
0,
0,
0,
0,
0,
0,
0,
0,
0,
0,
0,
14791,
63422,
46519,
23243,
27437,
21130,
23243,
21130,
21130,
14791,
0,
0,
12710,
19049,
12743,
0,
0,
0,
12710,
12710,
0,
0,
0,
0,
0,
0,
0,
0,
0,
0,
0,
0,
0,
12710,
12710,
29614,
21162,
27501,
23243,
27501,
21162,
14791,
0,
12710,
23275,
65503,
65535,
14791,
0,
0,
0,
0,
0,
0,
0,
0,
0,
0,
0,
0,
0,
0,
0,
0,
0,
0,
0,
14759,
29582,
23243,
29614,
21162,
29582,
23243,
12710,
14791,
65535,
52570,
52603,
14791,
0,
0,
0,
0,
0,
0,
0,
0,
0,
0,
0,
0,
0,
0,
0,
0,
0,
0,
0,
14759,
27437,
21130,
29582,
21130,
27469,
23243,
12710,
0,
14759,
48376,
12743,
0,
0,
0,
0,
0,
0,
0,
0,
0,
0,
0,
0,
0,
0,
0,
0,
0,
0,
0,
0,
14759,
27501,
12710,
23243,
27501,
12710,
29614,
12711,
0,
0,
12678,
14791,
0,
0,
0,
0,
0,
0,
0,
0,
0,
0,
0,
0,
0,
0,
0,
0,
0,
0,
0,
0,
0,
14791,
0,
14759,
29582,
12710,
14791,
0,
0,
0,
0,
0,
0,
0,
0,
0,
0,
0,
0,
0,
0,
0,
0,
0,
0,
0,
0,
0,
0,
0,
0,
0,
0,
0,
0,
0,
12710,
0,
0,
0,
0,
0,
0,
0,
0,
0,
0,
0,
0,
0,
0,
0,
0,
0,
0,
0,
0,
0,
0,
0,
0,
0,
0,
0,
0,
0,
0,
0,
0,
0,
0,
0,
0,
0,
0,
0,
0,
0,
0,
0,
0,
0,
0,
0,
0,
0,
0,
0,
0,
0,
0,
0,
0,
0,
0,
0,
0,
0,
0,
0,
0,
0,
0,
0,
0,
0,
0,
0,
0,
0,
0,
0,
0,
0,
0,
0,
0,
0,
0,
0,
0,
0,
0,
0,
0,
0,
0,
0,
0,
0,
0,
0,
0,
0,
0,
0,
0,
0,
0,
0,
0,
0,
0,
0,
0,
0,
0,
0,
0,
0,
0,
0,
0,
0,
0,
0,
0,
0,
0,
0,
0,
0,
0,
0,
0,
0,
0,
0,
0,
0,
0,
0,
0,
0,
0,
0,
0,
0,
0,
0,
0,
0,
0,
0,
0,
0,
0,
0,
0,
0,
0,
0,
0,
0,
0,
0,
0,
0,
0,
0,
0,
0,
0,
0,
0,
0,
0,
0,
0,
0,
0,
0,
0,
0,
0,
0,
0,
0,
0,
0,
0,
0,
0,
0,
0,
0,
0,
0,
0,
0,
0,
0,
0,
0,
0,
0,
0,
0,
0,
0,
0,
0,
0,
0,
0,
0,
