2020
0,
0,
0,
0,
0,
0,
0,
0,
0,
0,
0,
0,
0,
0,
0,
0,
0,
0,
0,
0,
0,
0,
0,
0,
0,
0,
0,
0,
0,
0,
0,
0,
0,
0,
0,
0,
0,
0,
0,
0,
0,
0,
0,
0,
12678,
14823,
0,
0,
14823,
0,
0,
0,
0,
0,
0,
0,
0,
0,
0,
0,
0,
0,
0,
0,
0,
0,
0,
0,
0,
0,
0,
0,
0,
0,
0,
14791,
28272,
28272,
12710,
14791,
28272,
14791,
0,
0,
0,
0,
0,
0,
0,
0,
0,
0,
0,
0,
0,
0,
0,
0,
0,
0,
0,
0,
0,
0,
0,
0,
0,
12710,
26063,
28272,
26063,
26063,
28272,
12711,
0,
0,
0,
0,
0,
0,
0,
0,
0,
0,
0,
0,
0,
0,
0,
0,
0,
0,
0,
0,
0,
0,
0,
0,
0,
0,
12710,
30321,
64722,
56271,
28272,
26127,
14791,
0,
0,
0,
0,
0,
0,
0,
0,
0,
0,
0,
0,
0,
0,
0,
0,
0,
0,
0,
0,
0,
0,
0,
0,
14791,
28272,
30321,
64786,
58383,
28272,
28240,
14823,
0,
0,
0,
0,
0,
0,
0,
0,
0,
0,
0,
0,
0,
0,
0,
0,
0,
0,
0,
0,
0,
0,
0,
0,
12710,
26063,
23243,
21162,
26063,
40750,
21130,
21162,
14823,
0,
0,
0,
0,
0,
0,
0,
0,
0,
0,
0,
0,
0,
0,
0,
0,
0,
0,
12710,
14759,
12710,
14791,
0,
12710,
23243,
28272,
26127,
28208,
28304,
38637,
28208,
28272,
12678,
14791,
0,
0,
0,
0,
0,
0,
0,
0,
0,
0,
0,
0,
0,
0,
0,
14791,
28272,
28272,
25646,
25646,
14791,
28272,
28272,
28272,
25646,
25646,
25646,
28272,
27920,
28272,
28272,
27919,
14823,
0,
0,
0,
0,
0,
0,
0,
0,
0,
0,
0,
0,
0,
0,
12678,
26031,
25678,
48980,
46900,
32240,
26063,
23501,
25678,
46932,
48980,
40782,
23501,
36525,
27919,
25742,
26095,
28240,
12711,
0,
0,
0,
0,
0,
0,
0,
0,
0,
0,
0,
0,
0,
0,
12710,
25678,
51157,
51125,
40782,
32175,
38638,
53238,
21162,
14758,
53238,
38637,
32207,
53238,
36557,
27887,
23243,
12743,
0,
0,
0,
0,
0,
0,
0,
0,
0,
0,
0,
0,
0,
0,
0,
14791,
25646,
38670,
65535,
65535,
53206,
53238,
51157,
53206,
53238,
58351,
38702,
32239,
32175,
23243,
28272,
28208,
14823,
0,
0,
0,
0,
0,
0,
0,
0,
0,
0,
0,
0,
0,
0,
14791,
26063,
30030,
65535,
63454,
48980,
53238,
36493,
36493,
58351,
54158,
64689,
40782,
36461,
21162,
28240,
26031,
26127,
14791,
0,
0,
0,
0,
0,
0,
0,
0,
0,
0,
0,
0,
0,
14759,
28208,
26127,
34320,
51157,
38638,
40782,
51125,
51125,
53238,
38605,
64786,
40782,
36557,
38670,
23275,
26127,
28240,
14823,
0,
0,
0,
0,
0,
0,
0,
0,
0,
0,
0,
0,
0,
14791,
28240,
28208,
25678,
38702,
38702,
53238,
51157,
53206,
53238,
53205,
58351,
40782,
32175,
27919,
27919,
23243,
28272,
14823,
0,
0,
0,
0,
0,
0,
0,
0,
0,
0,
0,
0,
0,
14791,
26063,
26031,
25678,
36493,
48980,
53238,
46932,
48980,
53238,
46932,
49012,
34287,
46900,
36525,
27919,
26030,
14791,
0,
0,
0,
0,
0,
0,
0,
0,
0,
0,
0,
0,
0,
0,
14791,
28240,
28208,
28272,
25646,
53205,
53238,
51157,
51157,
23243,
14791,
53206,
40782,
32175,
27919,
28272,
28208,
14823,
0,
0,
0,
0,
0,
0,
0,
0,
0,
0,
0,
0,
0,
0,
0,
14791,
28208,
28272,
25646,
53206,
53238,
51157,
53206,
53238,
51157,
38702,
25678,
51157,
27919,
28272,
28208,
14823,
0,
0,
0,
0,
0,
0,
0,
0,
0,
0,
0,
0,
0,
0,
0,
12710,
26063,
34287,
36493,
30030,
32239,
46932,
48980,
53238,
36461,
23533,
28272,
25742,
26095,
28240,
12711,
0,
0,
0,
0,
0,
0,
0,
0,
0,
0,
0,
0,
0,
0,
0,
0,
0,
12710,
53238,
53206,
38702,
32239,
25614,
25646,
25646,
25646,
28272,
28272,
28208,
28272,
27919,
14791,
0,
0,
0,
0,
0,
0,
0,
0,
0,
0,
0,
0,
0,
0,
0,
0,
12710,
25613,
53238,
51157,
32175,
28272,
26128,
28208,
28272,
26128,
28208,
25678,
26127,
38670,
14823,
0,
0,
0,
0,
0,
0,
0,
0,
0,
0,
0,
0,
0,
0,
0,
0,
14791,
26063,
26031,
25646,
23501,
26031,
14759,
12710,
26063,
28272,
26031,
23533,
27919,
26031,
26095,
27887,
12711,
0,
0,
0,
0,
0,
0,
0,
0,
0,
0,
0,
0,
0,
0,
0,
14791,
28240,
28208,
28272,
28240,
14791,
0,
0,
12710,
14759,
12710,
23243,
28272,
28208,
38702,
28272,
14791,
0,
0,
0,
0,
0,
0,
0,
0,
0,
0,
0,
0,
0,
0,
0,
0,
12710,
12710,
14759,
14791,
0,
0,
0,
0,
0,
0,
12743,
28272,
26127,
28240,
28272,
25774,
14791,
0,
0,
0,
0,
0,
0,
0,
0,
0,
0,
0,
0,
0,
0,
0,
0,
0,
0,
0,
0,
0,
0,
0,
0,
12710,
26095,
28272,
26031,
64689,
58351,
26030,
14791,
0,
0,
0,
0,
0,
0,
0,
0,
0,
0,
0,
0,
0,
0,
0,
0,
0,
0,
0,
0,
0,
0,
0,
14791,
28272,
28272,
28272,
28240,
64787,
58384,
28240,
28272,
14823,
0,
0,
0,
0,
0,
0,
0,
0,
0,
0,
0,
0,
0,
0,
0,
0,
0,
0,
0,
0,
0,
0,
14791,
26128,
28208,
23275,
26127,
28208,
23243,
26127,
28240,
14823,
0,
0,
0,
0,
0,
0,
0,
0,
0,
0,
0,
0,
0,
0,
0,
0,
0,
0,
0,
0,
0,
0,
0,
12678,
21162,
28272,
26063,
26095,
28240,
12678,
14791,
0,
0,
0,
0,
0,
0,
0,
0,
0,
0,
0,
0,
0,
0,
0,
0,
0,
0,
0,
0,
0,
0,
0,
0,
0,
14791,
27919,
23243,
14759,
14823,
0,
0,
0,
0,
0,
0,
0,
0,
0,
0,
0,
0,
0,
0,
0,
0,
0,
0,
0,
0,
0,
0,
0,
0,
0,
0,
0,
12710,
28272,
26063,
14791,
0,
0,
0,
0,
0,
0,
0,
0,
0,
0,
0,
0,
0,
0,
0,
0,
0,
0,
0,
0,
0,
0,
0,
0,
0,
0,
0,
0,
0,
14759,
12711,
0,
0,
0,
0,
0,
0,
0,
0,
0,
0,
0,
0,
0,
0,
0,
0,
0,
0,
0,
0,
0,
0,
0,
0,
0,
0,
0,
0,
0,
0,
0,
0,
0,
0,
0,
0,
0,
0,
0,
0,
0,
0,
0,
