2020
0,
0,
0,
0,
0,
0,
0,
0,
0,
0,
0,
0,
0,
0,
0,
0,
0,
0,
0,
0,
0,
0,
0,
0,
0,
0,
0,
0,
0,
0,
0,
0,
0,
0,
0,
0,
0,
0,
0,
0,
0,
0,
0,
0,
0,
0,
0,
0,
0,
0,
0,
0,
0,
0,
0,
0,
0,
0,
0,
0,
0,
0,
0,
0,
0,
0,
0,
0,
0,
0,
0,
0,
0,
0,
0,
0,
0,
0,
0,
0,
0,
0,
0,
0,
0,
0,
0,
0,
0,
0,
0,
0,
0,
0,
0,
0,
0,
0,
0,
0,
0,
0,
0,
0,
0,
0,
0,
0,
12710,
14823,
0,
0,
0,
0,
0,
0,
0,
0,
0,
0,
0,
0,
0,
0,
0,
0,
0,
0,
0,
0,
0,
0,
0,
0,
0,
0,
0,
0,
0,
12710,
32090,
38719,
12711,
0,
0,
0,
0,
0,
0,
0,
0,
0,
0,
0,
0,
0,
0,
0,
0,
0,
0,
0,
0,
0,
0,
0,
0,
0,
0,
0,
0,
14791,
38719,
34301,
38719,
12710,
14823,
0,
0,
0,
0,
0,
0,
0,
0,
0,
0,
0,
0,
0,
0,
0,
0,
0,
0,
0,
0,
0,
0,
0,
0,
0,
0,
12711,
27802,
29948,
65535,
65535,
65535,
14791,
0,
0,
0,
0,
0,
0,
0,
0,
0,
0,
0,
0,
0,
0,
0,
0,
0,
0,
0,
0,
0,
0,
0,
0,
14791,
63454,
63454,
65535,
63422,
63454,
65535,
63422,
12711,
0,
0,
0,
0,
0,
0,
0,
0,
0,
0,
0,
0,
0,
0,
0,
0,
0,
0,
0,
0,
0,
12710,
14791,
59164,
42391,
42423,
65535,
65535,
65535,
65535,
27867,
34268,
14823,
0,
0,
0,
0,
0,
0,
0,
0,
0,
0,
0,
0,
0,
0,
0,
0,
0,
0,
0,
14791,
65535,
65535,
42423,
55134,
55133,
48863,
39806,
65535,
65535,
25754,
27835,
34300,
12710,
14791,
0,
0,
0,
0,
0,
0,
0,
0,
0,
0,
0,
0,
0,
0,
0,
0,
12710,
65535,
63454,
63422,
57084,
37725,
37757,
65535,
52766,
37757,
65535,
63422,
52988,
27867,
32090,
36542,
14791,
0,
0,
0,
0,
0,
0,
0,
0,
0,
0,
0,
0,
0,
0,
0,
14791,
42423,
65535,
65535,
65535,
65535,
65535,
65535,
65535,
41919,
61151,
65535,
65535,
57247,
27835,
14823,
0,
0,
0,
0,
0,
0,
0,
0,
0,
0,
0,
0,
0,
0,
0,
12710,
65503,
65535,
40278,
65503,
65535,
54938,
37758,
41951,
65503,
37758,
50495,
65503,
65535,
65535,
25689,
14791,
0,
0,
0,
0,
0,
0,
0,
0,
0,
0,
0,
0,
0,
0,
14791,
65503,
63422,
65535,
38197,
63422,
65535,
38197,
52956,
57246,
44572,
37757,
59071,
63422,
65503,
57246,
25688,
32122,
12710,
12711,
0,
0,
0,
0,
0,
0,
0,
0,
0,
0,
0,
0,
14791,
65535,
42423,
65535,
65535,
65535,
65535,
57115,
42391,
42423,
65535,
50495,
65535,
65535,
65535,
27868,
34300,
27868,
27900,
38719,
14759,
14823,
0,
0,
0,
0,
0,
0,
0,
0,
0,
0,
14791,
65535,
12678,
14791,
65535,
65503,
65535,
65535,
65535,
65535,
65503,
65535,
65535,
65503,
65535,
65535,
25721,
34235,
40767,
25721,
38687,
34268,
12711,
0,
0,
0,
0,
0,
0,
0,
0,
0,
0,
14791,
0,
0,
12710,
63422,
42391,
38229,
65503,
65535,
63454,
65503,
65535,
63454,
65503,
65535,
25688,
25722,
27867,
36478,
12710,
14791,
0,
0,
0,
0,
0,
0,
0,
0,
0,
0,
0,
0,
0,
0,
0,
14791,
65535,
65535,
65535,
61151,
41951,
65535,
65535,
65535,
57247,
27868,
34300,
34300,
14759,
14823,
0,
0,
0,
0,
0,
0,
0,
0,
0,
0,
0,
0,
0,
0,
0,
14759,
12710,
65503,
65535,
65535,
65503,
41919,
65503,
65503,
50495,
65503,
65535,
27868,
32090,
14791,
0,
0,
0,
0,
0,
0,
0,
0,
0,
0,
0,
0,
0,
0,
0,
12710,
12710,
65535,
65503,
38197,
65535,
65503,
65503,
59103,
37725,
65503,
41919,
46269,
65503,
57246,
25689,
32122,
14791,
0,
0,
0,
0,
0,
0,
0,
0,
0,
0,
0,
0,
0,
0,
14791,
65535,
65535,
65535,
65535,
65535,
65535,
65535,
65535,
65535,
65535,
41919,
41951,
65535,
65535,
27867,
36349,
40799,
14759,
0,
0,
0,
0,
0,
0,
0,
0,
0,
0,
0,
0,
0,
14791,
63454,
42423,
65503,
63454,
65535,
65503,
65503,
59103,
37725,
65503,
41919,
46269,
65535,
57246,
25688,
25722,
14791,
0,
0,
0,
0,
0,
0,
0,
0,
0,
0,
0,
0,
0,
0,
0,
12678,
14791,
65503,
25689,
29916,
65503,
63455,
41919,
63454,
63455,
50495,
63454,
65503,
27868,
32089,
12743,
0,
0,
0,
0,
0,
0,
0,
0,
0,
0,
0,
0,
0,
0,
0,
0,
0,
0,
14791,
40799,
34301,
29916,
65535,
59103,
41951,
65535,
65535,
36349,
65535,
65535,
14823,
0,
0,
0,
0,
0,
0,
0,
0,
0,
0,
0,
0,
0,
0,
0,
0,
0,
0,
14791,
36543,
32090,
34300,
12678,
12710,
65535,
63454,
63455,
27868,
32090,
27802,
65535,
12711,
0,
0,
0,
0,
0,
0,
0,
0,
0,
0,
0,
0,
0,
0,
0,
0,
0,
12710,
40799,
32155,
32090,
14823,
0,
0,
14759,
12710,
25754,
40799,
32122,
38623,
14823,
0,
0,
0,
0,
0,
0,
0,
0,
0,
0,
0,
0,
0,
0,
0,
0,
0,
0,
14791,
27900,
38719,
14823,
0,
0,
0,
0,
0,
14759,
40799,
34268,
14823,
0,
0,
0,
0,
0,
0,
0,
0,
0,
0,
0,
0,
0,
0,
0,
0,
0,
0,
0,
0,
14759,
12711,
0,
0,
0,
0,
0,
0,
12678,
27868,
36510,
12743,
0,
0,
0,
0,
0,
0,
0,
0,
0,
0,
0,
0,
0,
0,
0,
0,
0,
0,
0,
0,
0,
0,
0,
0,
0,
0,
0,
0,
0,
14759,
12711,
0,
0,
0,
0,
0,
0,
0,
0,
0,
0,
0,
0,
0,
0,
0,
0,
0,
0,
0,
0,
0,
0,
0,
0,
0,
0,
0,
0,
0,
0,
0,
0,
0,
0,
0,
0,
0,
0,
0,
0,
0,
0,
0,
0,
0,
0,
0,
0,
0,
0,
0,
0,
0,
0,
0,
0,
0,
0,
0,
0,
0,
0,
0,
0,
0,
0,
0,
0,
0,
0,
0,
0,
0,
0,
0,
0,
0,
0,
0,
0,
0,
0,
0,
0,
0,
0,
0,
0,
0,
0,
0,
0,
0,
0,
0,
0,
0,
0,
0,
0,
0,
0,
0,
0,
0,
0,
0,
0,
0,
0,
