2020
0,
0,
0,
0,
0,
0,
0,
0,
0,
0,
0,
0,
0,
0,
0,
0,
0,
0,
0,
0,
0,
0,
0,
0,
0,
0,
0,
0,
0,
0,
0,
0,
0,
0,
0,
0,
0,
0,
0,
0,
0,
0,
0,
0,
0,
0,
0,
0,
0,
0,
0,
0,
0,
0,
0,
0,
0,
0,
0,
0,
0,
0,
0,
0,
0,
0,
0,
0,
0,
0,
0,
0,
0,
0,
0,
0,
0,
0,
0,
0,
0,
0,
0,
0,
0,
0,
0,
0,
0,
0,
0,
0,
0,
0,
0,
0,
0,
0,
0,
0,
0,
0,
0,
0,
0,
0,
0,
0,
0,
0,
0,
0,
0,
0,
0,
0,
0,
0,
0,
0,
0,
0,
0,
0,
0,
0,
0,
0,
0,
0,
0,
0,
0,
0,
0,
0,
0,
0,
0,
0,
0,
0,
0,
0,
0,
0,
0,
0,
0,
0,
12678,
14791,
0,
0,
0,
0,
0,
0,
0,
0,
0,
0,
0,
0,
0,
0,
0,
0,
0,
0,
0,
0,
0,
0,
0,
0,
0,
0,
0,
0,
0,
14758,
57833,
14823,
0,
0,
0,
0,
0,
0,
0,
0,
0,
0,
0,
0,
0,
0,
0,
0,
0,
0,
12710,
14759,
14791,
0,
0,
0,
0,
0,
0,
0,
14791,
55784,
14823,
0,
0,
0,
0,
0,
0,
0,
0,
0,
0,
0,
0,
0,
0,
0,
0,
0,
14759,
12678,
58258,
64501,
58226,
12711,
0,
0,
0,
0,
0,
12710,
54938,
21130,
12678,
14791,
0,
0,
0,
0,
0,
0,
0,
0,
0,
0,
0,
0,
0,
0,
0,
14759,
64501,
64468,
57833,
57833,
12710,
14791,
0,
0,
0,
0,
14758,
57833,
23275,
52857,
54970,
54970,
14791,
0,
0,
0,
0,
0,
0,
0,
0,
0,
0,
0,
0,
0,
14759,
62387,
57833,
55784,
55784,
14823,
0,
0,
0,
12678,
12710,
14791,
53736,
23243,
54970,
52825,
54970,
54970,
42292,
14791,
0,
0,
0,
0,
0,
0,
0,
0,
0,
0,
0,
14791,
60306,
51656,
57833,
53704,
12711,
0,
0,
12678,
14791,
31695,
42292,
54970,
21130,
50744,
54938,
48631,
52825,
44405,
40179,
14791,
0,
0,
0,
0,
0,
0,
0,
0,
0,
0,
0,
14791,
64468,
55784,
57833,
57833,
14791,
0,
14791,
54938,
35921,
52889,
54970,
46486,
23243,
54970,
54970,
52857,
33840,
35921,
44373,
14823,
0,
0,
0,
0,
0,
0,
0,
0,
0,
0,
14758,
64500,
55784,
55752,
57865,
23243,
52825,
14791,
52825,
52857,
54970,
33808,
52889,
23243,
21162,
54938,
46486,
31727,
46486,
35921,
42292,
12710,
14791,
0,
0,
0,
0,
0,
0,
0,
0,
0,
12678,
64500,
53704,
51656,
23243,
31695,
31695,
54970,
31695,
48631,
35921,
48631,
21130,
23243,
52488,
31727,
44405,
40211,
31727,
44405,
21130,
53704,
14791,
0,
0,
0,
0,
0,
0,
0,
0,
0,
14791,
64501,
57833,
57833,
23275,
46486,
46486,
33840,
46486,
54970,
54970,
33808,
57865,
23275,
58761,
58761,
33840,
33840,
46486,
46486,
12710,
14823,
0,
0,
0,
0,
0,
0,
0,
0,
0,
0,
14758,
57833,
55784,
55784,
33840,
33808,
33808,
33840,
52825,
52857,
35920,
65477,
56681,
65535,
21162,
56681,
13013,
31727,
44405,
14823,
0,
0,
12710,
12743,
0,
0,
0,
0,
0,
0,
0,
0,
12678,
57833,
53704,
51656,
23275,
42260,
31695,
46486,
42260,
42260,
33840,
29614,
21130,
23243,
21130,
10931,
19583,
17406,
14791,
0,
12678,
14758,
55784,
12711,
0,
0,
0,
0,
0,
0,
0,
0,
14759,
57833,
57833,
57833,
23243,
33840,
33840,
46486,
46486,
46486,
33840,
23243,
54970,
54970,
54938,
23243,
19615,
10964,
14759,
14791,
54937,
57833,
14823,
0,
0,
0,
0,
0,
0,
0,
0,
0,
0,
14791,
55752,
53704,
57865,
21162,
21162,
46486,
42292,
42292,
23275,
50744,
52857,
46486,
42260,
44373,
23243,
21130,
23243,
64501,
42260,
14791,
0,
0,
0,
0,
0,
0,
0,
0,
0,
0,
0,
14759,
53704,
51656,
57833,
51656,
21130,
23243,
42260,
21130,
54970,
42260,
31695,
33840,
40211,
31695,
23243,
48631,
62387,
55785,
12711,
0,
0,
0,
0,
0,
0,
0,
0,
0,
0,
0,
0,
0,
14759,
57833,
57833,
57833,
57833,
57865,
23243,
35921,
54970,
33840,
46486,
46486,
23243,
23243,
57865,
54938,
46486,
14823,
0,
0,
0,
0,
0,
0,
0,
0,
0,
0,
0,
0,
0,
0,
0,
12678,
14791,
55752,
53704,
57833,
12710,
50776,
46486,
31727,
44373,
23275,
50712,
23210,
57833,
53704,
14791,
0,
0,
0,
0,
0,
0,
0,
0,
0,
0,
0,
0,
0,
0,
0,
0,
0,
0,
12678,
12678,
14759,
12678,
50712,
46486,
12678,
12678,
14791,
42260,
50744,
23243,
12711,
0,
0,
0,
0,
0,
0,
0,
0,
0,
0,
0,
0,
0,
0,
0,
0,
0,
0,
0,
0,
0,
0,
0,
14759,
14823,
0,
0,
14791,
23243,
46486,
46486,
14823,
0,
0,
0,
0,
0,
0,
0,
0,
0,
0,
0,
0,
0,
0,
0,
0,
0,
0,
0,
0,
0,
0,
0,
0,
0,
0,
14759,
54970,
21130,
12710,
14823,
0,
0,
0,
0,
0,
0,
0,
0,
0,
0,
0,
0,
0,
0,
0,
0,
0,
0,
0,
0,
0,
0,
0,
0,
0,
0,
12710,
50744,
14759,
12711,
0,
0,
0,
0,
0,
0,
0,
0,
0,
0,
0,
0,
0,
0,
0,
0,
0,
0,
0,
0,
0,
0,
0,
0,
0,
0,
0,
0,
14759,
14823,
0,
0,
0,
0,
0,
0,
0,
0,
0,
0,
0,
0,
0,
0,
0,
0,
0,
0,
0,
0,
0,
0,
0,
0,
0,
0,
0,
0,
0,
0,
0,
0,
0,
0,
0,
0,
0,
0,
0,
0,
0,
0,
0,
0,
0,
0,
0,
0,
0,
0,
0,
0,
0,
0,
0,
0,
0,
0,
0,
0,
0,
0,
0,
0,
0,
0,
0,
0,
0,
0,
0,
0,
0,
0,
0,
0,
0,
0,
0,
0,
0,
0,
0,
0,
0,
0,
0,
0,
0,
0,
0,
0,
0,
0,
0,
0,
0,
0,
0,
0,
0,
0,
0,
0,
0,
0,
0,
0,
0,
0,
0,
0,
0,
0,
0,
0,
0,
0,
0,
0,
0,
0,
0,
0,
0,
0,
0,
0,
0,
0,
0,
0,
0,
0,
0,
0,
0,
0,
0,
0,
0,
0,
0,
0,
0,
0,
0,
0,
0,
0,
0,
0,
0,
0,
0,
0,
0,
0,
0,
0,
0,
0,
0,
0,
0,
0,
0,
0,
0,
0,
0,
0,
0,
0,
0,
