2020
0,
0,
0,
0,
0,
0,
0,
0,
0,
0,
0,
0,
0,
0,
0,
0,
0,
0,
0,
0,
0,
0,
0,
0,
0,
0,
0,
0,
0,
0,
0,
0,
0,
0,
0,
0,
0,
0,
0,
0,
0,
0,
0,
0,
0,
0,
12710,
14759,
14791,
14791,
0,
0,
0,
0,
0,
0,
0,
0,
0,
0,
0,
0,
0,
0,
0,
0,
0,
0,
0,
0,
0,
0,
0,
0,
0,
0,
0,
0,
12710,
30223,
23275,
50777,
12743,
0,
0,
0,
0,
0,
0,
0,
0,
0,
0,
0,
0,
0,
0,
0,
0,
0,
0,
0,
0,
0,
0,
0,
0,
0,
0,
14791,
21162,
21611,
28174,
21611,
57052,
14823,
0,
0,
0,
0,
0,
0,
0,
0,
0,
0,
0,
0,
0,
0,
0,
0,
0,
0,
0,
0,
0,
0,
0,
14759,
14791,
28174,
28110,
28110,
28174,
21643,
57084,
14823,
0,
0,
0,
0,
0,
0,
0,
0,
0,
0,
0,
0,
0,
0,
0,
0,
0,
0,
0,
0,
0,
0,
14791,
25965,
25933,
14791,
21162,
19498,
28142,
19498,
52858,
14823,
0,
0,
0,
0,
0,
0,
0,
0,
0,
0,
0,
0,
0,
0,
0,
0,
0,
0,
0,
0,
0,
14791,
28174,
21611,
14823,
0,
14791,
32432,
23276,
57052,
14823,
0,
0,
0,
0,
0,
0,
0,
0,
0,
0,
0,
0,
0,
0,
0,
0,
0,
0,
0,
0,
0,
0,
14791,
28142,
14823,
0,
0,
12710,
14759,
14791,
14791,
0,
0,
0,
0,
0,
0,
0,
0,
0,
0,
0,
0,
0,
0,
0,
0,
0,
0,
0,
0,
0,
0,
12710,
25933,
14823,
0,
0,
14791,
12711,
0,
0,
0,
0,
0,
0,
0,
0,
0,
0,
0,
0,
0,
0,
0,
0,
0,
0,
0,
0,
0,
0,
0,
0,
0,
14791,
28078,
14823,
0,
0,
14791,
57052,
14759,
14791,
0,
0,
0,
0,
0,
0,
0,
0,
0,
0,
0,
0,
0,
0,
0,
0,
0,
0,
0,
0,
0,
0,
0,
14791,
28045,
14823,
0,
14791,
21643,
21579,
33808,
48631,
14791,
0,
0,
0,
0,
0,
0,
0,
0,
0,
0,
0,
0,
0,
0,
0,
0,
0,
0,
0,
0,
0,
0,
12710,
25933,
23243,
12710,
31695,
52163,
62917,
25965,
35921,
44373,
12743,
0,
0,
0,
0,
0,
0,
0,
0,
0,
0,
0,
0,
0,
0,
0,
0,
0,
0,
0,
0,
0,
14759,
28110,
21643,
14791,
57084,
23243,
14790,
65094,
14791,
57084,
48599,
14823,
0,
0,
0,
0,
0,
0,
0,
0,
0,
0,
0,
0,
0,
0,
0,
0,
0,
0,
0,
0,
0,
12710,
28174,
21611,
55003,
35921,
65061,
28110,
59197,
33808,
57084,
23243,
12710,
14791,
0,
0,
0,
0,
0,
0,
0,
0,
0,
0,
0,
0,
0,
0,
0,
0,
0,
0,
0,
12678,
21643,
25965,
19498,
59165,
25933,
52858,
57117,
31727,
52858,
35921,
44373,
12743,
0,
0,
0,
0,
0,
0,
0,
0,
0,
0,
0,
0,
0,
0,
0,
0,
0,
0,
0,
14791,
59165,
21643,
21643,
59165,
33872,
28142,
28142,
14791,
59165,
48631,
14823,
0,
0,
0,
0,
0,
0,
0,
0,
0,
0,
0,
0,
0,
0,
0,
0,
0,
0,
0,
14791,
19530,
23243,
57052,
57052,
59197,
54971,
50083,
65158,
28078,
33840,
59165,
14791,
0,
0,
0,
0,
0,
0,
0,
0,
0,
0,
0,
0,
0,
0,
0,
0,
0,
0,
14791,
25965,
25933,
21643,
44405,
52858,
59165,
52826,
21162,
14791,
62917,
31727,
57116,
12711,
0,
0,
0,
0,
0,
0,
0,
0,
0,
0,
0,
0,
0,
0,
0,
0,
0,
0,
0,
14791,
21643,
23275,
48631,
59165,
59197,
57117,
35920,
65158,
28142,
35921,
59165,
14823,
0,
0,
0,
0,
0,
0,
0,
0,
0,
0,
0,
0,
0,
0,
0,
0,
0,
0,
14791,
21162,
21163,
59197,
55003,
19530,
21676,
52890,
31727,
28142,
46486,
33808,
48631,
12678,
0,
0,
0,
0,
0,
0,
0,
0,
0,
0,
0,
0,
0,
0,
0,
0,
0,
12678,
28142,
19498,
21162,
59165,
52858,
25965,
21643,
52826,
31695,
35921,
31695,
21162,
48631,
12711,
0,
0,
0,
0,
0,
0,
0,
0,
0,
0,
0,
0,
0,
0,
0,
0,
14791,
28142,
21643,
14759,
14791,
50712,
57116,
28142,
21643,
35921,
48631,
23275,
48599,
23243,
35921,
48599,
14791,
0,
0,
0,
0,
0,
0,
0,
0,
0,
0,
0,
0,
0,
0,
0,
14791,
25965,
14823,
0,
0,
14791,
54971,
54971,
28174,
19498,
46486,
23243,
21162,
46518,
35921,
12678,
14791,
0,
0,
0,
0,
0,
0,
0,
0,
0,
0,
0,
0,
0,
0,
0,
12710,
25933,
14823,
0,
0,
0,
12710,
52858,
28142,
19466,
44405,
48631,
31695,
44405,
14823,
0,
0,
0,
0,
0,
0,
0,
0,
0,
0,
0,
0,
0,
0,
0,
0,
0,
14791,
28142,
21643,
14823,
0,
14791,
21643,
23275,
35921,
28142,
21643,
35921,
48631,
14823,
0,
0,
14791,
14791,
14791,
14823,
0,
0,
0,
0,
0,
0,
0,
0,
0,
0,
0,
0,
0,
12710,
28142,
19530,
12710,
23275,
28045,
19530,
23243,
21162,
28045,
23243,
14791,
0,
0,
0,
14791,
32465,
21162,
57052,
14823,
0,
0,
0,
0,
0,
0,
0,
0,
0,
0,
0,
0,
0,
14791,
25965,
25965,
21643,
25965,
19498,
48631,
12678,
12678,
28142,
25933,
12678,
14791,
12678,
21162,
21643,
25933,
21611,
57084,
12711,
0,
0,
0,
0,
0,
0,
0,
0,
0,
0,
0,
0,
0,
14791,
14791,
21643,
21643,
21643,
48663,
14823,
0,
14791,
14791,
28174,
28174,
28142,
28174,
28174,
28142,
21676,
59165,
14823,
0,
0,
0,
0,
0,
0,
0,
0,
0,
0,
0,
0,
0,
0,
0,
14791,
28045,
19530,
14823,
0,
0,
0,
0,
12710,
14791,
12678,
23243,
21643,
25965,
21643,
57116,
12743,
0,
0,
0,
0,
0,
0,
0,
0,
0,
0,
0,
0,
0,
0,
0,
14791,
12678,
12743,
0,
0,
0,
0,
0,
0,
0,
0,
12710,
32432,
21162,
54971,
14823,
0,
0,
0,
0,
0,
0,
0,
0,
0,
0,
0,
0,
0,
0,
0,
0,
0,
0,
0,
0,
0,
0,
0,
0,
0,
0,
0,
14791,
14791,
14791,
14823,
0,
0,
0,
0,
0,
0,
0,
0,
0,
0,
0,
0,
0,
0,
0,
0,
0,
0,
0,
0,
0,
0,
0,
0,
0,
0,
0,
0,
0,
0,
0,
0,
0,
0,
0,
0,
0,
0,
0,
