2020
0,
0,
0,
0,
0,
0,
0,
0,
0,
0,
0,
0,
0,
0,
0,
0,
0,
0,
0,
0,
0,
0,
0,
0,
0,
0,
0,
0,
0,
0,
0,
0,
0,
0,
0,
0,
0,
0,
0,
0,
0,
0,
0,
0,
0,
0,
0,
0,
0,
0,
0,
0,
0,
0,
0,
0,
0,
0,
0,
0,
0,
0,
0,
0,
0,
0,
0,
0,
0,
0,
0,
0,
0,
0,
0,
0,
0,
0,
0,
0,
0,
0,
0,
0,
0,
0,
0,
0,
0,
0,
0,
0,
0,
0,
0,
0,
0,
0,
0,
0,
0,
0,
0,
0,
0,
0,
0,
0,
0,
0,
0,
0,
14791,
14823,
0,
0,
0,
0,
0,
0,
0,
0,
0,
0,
0,
0,
0,
0,
0,
0,
0,
0,
0,
0,
0,
0,
0,
0,
0,
0,
0,
0,
12678,
12711,
36540,
12678,
14791,
0,
0,
0,
0,
0,
0,
0,
0,
0,
0,
0,
0,
0,
0,
0,
0,
0,
0,
0,
0,
0,
0,
0,
0,
0,
0,
14791,
21163,
36508,
19607,
34395,
14823,
0,
0,
0,
0,
0,
0,
0,
0,
0,
0,
0,
0,
0,
0,
0,
0,
0,
0,
0,
0,
0,
14759,
14824,
0,
0,
14791,
39880,
65519,
19639,
38621,
19607,
14824,
0,
0,
0,
0,
0,
0,
0,
0,
0,
0,
0,
0,
0,
0,
0,
0,
0,
0,
0,
0,
14791,
17461,
17461,
14824,
0,
12710,
39880,
63437,
17462,
19607,
34330,
14791,
0,
0,
0,
0,
0,
0,
0,
0,
0,
0,
0,
0,
0,
0,
0,
0,
0,
0,
0,
12710,
19639,
59138,
65518,
38621,
12711,
21816,
54506,
37768,
19607,
38621,
14791,
0,
0,
0,
0,
0,
0,
0,
0,
0,
0,
0,
0,
0,
0,
0,
0,
0,
0,
14791,
14791,
23275,
19639,
65518,
63331,
38653,
21848,
23275,
23275,
23275,
39880,
14824,
0,
0,
0,
0,
0,
0,
0,
0,
0,
0,
0,
0,
0,
0,
0,
0,
0,
0,
0,
14791,
19702,
17461,
19607,
17461,
34330,
23243,
21162,
17493,
38621,
34329,
21162,
14823,
0,
12710,
14823,
0,
12710,
14791,
0,
0,
0,
0,
0,
0,
0,
0,
0,
0,
0,
0,
0,
0,
14759,
23243,
19607,
19542,
23243,
19640,
36475,
23243,
23275,
19541,
61218,
23275,
12710,
19607,
23275,
12711,
21848,
23243,
14791,
0,
0,
0,
0,
0,
0,
0,
0,
0,
0,
0,
0,
0,
0,
14791,
19607,
23243,
36540,
19607,
23243,
39848,
54506,
23275,
65519,
38621,
23243,
38621,
38621,
23243,
39880,
21848,
14791,
0,
0,
0,
0,
0,
0,
0,
0,
0,
0,
0,
0,
0,
0,
0,
14791,
21130,
21162,
38620,
21162,
48233,
54474,
46153,
21162,
19607,
19670,
23243,
38588,
21130,
37768,
19767,
12711,
0,
0,
0,
0,
0,
0,
0,
0,
0,
0,
0,
0,
14824,
0,
12710,
63330,
59106,
19574,
23275,
19735,
23243,
54506,
50313,
52394,
23276,
36443,
23243,
19607,
17494,
23275,
21848,
14791,
0,
0,
0,
0,
0,
0,
0,
0,
0,
0,
0,
14791,
21880,
14791,
36540,
19607,
19575,
19607,
23276,
36540,
15284,
23275,
52394,
39848,
23276,
36508,
23275,
38653,
36508,
23243,
14824,
0,
0,
0,
0,
0,
0,
0,
0,
0,
0,
0,
0,
12678,
21880,
17461,
21162,
19639,
63437,
63437,
23275,
34330,
15250,
65518,
21130,
21162,
15284,
34329,
23243,
38588,
34329,
14791,
0,
0,
0,
0,
0,
0,
0,
0,
0,
0,
0,
0,
0,
14759,
23275,
19607,
23243,
19607,
19575,
65518,
23276,
36508,
15316,
63331,
19574,
19607,
15316,
36508,
23275,
19607,
19574,
14824,
0,
12710,
14791,
14791,
14791,
0,
0,
0,
0,
0,
0,
0,
0,
0,
14791,
14791,
38588,
38621,
19575,
19607,
23276,
38588,
65519,
19607,
13203,
15284,
21881,
36508,
23275,
38653,
36508,
23243,
14791,
23243,
39880,
21848,
23243,
14824,
0,
0,
0,
0,
0,
0,
0,
0,
0,
0,
12710,
38621,
34330,
21130,
38621,
19670,
13170,
15316,
34330,
34395,
21848,
21162,
36475,
23243,
21130,
21163,
19574,
19670,
52394,
37768,
34329,
14791,
0,
0,
0,
0,
0,
0,
0,
0,
0,
0,
0,
14791,
23243,
36540,
38621,
23243,
23243,
23275,
23243,
21848,
14791,
14759,
23275,
19639,
36508,
19607,
23275,
19574,
54474,
39880,
36507,
14824,
0,
0,
0,
0,
0,
0,
0,
0,
0,
0,
0,
14791,
19767,
21815,
23275,
21815,
36540,
38621,
21162,
14791,
7871,
12711,
19607,
38621,
19574,
38588,
23275,
21783,
54474,
39880,
36443,
14824,
0,
0,
0,
0,
0,
0,
0,
0,
0,
0,
0,
0,
12678,
21162,
19639,
34330,
65485,
63331,
34329,
21162,
14791,
35687,
65518,
19607,
34330,
17494,
19574,
21130,
37800,
21815,
21130,
14791,
0,
0,
0,
0,
0,
0,
0,
0,
0,
0,
0,
0,
0,
14791,
23276,
38588,
63330,
65519,
36508,
19607,
38621,
52426,
65519,
19607,
19574,
38621,
38588,
12710,
14791,
14791,
14791,
0,
0,
0,
0,
0,
0,
0,
0,
0,
0,
0,
0,
0,
0,
14791,
38621,
19574,
36540,
38621,
19542,
21848,
38621,
50313,
39848,
19639,
36443,
19607,
23243,
14791,
0,
0,
0,
0,
0,
0,
0,
0,
0,
0,
0,
0,
0,
0,
0,
0,
12710,
34362,
38621,
19670,
17461,
19607,
17429,
19702,
14759,
12678,
50313,
37800,
12678,
12710,
14791,
0,
0,
0,
0,
0,
0,
0,
0,
0,
0,
0,
0,
0,
0,
0,
0,
0,
14759,
38621,
21880,
14791,
21880,
21881,
21848,
14824,
0,
0,
14791,
14824,
0,
0,
0,
0,
0,
0,
0,
0,
0,
0,
0,
0,
0,
0,
0,
0,
0,
0,
0,
0,
12710,
21815,
14824,
0,
12710,
14791,
14791,
0,
0,
0,
0,
0,
0,
0,
0,
0,
0,
0,
0,
0,
0,
0,
0,
0,
0,
0,
0,
0,
0,
0,
0,
0,
12678,
12678,
0,
0,
0,
0,
0,
0,
0,
0,
0,
0,
0,
0,
0,
0,
0,
0,
0,
0,
0,
0,
0,
0,
0,
0,
0,
0,
0,
0,
0,
0,
0,
0,
0,
0,
0,
0,
0,
0,
0,
0,
0,
0,
0,
0,
0,
0,
0,
0,
0,
0,
0,
0,
0,
0,
0,
0,
0,
0,
0,
0,
0,
0,
0,
0,
0,
0,
0,
0,
0,
0,
0,
0,
0,
0,
0,
0,
0,
0,
0,
0,
0,
0,
0,
0,
0,
0,
0,
0,
0,
0,
0,
0,
0,
0,
0,
0,
0,
0,
0,
0,
0,
0,
0,
0,
0,
0,
0,
0,
0,
0,
0,
0,
0,
0,
0,
0,
0,
0,
