2020
0,
0,
0,
0,
0,
0,
0,
0,
0,
0,
0,
0,
0,
0,
0,
0,
0,
0,
0,
0,
0,
0,
0,
0,
0,
0,
0,
0,
0,
0,
0,
0,
0,
0,
0,
0,
0,
0,
0,
0,
0,
0,
0,
0,
0,
0,
0,
0,
0,
0,
0,
0,
0,
0,
0,
0,
0,
0,
0,
0,
0,
0,
0,
0,
0,
0,
0,
0,
0,
0,
0,
0,
0,
0,
0,
0,
12710,
14791,
12710,
14791,
0,
0,
0,
0,
0,
0,
0,
0,
0,
0,
0,
0,
0,
0,
0,
0,
0,
0,
0,
0,
0,
0,
0,
0,
0,
0,
14791,
12710,
48367,
54641,
48367,
48367,
14791,
0,
0,
0,
0,
0,
0,
0,
0,
0,
0,
0,
0,
0,
0,
0,
0,
0,
0,
0,
0,
0,
0,
0,
0,
14791,
54641,
54641,
54641,
54641,
54641,
23275,
14791,
14824,
0,
0,
0,
0,
0,
0,
0,
0,
0,
0,
0,
0,
0,
0,
0,
0,
0,
0,
0,
0,
0,
0,
14759,
50447,
54641,
50448,
23243,
54641,
23210,
54339,
58531,
62981,
14791,
0,
0,
0,
0,
0,
0,
0,
0,
0,
0,
0,
0,
0,
0,
0,
0,
0,
0,
0,
0,
14791,
50447,
48367,
54641,
14759,
65503,
25323,
49864,
35498,
35724,
31531,
62981,
14824,
0,
0,
0,
0,
0,
0,
0,
0,
0,
0,
0,
0,
0,
0,
0,
0,
0,
0,
0,
14791,
54641,
54641,
46190,
65535,
54938,
23275,
39659,
56137,
65190,
65158,
14791,
14824,
0,
0,
0,
0,
0,
0,
0,
0,
0,
0,
0,
0,
0,
0,
0,
0,
0,
0,
14758,
54641,
50480,
50447,
54641,
50448,
23211,
44110,
21162,
37546,
39659,
14791,
0,
0,
0,
0,
0,
0,
0,
0,
0,
0,
0,
0,
0,
0,
0,
0,
0,
0,
0,
0,
12710,
54641,
50447,
48367,
54641,
50447,
21162,
25323,
39916,
39916,
23275,
12678,
14791,
0,
12678,
14791,
0,
0,
0,
0,
0,
0,
0,
0,
0,
0,
0,
0,
0,
0,
0,
0,
14791,
54641,
54641,
54641,
54641,
54641,
25323,
44110,
44110,
25323,
44110,
44110,
44110,
14791,
58499,
14824,
0,
0,
0,
0,
0,
0,
0,
0,
0,
0,
0,
0,
0,
0,
0,
0,
12710,
54641,
50447,
48367,
54641,
50447,
48367,
23275,
21162,
54307,
58531,
52259,
41997,
44110,
31499,
12710,
0,
0,
0,
0,
0,
0,
0,
0,
0,
0,
0,
0,
0,
0,
0,
0,
12678,
44110,
50447,
48367,
54641,
50447,
50447,
65158,
62949,
51944,
56105,
49864,
37547,
35724,
21130,
21162,
14823,
0,
0,
0,
0,
0,
0,
0,
0,
0,
0,
0,
0,
0,
0,
0,
0,
14791,
44142,
54641,
54641,
54641,
56105,
56105,
58531,
65158,
65158,
23275,
23275,
25323,
58531,
65190,
65158,
14824,
0,
0,
0,
0,
0,
0,
0,
0,
0,
0,
0,
0,
0,
0,
0,
14791,
51944,
62949,
56137,
62981,
62981,
56105,
49864,
51944,
25323,
48367,
23210,
56105,
52259,
33612,
35724,
62917,
14823,
0,
0,
0,
0,
0,
0,
0,
0,
0,
0,
0,
0,
0,
0,
0,
14758,
62981,
56105,
51976,
65029,
65158,
51944,
23210,
54641,
23210,
54025,
39659,
62949,
65093,
65158,
31531,
14823,
0,
0,
0,
0,
0,
0,
0,
0,
0,
0,
0,
0,
0,
0,
14791,
35724,
56137,
65158,
56105,
56105,
58531,
65158,
23275,
35724,
25323,
56105,
39659,
58531,
35724,
35724,
65158,
14824,
0,
0,
0,
0,
0,
0,
0,
0,
0,
0,
0,
0,
0,
0,
14791,
50447,
21162,
65190,
62981,
51944,
56105,
49864,
21162,
44110,
21162,
51944,
56105,
35498,
65061,
65126,
12711,
0,
0,
0,
0,
0,
0,
0,
0,
0,
0,
0,
0,
0,
0,
0,
0,
12710,
39916,
35724,
54339,
21162,
25323,
51944,
23210,
54641,
50447,
23243,
56105,
51912,
37547,
23243,
12678,
14823,
0,
0,
0,
0,
0,
0,
0,
0,
0,
0,
0,
0,
0,
0,
0,
0,
14791,
14791,
23275,
56105,
56105,
23275,
23275,
54641,
35724,
35724,
23275,
23275,
25323,
54641,
25323,
58531,
14824,
0,
0,
0,
0,
0,
0,
0,
0,
0,
0,
0,
0,
0,
0,
0,
0,
14791,
39916,
21162,
56105,
39884,
21162,
35692,
39884,
41997,
54641,
31531,
50447,
23243,
39884,
14791,
0,
0,
0,
0,
0,
0,
0,
0,
0,
0,
0,
0,
0,
0,
0,
0,
0,
14791,
50448,
50447,
23275,
50447,
50447,
23275,
23210,
50480,
35724,
48367,
23243,
35724,
39916,
56419,
14823,
0,
0,
0,
0,
0,
0,
0,
0,
0,
0,
0,
0,
0,
0,
0,
0,
0,
14791,
54641,
54641,
23243,
23275,
56105,
56105,
23275,
23275,
23243,
39659,
14791,
14759,
14824,
0,
0,
0,
0,
0,
0,
0,
0,
0,
0,
0,
0,
0,
0,
0,
0,
0,
0,
0,
12710,
54641,
48367,
39916,
23243,
21130,
37546,
39627,
35466,
12710,
0,
0,
0,
0,
0,
0,
0,
0,
0,
0,
0,
0,
0,
0,
0,
0,
0,
0,
0,
0,
0,
0,
0,
14791,
31531,
33612,
44110,
41964,
33612,
35724,
12743,
0,
0,
0,
0,
0,
0,
0,
0,
0,
0,
0,
0,
0,
0,
0,
0,
0,
0,
0,
0,
0,
0,
0,
14791,
39659,
56105,
56105,
35724,
35692,
56105,
56105,
14823,
0,
0,
0,
0,
0,
0,
0,
0,
0,
0,
0,
0,
0,
0,
0,
0,
0,
0,
0,
0,
0,
0,
0,
12710,
54057,
21130,
49864,
56105,
49864,
51944,
14824,
0,
0,
0,
0,
0,
0,
0,
0,
0,
0,
0,
0,
0,
0,
0,
0,
0,
0,
0,
0,
0,
0,
0,
0,
14758,
56105,
23243,
54025,
56105,
53993,
54025,
14824,
0,
0,
0,
0,
0,
0,
0,
0,
0,
0,
0,
0,
0,
0,
0,
0,
0,
0,
0,
0,
0,
0,
0,
0,
14791,
39659,
56105,
56105,
56105,
56105,
14824,
0,
0,
0,
0,
0,
0,
0,
0,
0,
0,
0,
0,
0,
0,
0,
0,
0,
0,
0,
0,
0,
0,
0,
0,
0,
0,
14791,
12678,
12678,
14791,
12711,
0,
0,
0,
0,
0,
0,
0,
0,
0,
0,
0,
0,
0,
0,
0,
0,
0,
0,
0,
0,
0,
0,
0,
0,
0,
0,
0,
0,
0,
0,
0,
0,
0,
0,
0,
0,
0,
0,
0,
0,
0,
0,
0,
0,
0,
0,
0,
0,
0,
0,
0,
0,
0,
0,
0,
0,
0,
0,
0,
0,
0,
0,
0,
0,
0,
0,
0,
0,
0,
0,
0,
0,
0,
0,
0,
0,
0,
0,
