2020
0,
0,
0,
0,
0,
0,
0,
0,
0,
0,
0,
0,
0,
0,
0,
0,
0,
0,
0,
0,
0,
0,
0,
0,
0,
0,
0,
0,
0,
0,
0,
0,
0,
0,
0,
0,
0,
0,
0,
0,
14791,
0,
0,
0,
0,
0,
0,
0,
14824,
0,
14823,
0,
0,
0,
0,
0,
0,
0,
0,
0,
0,
0,
0,
0,
0,
0,
0,
0,
0,
0,
0,
14791,
43573,
14791,
0,
0,
0,
14824,
0,
14759,
47703,
12710,
47703,
14791,
12743,
0,
0,
0,
0,
0,
0,
0,
0,
0,
0,
0,
0,
0,
0,
0,
0,
0,
0,
14791,
49784,
49784,
14824,
0,
14791,
49784,
14791,
25195,
49784,
23147,
38463,
38463,
38463,
14824,
0,
0,
0,
0,
0,
0,
0,
0,
0,
0,
0,
0,
0,
0,
0,
0,
0,
14791,
45622,
45622,
37395,
14759,
37395,
49784,
21033,
23114,
23147,
36286,
38399,
23147,
36254,
14823,
0,
0,
0,
0,
0,
0,
0,
0,
0,
0,
0,
0,
0,
0,
0,
12710,
14791,
0,
12710,
45622,
49784,
35314,
23081,
25195,
23642,
36286,
23147,
36222,
29452,
31565,
34174,
29452,
14823,
0,
0,
0,
0,
0,
0,
0,
0,
0,
0,
0,
0,
0,
0,
14791,
49784,
14791,
14791,
37428,
49784,
25195,
38463,
38463,
38463,
38463,
38463,
23147,
38463,
38463,
23146,
35856,
14824,
0,
0,
0,
0,
0,
0,
0,
0,
0,
0,
0,
0,
0,
0,
14759,
45622,
49784,
45622,
23082,
25195,
36286,
38399,
38463,
36286,
38399,
27869,
36254,
23114,
23146,
31662,
14823,
0,
0,
0,
0,
0,
0,
0,
0,
0,
0,
0,
0,
0,
0,
14791,
29419,
23082,
49784,
45622,
45622,
49784,
21034,
36287,
27869,
36254,
36287,
38431,
23609,
23114,
31532,
12743,
0,
0,
0,
0,
0,
0,
0,
0,
0,
0,
0,
0,
0,
0,
0,
14791,
31565,
23146,
37396,
49784,
49784,
37428,
27837,
27869,
38463,
31533,
49784,
40511,
52857,
25194,
31565,
14824,
0,
0,
0,
0,
0,
0,
0,
0,
0,
0,
0,
0,
0,
0,
0,
0,
12710,
29419,
23146,
21033,
45622,
25195,
23642,
36286,
25195,
43573,
23082,
38431,
21033,
29452,
23146,
21033,
14759,
14823,
0,
0,
0,
0,
0,
0,
0,
0,
0,
0,
0,
0,
0,
14791,
12710,
21033,
31565,
27371,
21034,
37428,
23642,
36286,
23146,
21034,
36287,
25788,
21033,
23114,
31565,
31662,
33775,
23114,
12678,
14824,
0,
0,
0,
0,
0,
0,
0,
0,
0,
0,
14791,
31565,
31565,
31565,
23146,
25195,
49784,
49784,
25195,
27869,
38463,
38463,
27836,
25194,
31565,
35888,
35888,
35856,
25195,
37396,
37428,
38463,
14824,
0,
0,
0,
0,
0,
0,
0,
0,
0,
0,
14791,
12710,
21033,
49784,
45622,
45622,
49784,
45622,
23082,
25195,
23609,
23114,
31532,
27371,
23114,
23146,
31662,
35823,
23114,
45622,
37427,
38399,
12743,
0,
0,
0,
0,
0,
0,
0,
0,
0,
0,
0,
12710,
14791,
21033,
45622,
49784,
23082,
37395,
49784,
21033,
29452,
23146,
29419,
23114,
49784,
21033,
23146,
38431,
36254,
49784,
25756,
14791,
0,
0,
0,
0,
0,
0,
0,
0,
0,
0,
0,
0,
0,
14791,
23146,
23146,
25195,
49784,
49784,
23146,
25195,
49784,
23146,
25195,
37428,
38463,
38463,
25195,
38463,
38463,
14824,
0,
0,
0,
0,
0,
0,
0,
0,
0,
0,
0,
0,
0,
14791,
27371,
33743,
35888,
21033,
45622,
25194,
27371,
23082,
49784,
45622,
37395,
38431,
36254,
38399,
38399,
21034,
38431,
14823,
0,
0,
0,
0,
0,
0,
0,
0,
0,
0,
0,
0,
14759,
35888,
33743,
12710,
14791,
12710,
23114,
31565,
29419,
29452,
25194,
45622,
38431,
38463,
36254,
23146,
38399,
21033,
37428,
38399,
14791,
0,
0,
0,
0,
0,
0,
0,
0,
0,
0,
0,
0,
14791,
14791,
0,
0,
0,
14791,
31565,
31565,
25195,
49784,
25195,
38463,
38463,
31532,
31565,
27836,
25194,
49784,
37395,
14824,
0,
0,
0,
0,
0,
0,
0,
0,
0,
0,
0,
0,
0,
0,
0,
14791,
12710,
33743,
31532,
27371,
23082,
49784,
43573,
37395,
38431,
34174,
38367,
23146,
23610,
38431,
38399,
34174,
14823,
0,
0,
0,
0,
0,
0,
0,
0,
0,
0,
0,
0,
0,
14759,
35888,
33743,
29452,
31565,
21033,
29452,
23146,
35314,
47703,
23147,
36254,
23114,
23146,
36254,
38431,
38399,
14791,
0,
0,
0,
0,
0,
0,
0,
0,
0,
0,
0,
0,
0,
14791,
35856,
35888,
31532,
31565,
25194,
31532,
25194,
31565,
23146,
25194,
31565,
23146,
25195,
27869,
25788,
38463,
38463,
38431,
14824,
0,
0,
0,
0,
0,
0,
0,
0,
0,
0,
0,
14791,
31662,
31662,
35856,
27371,
12710,
23146,
27371,
23082,
31532,
27371,
12710,
14791,
12711,
38399,
38399,
23609,
25756,
14759,
12743,
0,
0,
0,
0,
0,
0,
0,
0,
0,
0,
0,
0,
14791,
33743,
33743,
35856,
14791,
0,
14791,
29419,
23114,
23146,
29419,
14823,
0,
12711,
25788,
38431,
36254,
14824,
0,
0,
0,
0,
0,
0,
0,
0,
0,
0,
0,
0,
0,
14791,
35888,
35856,
35856,
31565,
14824,
0,
14823,
35856,
31565,
25194,
31532,
31565,
14824,
0,
14823,
38463,
38431,
14824,
0,
0,
0,
0,
0,
0,
0,
0,
0,
0,
0,
0,
0,
12710,
35888,
21033,
31662,
14824,
0,
14791,
35856,
31662,
29452,
23146,
27371,
29452,
14824,
0,
14791,
38367,
31662,
14823,
0,
0,
0,
0,
0,
0,
0,
0,
0,
0,
0,
0,
0,
14791,
35856,
14791,
33775,
14824,
0,
14791,
35888,
33743,
35823,
14791,
29452,
14824,
0,
14759,
35856,
35856,
14823,
0,
0,
0,
0,
0,
0,
0,
0,
0,
0,
0,
0,
0,
0,
0,
14824,
0,
14791,
0,
0,
14823,
35888,
23146,
35856,
14791,
14824,
0,
0,
14791,
35856,
14856,
0,
0,
0,
0,
0,
0,
0,
0,
0,
0,
0,
0,
0,
0,
0,
0,
0,
0,
0,
0,
0,
12710,
35856,
12710,
33743,
14824,
0,
0,
0,
0,
14823,
0,
0,
0,
0,
0,
0,
0,
0,
0,
0,
0,
0,
0,
0,
0,
0,
0,
0,
0,
0,
0,
0,
0,
14824,
0,
14824,
0,
0,
0,
0,
0,
0,
0,
0,
0,
0,
0,
0,
0,
0,
0,
0,
0,
0,
0,
0,
0,
0,
0,
0,
0,
0,
0,
0,
0,
0,
0,
0,
0,
0,
0,
0,
0,
0,
0,
0,
0,
0,
0,
0,
0,
0,
0,
0,
0,
0,
0,
0,
0,
0,
0,
0,
0,
0,
0,
0,
0,
0,
0,
0,
0,
0,
0,
0,
0,
0,
0,
0,
0,
0,
0,
0,
0,
0,
0,
0,
