2020
0,
0,
0,
0,
0,
0,
0,
0,
0,
0,
0,
0,
0,
0,
0,
0,
0,
0,
0,
0,
0,
0,
0,
0,
0,
0,
0,
0,
0,
0,
0,
0,
0,
0,
0,
0,
0,
0,
0,
0,
0,
0,
0,
0,
0,
0,
0,
0,
0,
0,
0,
0,
0,
0,
0,
0,
0,
0,
0,
0,
0,
0,
0,
0,
0,
0,
0,
0,
0,
0,
0,
0,
0,
0,
0,
0,
0,
0,
0,
0,
0,
0,
0,
0,
0,
0,
0,
0,
0,
0,
0,
0,
0,
0,
0,
0,
0,
0,
0,
0,
0,
0,
0,
0,
0,
0,
0,
0,
0,
0,
0,
0,
0,
12743,
0,
0,
0,
0,
0,
0,
0,
0,
0,
0,
0,
0,
0,
0,
0,
0,
0,
0,
0,
0,
0,
0,
0,
0,
0,
0,
0,
0,
0,
0,
14791,
58185,
14823,
0,
0,
0,
0,
0,
0,
0,
0,
0,
0,
0,
0,
0,
0,
0,
0,
0,
0,
0,
0,
0,
0,
0,
0,
0,
0,
0,
0,
14791,
62345,
60297,
60297,
14824,
0,
0,
0,
14824,
0,
0,
0,
0,
0,
0,
0,
0,
0,
0,
0,
0,
0,
0,
12743,
0,
0,
12710,
14791,
12710,
14791,
0,
12710,
41606,
64838,
62629,
56137,
14824,
0,
12710,
14791,
54056,
14823,
0,
0,
0,
0,
0,
0,
0,
0,
0,
0,
0,
0,
14791,
58185,
14791,
14791,
43655,
62345,
58185,
58217,
14791,
14790,
64806,
29582,
33840,
64806,
60297,
14758,
60297,
62345,
56137,
14824,
0,
0,
0,
0,
0,
0,
0,
0,
0,
0,
0,
0,
14791,
60297,
62345,
60297,
60297,
62345,
64838,
64838,
64838,
23275,
25355,
64838,
64838,
64838,
23275,
23275,
25355,
62345,
43687,
14824,
0,
0,
0,
0,
0,
0,
0,
0,
0,
0,
0,
0,
12710,
39526,
60297,
23210,
56104,
23275,
21162,
23210,
64838,
62629,
56136,
23275,
31727,
23243,
65535,
36446,
27830,
23275,
12743,
0,
0,
0,
0,
0,
0,
0,
0,
0,
0,
0,
0,
0,
0,
12710,
14791,
58217,
23243,
62345,
43655,
58217,
23275,
23243,
23275,
65535,
23243,
65535,
25356,
65535,
40703,
40735,
23243,
14824,
0,
0,
0,
0,
0,
0,
0,
0,
0,
0,
0,
0,
0,
0,
14791,
60297,
43687,
62345,
60265,
27534,
9499,
16031,
9466,
25356,
65535,
65535,
65535,
40671,
23275,
29582,
35921,
23275,
14824,
0,
0,
0,
0,
0,
0,
0,
0,
0,
0,
0,
0,
0,
0,
12710,
56104,
45735,
25388,
31727,
35953,
31727,
33808,
35953,
21162,
65503,
65535,
63454,
65535,
35921,
31727,
33840,
33840,
12743,
0,
0,
0,
0,
0,
0,
0,
0,
0,
0,
0,
0,
0,
0,
14759,
14823,
33840,
33840,
35953,
33840,
35921,
25356,
65535,
65535,
65535,
65503,
35921,
35953,
33808,
35921,
29582,
14791,
0,
0,
0,
0,
0,
0,
0,
0,
0,
0,
0,
0,
0,
0,
0,
14823,
35921,
35921,
35953,
35921,
16063,
9498,
43687,
65535,
65535,
65535,
65535,
35953,
27501,
23275,
14824,
0,
0,
0,
0,
0,
0,
0,
0,
0,
0,
0,
0,
0,
0,
0,
0,
14823,
31727,
31727,
35954,
13854,
7320,
25323,
54056,
23243,
65535,
21162,
65535,
29582,
36446,
27830,
14823,
0,
0,
0,
0,
0,
0,
0,
0,
0,
0,
0,
0,
0,
0,
0,
0,
0,
14759,
35921,
35953,
35921,
25323,
45735,
60265,
25356,
54970,
23275,
40735,
40735,
38591,
14824,
0,
0,
0,
0,
0,
0,
0,
0,
0,
0,
0,
0,
0,
0,
0,
0,
0,
14791,
60265,
29582,
23275,
23275,
60297,
45735,
23243,
35953,
65535,
65535,
65535,
42783,
23243,
14824,
0,
0,
0,
0,
0,
0,
0,
0,
0,
0,
0,
0,
0,
0,
0,
0,
12710,
62345,
39526,
56104,
60297,
39526,
56136,
60297,
21162,
65503,
65535,
48631,
27831,
29943,
21162,
58185,
14823,
0,
0,
0,
0,
0,
0,
0,
0,
0,
0,
0,
0,
0,
0,
0,
14791,
62345,
23243,
25323,
62345,
43655,
43687,
25356,
65535,
65535,
65535,
35921,
65535,
25355,
64773,
64838,
45735,
14823,
0,
0,
0,
0,
0,
0,
0,
0,
0,
0,
0,
0,
0,
14791,
58217,
25355,
58185,
64773,
23275,
23243,
23275,
65535,
65535,
23275,
65535,
23243,
25355,
64838,
64742,
35921,
60297,
14791,
0,
0,
0,
0,
0,
0,
0,
0,
0,
0,
0,
0,
0,
14758,
56104,
62345,
56104,
62661,
64838,
62629,
62661,
23275,
21162,
62661,
25323,
62629,
64741,
23275,
39526,
58185,
58217,
12743,
0,
0,
0,
0,
0,
0,
0,
0,
0,
0,
0,
0,
14791,
60297,
60265,
29582,
29549,
60297,
64838,
64774,
43687,
25355,
64773,
64838,
64838,
64773,
64838,
64838,
14759,
14791,
60297,
14823,
0,
0,
0,
0,
0,
0,
0,
0,
0,
0,
0,
0,
14791,
60265,
58217,
62345,
58185,
58217,
29582,
58185,
14759,
14791,
58185,
64806,
64838,
64742,
35953,
64838,
14791,
0,
14824,
0,
0,
0,
0,
0,
0,
0,
0,
0,
0,
0,
0,
0,
14791,
56104,
56104,
62345,
56104,
56104,
45735,
12743,
0,
0,
12710,
33808,
29582,
62629,
64773,
60297,
12743,
0,
0,
0,
0,
0,
0,
0,
0,
0,
0,
0,
0,
0,
0,
0,
14791,
60297,
60297,
60297,
14791,
14791,
14824,
0,
0,
0,
14791,
62345,
64838,
64806,
60297,
14824,
0,
0,
0,
0,
0,
0,
0,
0,
0,
0,
0,
0,
0,
0,
0,
0,
14791,
60265,
14759,
14791,
0,
0,
0,
0,
0,
0,
0,
14791,
62345,
58185,
60297,
14824,
0,
0,
0,
0,
0,
0,
0,
0,
0,
0,
0,
0,
0,
0,
0,
0,
0,
14791,
0,
0,
0,
0,
0,
0,
0,
0,
0,
0,
14791,
54056,
14823,
0,
0,
0,
0,
0,
0,
0,
0,
0,
0,
0,
0,
0,
0,
0,
0,
0,
0,
0,
0,
0,
0,
0,
0,
0,
0,
0,
0,
0,
0,
14824,
0,
0,
0,
0,
0,
0,
0,
0,
0,
0,
0,
0,
0,
0,
0,
0,
0,
0,
0,
0,
0,
0,
0,
0,
0,
0,
0,
0,
0,
0,
0,
0,
0,
0,
0,
0,
0,
0,
0,
0,
0,
0,
0,
0,
0,
0,
0,
0,
0,
0,
0,
0,
0,
0,
0,
0,
0,
0,
0,
0,
0,
0,
0,
0,
0,
0,
0,
0,
0,
0,
0,
0,
0,
0,
0,
0,
0,
0,
0,
0,
0,
0,
0,
0,
0,
0,
0,
0,
0,
0,
0,
0,
0,
0,
0,
0,
0,
0,
0,
0,
0,
0,
0,
0,
0,
0,
0,
