2020
0,
0,
0,
0,
0,
0,
0,
0,
0,
0,
0,
0,
0,
0,
0,
0,
0,
0,
0,
0,
0,
0,
0,
0,
0,
0,
0,
0,
0,
0,
0,
0,
0,
0,
0,
0,
0,
0,
0,
0,
0,
0,
0,
0,
0,
0,
0,
0,
0,
0,
0,
0,
0,
0,
0,
0,
0,
0,
0,
0,
0,
0,
0,
0,
0,
0,
0,
0,
0,
0,
0,
0,
0,
0,
0,
0,
0,
0,
0,
0,
0,
0,
0,
0,
0,
0,
0,
0,
0,
0,
0,
0,
0,
0,
0,
0,
0,
0,
0,
0,
0,
0,
0,
0,
0,
0,
0,
0,
0,
0,
0,
0,
0,
0,
0,
0,
0,
0,
0,
0,
0,
0,
0,
0,
0,
0,
0,
0,
0,
0,
0,
0,
0,
0,
0,
0,
0,
0,
0,
0,
0,
0,
0,
0,
0,
0,
0,
0,
0,
0,
0,
0,
0,
0,
0,
0,
0,
0,
0,
0,
0,
0,
0,
0,
0,
0,
0,
0,
0,
0,
0,
0,
0,
0,
0,
0,
0,
0,
0,
0,
0,
0,
0,
0,
0,
0,
0,
0,
0,
0,
0,
0,
0,
0,
0,
0,
0,
0,
0,
0,
0,
0,
0,
0,
12711,
12711,
0,
0,
0,
12711,
0,
0,
0,
0,
0,
0,
12711,
0,
0,
0,
0,
0,
0,
0,
0,
0,
0,
0,
0,
0,
0,
0,
0,
0,
12711,
12711,
42585,
42585,
12711,
0,
12711,
65503,
12711,
12711,
0,
0,
0,
12711,
27469,
12711,
0,
0,
0,
0,
0,
0,
0,
0,
0,
0,
0,
0,
0,
0,
0,
12711,
62927,
27469,
31922,
42617,
31890,
12711,
27469,
48631,
65503,
48599,
12711,
12711,
12711,
31890,
27469,
12678,
0,
0,
0,
0,
0,
0,
0,
0,
0,
0,
0,
0,
0,
12711,
12711,
62927,
27501,
27469,
42617,
31922,
42617,
21130,
65503,
65535,
65535,
65535,
48599,
21130,
42585,
42617,
21130,
12678,
0,
0,
0,
0,
0,
0,
0,
0,
0,
0,
0,
0,
12711,
62927,
62927,
27501,
27469,
27469,
12710,
31922,
42617,
21130,
65535,
65535,
65535,
65535,
48631,
21130,
21162,
42617,
42585,
12678,
0,
0,
0,
0,
0,
0,
0,
0,
0,
0,
0,
12711,
48138,
48170,
21162,
27469,
27469,
43713,
62597,
42617,
27501,
21526,
21558,
65535,
48631,
48631,
48631,
48599,
65503,
12710,
12710,
0,
0,
0,
0,
0,
0,
0,
0,
0,
0,
0,
0,
12678,
62927,
12678,
27469,
27469,
62927,
65503,
65535,
42617,
21526,
23903,
23903,
21558,
65535,
21558,
65535,
65535,
12710,
0,
0,
0,
0,
0,
0,
0,
0,
0,
0,
0,
0,
0,
12711,
62927,
62959,
12678,
27469,
21130,
48170,
21558,
21558,
21558,
23903,
23935,
23935,
21558,
21558,
23903,
21162,
21162,
12678,
0,
0,
0,
12711,
0,
0,
0,
0,
0,
0,
0,
0,
0,
12678,
62959,
12710,
0,
12678,
62927,
62927,
21558,
23903,
23903,
23935,
21558,
21162,
48170,
21558,
23935,
23903,
23903,
21526,
12711,
12711,
12711,
27469,
12711,
0,
0,
0,
0,
0,
0,
0,
12711,
62927,
12710,
0,
12711,
48138,
48170,
27501,
23903,
23935,
12678,
12678,
21130,
62927,
62927,
21558,
23935,
23935,
23935,
23903,
23903,
21130,
31890,
27469,
12678,
0,
0,
0,
0,
0,
0,
0,
12678,
12710,
0,
12711,
62927,
62927,
12678,
23903,
21558,
12678,
0,
12678,
62927,
62959,
62959,
48170,
21558,
21558,
23935,
23935,
21162,
21130,
42617,
21130,
12678,
0,
0,
0,
0,
0,
0,
0,
0,
0,
0,
12678,
62959,
12710,
0,
12678,
12678,
0,
0,
12678,
21162,
21162,
62959,
62927,
48170,
12678,
12678,
12678,
12678,
42585,
42617,
42585,
12678,
0,
0,
0,
0,
0,
0,
0,
0,
0,
12711,
48138,
62959,
12678,
0,
0,
0,
0,
12711,
23903,
23903,
21130,
62959,
21162,
62927,
12678,
0,
0,
0,
12710,
12710,
12710,
0,
0,
0,
0,
0,
0,
0,
0,
0,
0,
12678,
62927,
12710,
0,
0,
0,
0,
12711,
21130,
23935,
23935,
23903,
21162,
23903,
12710,
0,
0,
0,
0,
0,
0,
0,
0,
0,
0,
0,
0,
0,
0,
0,
0,
12711,
62927,
12710,
0,
0,
0,
0,
12711,
42585,
31890,
23935,
27501,
27501,
23903,
23935,
23903,
12711,
0,
0,
12711,
0,
0,
0,
0,
0,
0,
0,
0,
0,
0,
0,
0,
12678,
12710,
0,
0,
0,
0,
12711,
42585,
42617,
42617,
21558,
23903,
23903,
23935,
23935,
23935,
21130,
12711,
12711,
27469,
12711,
0,
0,
0,
0,
0,
0,
0,
0,
0,
0,
0,
0,
0,
0,
0,
0,
0,
12678,
42617,
42617,
42617,
42585,
21558,
27501,
23935,
23935,
21162,
21130,
42585,
31890,
27469,
12678,
0,
0,
0,
0,
0,
0,
0,
0,
0,
0,
0,
0,
0,
0,
0,
0,
12711,
42585,
42617,
21162,
42617,
42617,
42585,
42585,
12678,
12678,
42585,
42585,
42617,
42617,
21130,
12678,
0,
0,
0,
0,
0,
0,
0,
0,
0,
0,
0,
0,
0,
0,
0,
0,
12678,
42617,
12710,
12678,
42617,
12710,
42617,
12710,
12678,
0,
12710,
12710,
31922,
42617,
42585,
12678,
0,
0,
0,
0,
0,
0,
0,
0,
0,
0,
0,
0,
0,
0,
0,
0,
12678,
12710,
0,
12678,
12710,
0,
12710,
0,
0,
0,
0,
0,
12678,
12710,
12710,
0,
0,
0,
0,
0,
0,
0,
0,
0,
0,
0,
0,
0,
0,
0,
0,
0,
0,
0,
0,
0,
0,
0,
0,
0,
0,
0,
0,
0,
0,
0,
0,
0,
0,
0,
0,
0,
0,
0,
0,
0,
0,
0,
0,
0,
0,
0,
0,
0,
0,
0,
0,
0,
0,
0,
0,
0,
0,
0,
0,
0,
0,
0,
0,
0,
0,
0,
0,
0,
0,
0,
0,
0,
0,
0,
0,
0,
0,
0,
0,
0,
0,
0,
0,
0,
0,
0,
0,
0,
0,
0,
0,
0,
0,
0,
0,
0,
0,
0,
0,
0,
0,
0,
0,
0,
0,
0,
0,
0,
0,
0,
0,
0,
0,
0,
0,
0,
0,
0,
0,
0,
0,
0,
0,
0,
0,
0,
0,
0,
0,
0,
0,
0,
0,
0,
0,
0,
0,
0,
0,
0,
0,
0,
0,
0,
0,
0,
0,
0,
0,
0,
0,
0,
0,
0,
0,
0,
0,
0,
0,
0,
0,
0,
0,
0,
0,
0,
0,
0,
0,
0,
0,
0,
0,
0,
0,
0,
0,
0,
0,
0,
0,
0,
0,
0,
0,
0,
0,
0,
0,
0,
0,
0,
0,
0,
0,
0,
0,
0,
0,
