2020
0,
0,
0,
0,
0,
0,
0,
0,
0,
0,
0,
0,
0,
0,
0,
0,
0,
0,
0,
0,
0,
0,
0,
0,
0,
0,
0,
0,
0,
0,
0,
0,
0,
0,
0,
0,
0,
0,
0,
0,
0,
0,
0,
12711,
12711,
12711,
12711,
0,
0,
0,
0,
0,
0,
0,
0,
0,
0,
0,
0,
0,
0,
0,
0,
0,
0,
0,
0,
0,
0,
0,
0,
0,
0,
12711,
12711,
35660,
35660,
35660,
35660,
12711,
12711,
0,
0,
0,
0,
0,
0,
0,
0,
0,
0,
0,
0,
0,
0,
0,
0,
0,
0,
0,
0,
0,
0,
0,
12711,
35660,
35660,
35660,
35660,
35660,
35660,
35660,
35660,
12711,
0,
0,
0,
0,
0,
0,
0,
0,
0,
0,
0,
0,
0,
0,
0,
0,
0,
0,
0,
0,
0,
0,
12678,
35660,
35660,
35660,
35660,
35660,
12678,
12678,
12678,
12678,
0,
0,
0,
0,
0,
0,
0,
0,
0,
0,
0,
0,
0,
0,
0,
0,
0,
0,
0,
0,
0,
0,
0,
12678,
35660,
35660,
12678,
12678,
0,
0,
0,
0,
0,
0,
0,
0,
0,
0,
0,
0,
0,
0,
0,
0,
0,
0,
0,
0,
0,
0,
0,
0,
0,
0,
0,
0,
12678,
35660,
12678,
0,
0,
12711,
12711,
0,
0,
0,
0,
12711,
12711,
12711,
0,
0,
0,
0,
0,
0,
0,
0,
0,
0,
0,
0,
0,
0,
0,
0,
0,
0,
12678,
21130,
21130,
12711,
12711,
56721,
56721,
12711,
0,
12711,
12711,
56721,
31695,
12678,
0,
0,
0,
0,
0,
0,
0,
0,
0,
0,
0,
0,
0,
0,
0,
0,
0,
12711,
21130,
35660,
35660,
21130,
21130,
44078,
44078,
44046,
12711,
38034,
56721,
56753,
31695,
12678,
0,
0,
0,
0,
0,
0,
0,
0,
0,
0,
0,
0,
0,
0,
0,
0,
12711,
35660,
35660,
35660,
21130,
21130,
21130,
44078,
56721,
44078,
56721,
21162,
56753,
38066,
56721,
12678,
0,
0,
0,
0,
0,
0,
0,
0,
0,
0,
0,
0,
0,
0,
0,
0,
0,
12678,
35660,
21130,
21130,
21130,
31695,
56721,
56753,
44078,
56753,
21130,
56753,
38066,
44078,
12678,
0,
0,
0,
0,
0,
0,
0,
0,
0,
0,
0,
0,
0,
0,
0,
0,
12711,
35660,
21130,
21130,
35660,
35660,
35660,
56002,
56753,
56721,
44078,
21130,
38066,
12678,
12678,
0,
0,
0,
0,
0,
0,
0,
0,
0,
0,
0,
0,
0,
0,
0,
0,
12711,
35660,
35660,
21130,
21130,
21130,
35660,
65503,
65503,
44078,
56753,
44078,
21130,
12678,
0,
0,
0,
0,
0,
0,
0,
0,
0,
0,
0,
0,
0,
0,
0,
0,
0,
0,
12678,
35660,
21130,
35660,
35660,
35660,
21130,
21162,
56753,
56721,
56753,
21130,
44046,
12678,
0,
0,
0,
0,
0,
0,
0,
0,
0,
0,
0,
0,
0,
0,
0,
0,
0,
12711,
35660,
21130,
46486,
21130,
21130,
21130,
35660,
31695,
31695,
56753,
44078,
21130,
44078,
44046,
12711,
0,
0,
0,
0,
0,
0,
0,
0,
0,
0,
0,
0,
0,
0,
0,
0,
12678,
21130,
46486,
46518,
21130,
35660,
21130,
35660,
38034,
38034,
31695,
31695,
21130,
21130,
44078,
12678,
0,
0,
0,
0,
0,
0,
0,
0,
0,
0,
0,
0,
0,
0,
0,
0,
0,
12678,
46518,
21162,
35660,
21130,
35660,
35660,
21162,
38066,
21130,
21130,
35660,
21130,
44078,
12678,
0,
12711,
12711,
12711,
0,
0,
0,
0,
0,
0,
0,
0,
0,
0,
0,
0,
0,
0,
12710,
35660,
35660,
21130,
35660,
35660,
21130,
21162,
35660,
35660,
21130,
38034,
31695,
31695,
12711,
56721,
31695,
12678,
0,
0,
0,
0,
0,
0,
0,
0,
0,
0,
0,
0,
0,
0,
12678,
35660,
21130,
35660,
35660,
35660,
35660,
35660,
35660,
21130,
46486,
38066,
38034,
38034,
56721,
56753,
31695,
12678,
0,
0,
0,
0,
0,
0,
0,
0,
0,
0,
0,
0,
0,
12711,
35660,
35660,
21130,
35660,
35660,
35660,
35660,
35660,
21130,
46486,
46518,
46486,
38066,
38066,
56753,
38066,
56721,
12678,
0,
0,
0,
0,
0,
0,
0,
0,
0,
0,
0,
0,
0,
12678,
35660,
35660,
21130,
35660,
35660,
35660,
21130,
21130,
46486,
21162,
38066,
21162,
38066,
38066,
56753,
38066,
44078,
12678,
0,
0,
0,
0,
0,
0,
0,
0,
0,
0,
0,
0,
0,
0,
12678,
21130,
46486,
21130,
21130,
21130,
46486,
46486,
21162,
56002,
21162,
56002,
21162,
31695,
12710,
12678,
12678,
0,
0,
0,
0,
0,
0,
0,
0,
0,
0,
0,
0,
0,
0,
0,
0,
12678,
46518,
46486,
46486,
46486,
46518,
21162,
62406,
56002,
21130,
62406,
12678,
12678,
0,
0,
0,
0,
0,
0,
0,
0,
0,
0,
0,
0,
0,
0,
0,
0,
0,
0,
0,
0,
12710,
46518,
46518,
46518,
46518,
21130,
62406,
21130,
31695,
12678,
0,
0,
0,
0,
0,
0,
0,
0,
0,
0,
0,
0,
0,
0,
0,
0,
0,
0,
0,
0,
0,
0,
12678,
38066,
46518,
46518,
38066,
21130,
21130,
38034,
38034,
12678,
0,
12711,
12711,
0,
0,
0,
0,
0,
0,
0,
0,
0,
0,
0,
0,
0,
0,
0,
0,
0,
0,
12711,
46486,
31695,
38066,
38066,
38066,
38034,
38034,
38066,
38066,
56721,
12711,
31695,
12678,
0,
0,
0,
0,
0,
0,
0,
0,
0,
0,
0,
0,
0,
0,
0,
0,
0,
0,
12678,
46518,
38034,
12678,
38066,
38066,
38066,
38066,
38066,
38066,
56753,
56721,
31695,
12678,
0,
0,
0,
0,
0,
0,
0,
0,
0,
0,
0,
0,
0,
0,
0,
0,
0,
0,
12678,
12710,
12678,
0,
12678,
12678,
31695,
38066,
38066,
38066,
56753,
38066,
56721,
12678,
0,
0,
0,
0,
0,
0,
0,
0,
0,
0,
0,
0,
0,
0,
0,
0,
0,
0,
0,
0,
0,
0,
0,
0,
12678,
12678,
12678,
12678,
44078,
38066,
56753,
12678,
0,
0,
0,
0,
0,
0,
0,
0,
0,
0,
0,
0,
0,
0,
0,
0,
0,
0,
0,
0,
0,
0,
0,
0,
0,
0,
0,
0,
12678,
12678,
12710,
0,
0,
0,
0,
0,
0,
0,
0,
0,
0,
0,
0,
0,
0,
0,
0,
0,
0,
0,
0,
0,
0,
0,
0,
0,
0,
0,
0,
0,
0,
0,
0,
0,
0,
0,
0,
0,
0,
0,
0,
0,
0,
0,
0,
0,
0,
0,
0,
0,
0,
0,
0,
0,
0,
0,
0,
0,
0,
0,
0,
0,
0,
0,
0,
0,
0,
0,
0,
0,
0,
0,
0,
0,
0,
