2020
0,
0,
0,
0,
0,
0,
0,
0,
0,
0,
0,
0,
0,
0,
0,
0,
0,
0,
0,
0,
0,
0,
0,
0,
0,
0,
0,
0,
0,
0,
0,
0,
0,
0,
0,
0,
0,
0,
0,
0,
0,
0,
0,
0,
12711,
12711,
12711,
0,
0,
0,
0,
0,
0,
0,
0,
0,
0,
0,
0,
0,
0,
0,
0,
0,
0,
0,
0,
0,
0,
0,
0,
0,
0,
0,
0,
12711,
65163,
65163,
50379,
12711,
12711,
12711,
12711,
12711,
0,
0,
0,
0,
0,
0,
0,
0,
0,
0,
0,
0,
0,
0,
0,
0,
0,
0,
0,
0,
0,
0,
12711,
65163,
65195,
50411,
65195,
21130,
33367,
33367,
39707,
39707,
12711,
12711,
0,
0,
0,
0,
0,
0,
0,
0,
0,
0,
0,
0,
0,
0,
0,
0,
0,
0,
0,
0,
12678,
65195,
65195,
65195,
21162,
39707,
65163,
65163,
50379,
50379,
21130,
33367,
12711,
0,
0,
0,
0,
0,
0,
0,
0,
0,
0,
0,
0,
0,
0,
0,
0,
0,
0,
12711,
65163,
50411,
33399,
12710,
12678,
12678,
33399,
65195,
65195,
50411,
65163,
21130,
33367,
12711,
0,
0,
0,
0,
0,
0,
0,
0,
0,
0,
0,
0,
0,
0,
0,
0,
0,
12678,
33399,
39707,
12678,
0,
0,
0,
12678,
12710,
65195,
65195,
50411,
21130,
39707,
33367,
12711,
0,
0,
0,
0,
0,
0,
0,
0,
0,
0,
0,
0,
0,
0,
12711,
12711,
33367,
39707,
12678,
0,
0,
0,
0,
0,
0,
12710,
21162,
21162,
21130,
21130,
33367,
12678,
0,
0,
0,
0,
0,
0,
0,
0,
0,
0,
0,
0,
0,
12711,
65163,
65163,
33367,
39707,
12678,
0,
0,
0,
0,
12711,
12711,
0,
12678,
33367,
39707,
39707,
21130,
33367,
12711,
0,
0,
0,
0,
0,
0,
0,
0,
0,
0,
0,
0,
12678,
65195,
50411,
39707,
12678,
0,
0,
0,
0,
12711,
25801,
25801,
12711,
12678,
39707,
39707,
21130,
21130,
33367,
21130,
12711,
0,
0,
0,
0,
0,
0,
0,
0,
0,
0,
0,
0,
12710,
65195,
39707,
12678,
0,
0,
0,
12711,
34379,
34411,
39707,
33367,
21130,
39707,
39707,
39707,
39707,
33367,
21130,
46486,
12711,
0,
0,
0,
0,
0,
0,
0,
0,
0,
0,
0,
0,
12710,
39707,
12678,
0,
12711,
12711,
21130,
34411,
34411,
39707,
39707,
25801,
21130,
39707,
39707,
33367,
21130,
46486,
46518,
12678,
0,
0,
0,
0,
0,
0,
0,
0,
0,
0,
0,
12711,
12678,
21130,
33367,
12711,
12678,
65503,
21130,
25833,
34411,
34379,
34379,
25833,
46486,
21130,
21130,
21130,
46486,
46518,
12710,
0,
0,
0,
0,
0,
0,
0,
0,
0,
0,
0,
0,
12678,
34379,
25801,
21130,
46486,
65503,
65535,
65503,
21162,
21162,
34411,
34411,
21162,
54970,
54938,
54938,
65503,
65535,
46518,
46486,
12711,
0,
0,
0,
0,
0,
0,
0,
0,
0,
0,
12711,
39707,
39739,
33399,
65163,
50411,
33575,
65535,
29614,
21130,
25801,
21162,
21162,
21130,
46518,
54970,
65535,
65535,
65535,
54970,
46518,
12678,
0,
0,
0,
0,
0,
0,
0,
0,
0,
0,
0,
12678,
39707,
39707,
34411,
34411,
65503,
65535,
65503,
65503,
21162,
33367,
34379,
34379,
21162,
54970,
65535,
65535,
65535,
65535,
54970,
46486,
12711,
0,
0,
0,
0,
0,
0,
0,
0,
0,
12711,
21130,
29582,
21130,
34411,
34411,
34411,
34411,
65535,
29614,
21130,
21130,
34411,
34411,
34379,
21162,
46518,
65535,
65535,
65535,
54970,
46518,
12678,
0,
0,
0,
0,
0,
0,
0,
0,
12711,
65503,
65503,
54938,
46486,
21162,
34411,
34411,
50411,
65535,
65503,
65503,
65503,
21162,
34411,
39739,
33367,
21162,
65535,
65535,
54970,
46518,
46518,
12678,
0,
0,
0,
0,
0,
0,
0,
12711,
65503,
65535,
65535,
65535,
46518,
21130,
34411,
65195,
33543,
65535,
54970,
46518,
21162,
34379,
34411,
39707,
33367,
21130,
65535,
65535,
65535,
54970,
12710,
0,
0,
0,
0,
0,
0,
0,
0,
12678,
65535,
65535,
46518,
46518,
21162,
39707,
39739,
65195,
65163,
65535,
54970,
29614,
34379,
34411,
39739,
34379,
25801,
21130,
65535,
65535,
65535,
12710,
0,
0,
0,
0,
0,
0,
0,
0,
0,
0,
12710,
65535,
65535,
21162,
39707,
39707,
33367,
25833,
65535,
65535,
65535,
65503,
29614,
34411,
34379,
34411,
29582,
46486,
54970,
65535,
65535,
54938,
12711,
0,
0,
0,
0,
0,
0,
0,
0,
0,
0,
12710,
46518,
46486,
21130,
25801,
21130,
65535,
65535,
34411,
65535,
21162,
34379,
34411,
34411,
39739,
21130,
65535,
65535,
54970,
54970,
54970,
12678,
0,
0,
0,
0,
0,
0,
0,
0,
12711,
12711,
46486,
65535,
65535,
46486,
21162,
34379,
34411,
34411,
25833,
21162,
21130,
34411,
39739,
34411,
34379,
21130,
65535,
65535,
54970,
54970,
46518,
12678,
0,
0,
0,
0,
0,
0,
0,
12711,
65503,
65503,
65535,
65535,
54970,
54970,
21130,
34411,
25833,
21162,
25833,
21130,
34379,
39739,
39707,
34411,
29614,
54938,
65535,
54970,
46518,
54970,
12710,
0,
0,
0,
0,
0,
0,
0,
0,
0,
12710,
65535,
65535,
54970,
54970,
54970,
21130,
21162,
21162,
46486,
21162,
12678,
25833,
39707,
39707,
25833,
21130,
65535,
65535,
54970,
21162,
12710,
0,
0,
0,
0,
0,
0,
0,
0,
0,
0,
0,
12710,
54970,
54970,
12710,
54970,
54938,
46486,
46486,
46518,
12678,
0,
12678,
33367,
33367,
21162,
65503,
65535,
65535,
65535,
54938,
12678,
0,
0,
0,
0,
0,
0,
0,
0,
0,
0,
0,
0,
12710,
12710,
0,
12710,
54970,
54970,
12710,
12710,
0,
0,
0,
12678,
12678,
54938,
65535,
65535,
54970,
46518,
12678,
0,
0,
0,
0,
0,
0,
0,
0,
0,
0,
0,
0,
0,
0,
0,
0,
0,
12710,
12710,
0,
0,
0,
0,
0,
0,
0,
12710,
65535,
65535,
12710,
12710,
0,
0,
0,
0,
0,
0,
0,
0,
0,
0,
0,
0,
0,
0,
0,
0,
0,
0,
0,
0,
0,
0,
0,
0,
0,
0,
0,
12678,
65535,
46518,
12678,
0,
0,
0,
0,
0,
0,
0,
0,
0,
0,
0,
0,
0,
0,
0,
0,
0,
0,
0,
0,
0,
0,
0,
0,
0,
0,
0,
12711,
65503,
12710,
12710,
0,
0,
0,
0,
0,
0,
0,
0,
0,
0,
0,
0,
0,
0,
0,
0,
0,
0,
0,
0,
0,
0,
0,
0,
0,
0,
0,
0,
12678,
12710,
0,
0,
0,
0,
0,
0,
0,
0,
0,
0,
0,
0,
0,
0,
0,
0,
0,
0,
0,
0,
0,
0,
0,
0,
0,
0,
0,
0,
0,
0,
0,
0,
0,
0,
0,
0,
0,
0,
0,
0,
0,
0,
0,
0,
