2020
0,
0,
0,
0,
0,
0,
0,
0,
0,
0,
12711,
12711,
12711,
12711,
12711,
0,
0,
0,
0,
0,
0,
0,
0,
0,
0,
0,
0,
0,
0,
0,
0,
0,
0,
0,
0,
0,
0,
0,
0,
0,
12711,
12711,
37770,
37770,
37770,
31431,
31431,
12711,
12711,
14791,
0,
0,
0,
0,
0,
0,
0,
0,
0,
0,
0,
0,
0,
0,
0,
0,
0,
0,
0,
0,
0,
12711,
37770,
37770,
37770,
37770,
37770,
37770,
37770,
37770,
37770,
31431,
12711,
14791,
0,
0,
0,
0,
0,
0,
0,
0,
0,
0,
0,
0,
0,
0,
0,
0,
0,
0,
0,
12678,
37770,
37770,
37770,
37770,
37770,
37770,
21162,
37770,
37770,
37770,
31431,
31431,
12711,
12711,
14791,
0,
0,
0,
0,
0,
0,
0,
0,
0,
0,
0,
0,
0,
0,
0,
12711,
37770,
37770,
53639,
64334,
12678,
12678,
12710,
37770,
37770,
37770,
37770,
37770,
37770,
31431,
21130,
37770,
14791,
0,
0,
0,
0,
0,
0,
0,
0,
0,
0,
0,
0,
0,
0,
12678,
37770,
37770,
12678,
12678,
0,
0,
12678,
64334,
64334,
53639,
37770,
37770,
37770,
37770,
31431,
31431,
12711,
0,
0,
0,
0,
0,
0,
0,
0,
0,
0,
0,
0,
0,
0,
12678,
37770,
12678,
0,
0,
0,
0,
0,
12678,
64334,
64334,
53671,
37770,
37770,
37770,
37770,
31431,
12711,
0,
0,
0,
0,
0,
0,
0,
0,
0,
0,
0,
0,
0,
0,
12678,
37770,
12678,
0,
0,
0,
0,
0,
0,
12678,
12678,
21130,
37770,
37770,
37770,
37770,
37770,
31431,
14791,
0,
0,
0,
0,
0,
0,
0,
0,
0,
0,
0,
0,
0,
0,
12678,
37770,
12711,
0,
0,
0,
0,
0,
0,
12678,
21130,
21130,
53639,
53639,
37770,
37770,
37770,
37770,
12711,
14791,
0,
0,
0,
0,
0,
0,
0,
0,
0,
0,
12711,
12711,
12678,
21130,
12678,
0,
0,
0,
0,
0,
14758,
52163,
52163,
21130,
64334,
64334,
53671,
37770,
37770,
37770,
21130,
46486,
14791,
0,
0,
0,
0,
0,
0,
0,
0,
12711,
46486,
54938,
54938,
46486,
21130,
12711,
0,
12711,
0,
12711,
64773,
64773,
64334,
21162,
64334,
64334,
64334,
37770,
21162,
37770,
21162,
46486,
12711,
0,
0,
0,
0,
0,
0,
0,
12711,
46486,
54970,
46518,
54970,
54970,
46486,
21130,
12711,
65503,
12711,
21130,
64805,
64805,
64334,
62286,
23178,
64334,
64334,
21162,
21130,
21162,
46486,
46486,
12711,
0,
0,
0,
0,
0,
0,
0,
12678,
65535,
65535,
65535,
21162,
21162,
21162,
46486,
21130,
65535,
63454,
46486,
21162,
21162,
64805,
64805,
52163,
21130,
21162,
46486,
65503,
65503,
46486,
14791,
0,
0,
0,
0,
0,
0,
0,
0,
12678,
65535,
65535,
65535,
21130,
64773,
64773,
21162,
64773,
52195,
65535,
65535,
63454,
21130,
64805,
64773,
21162,
54938,
54938,
54970,
65535,
65535,
54938,
46486,
14791,
0,
0,
0,
0,
0,
0,
0,
12678,
65535,
65535,
65535,
46486,
21162,
64805,
65163,
50411,
37770,
65535,
29614,
23210,
50115,
21162,
21162,
21162,
46518,
54970,
65535,
65535,
65535,
65535,
46486,
12711,
0,
0,
0,
0,
0,
0,
0,
12678,
65535,
46518,
65535,
21162,
64334,
53639,
52195,
64805,
65503,
65535,
65503,
65503,
21130,
53639,
64773,
62725,
21162,
54970,
65535,
65535,
65535,
65535,
54938,
46486,
14791,
0,
0,
0,
0,
0,
0,
0,
12710,
65535,
65535,
65503,
21130,
21130,
64805,
64805,
64805,
64805,
65535,
29614,
21130,
21130,
64805,
64805,
64773,
23211,
65535,
65535,
65535,
65535,
54970,
46486,
12711,
0,
0,
0,
0,
0,
0,
0,
12678,
65535,
65535,
21162,
64334,
53639,
52163,
64805,
64805,
50411,
65535,
65503,
65503,
63454,
23210,
64773,
64334,
51591,
23211,
65535,
65535,
54970,
46518,
46486,
12711,
0,
0,
0,
0,
0,
0,
12711,
65503,
65535,
65535,
21130,
21130,
21130,
64805,
64805,
65195,
37770,
65535,
54970,
46518,
21162,
64773,
64805,
64334,
53639,
21162,
65535,
65535,
65535,
54938,
14791,
0,
0,
0,
0,
0,
0,
0,
12678,
65535,
65535,
65535,
65503,
21130,
64334,
53639,
64805,
65195,
65163,
65535,
65535,
29614,
64773,
64805,
64334,
64805,
52163,
21162,
65535,
65535,
65503,
14791,
0,
0,
0,
0,
0,
0,
0,
0,
12678,
65535,
65535,
65535,
65535,
21130,
21130,
52163,
52163,
64805,
64805,
54970,
65535,
65503,
29582,
64805,
64805,
64805,
29614,
46486,
54970,
65535,
65535,
52889,
14791,
0,
0,
0,
0,
0,
0,
0,
12678,
65535,
65535,
65535,
65535,
65503,
46486,
46486,
21130,
64805,
64805,
52195,
65535,
21162,
64805,
64805,
64805,
64334,
21162,
65535,
65535,
54970,
54970,
54938,
12711,
0,
0,
0,
0,
0,
0,
0,
0,
12710,
65535,
65535,
65535,
65535,
46518,
21162,
64773,
64805,
64805,
52163,
65535,
21130,
64805,
64334,
64805,
64805,
21130,
65535,
65535,
54970,
54938,
46486,
12711,
0,
0,
0,
0,
0,
0,
0,
0,
12678,
65535,
65535,
65535,
65535,
65535,
21130,
64805,
52163,
21162,
52163,
21162,
64773,
64334,
64334,
64805,
29582,
54938,
65535,
54970,
46518,
54938,
14791,
0,
0,
0,
0,
0,
0,
0,
0,
0,
0,
12710,
65535,
65535,
65535,
65535,
21130,
21162,
21130,
54938,
21130,
21130,
52163,
64334,
64334,
52163,
21130,
65535,
65535,
54938,
21130,
14791,
0,
0,
0,
0,
0,
0,
0,
0,
0,
0,
0,
0,
12710,
65535,
65535,
65535,
65503,
46486,
54938,
54970,
46486,
12678,
12678,
53639,
53639,
21130,
65503,
65535,
65535,
65503,
52889,
12711,
0,
0,
0,
0,
0,
0,
0,
0,
0,
0,
0,
0,
0,
12710,
65535,
65535,
46518,
46518,
46518,
46518,
54970,
12678,
0,
12678,
12678,
54938,
65535,
65535,
54970,
46518,
14791,
0,
0,
0,
0,
0,
0,
0,
0,
0,
0,
0,
0,
0,
0,
12678,
65535,
46518,
46518,
65535,
65535,
46518,
12710,
0,
0,
0,
0,
12710,
65535,
65535,
12710,
12710,
0,
0,
0,
0,
0,
0,
0,
0,
0,
0,
0,
0,
0,
0,
0,
12678,
65535,
46518,
65535,
65535,
65535,
65535,
12678,
0,
0,
0,
0,
12678,
65535,
46518,
12678,
0,
0,
0,
0,
0,
0,
0,
0,
0,
0,
0,
0,
0,
0,
0,
0,
0,
12710,
46518,
46518,
65535,
65535,
46518,
12678,
0,
0,
0,
0,
0,
12710,
12710,
0,
0,
0,
0,
0,
0,
0,
0,
0,
0,
0,
0,
0,
0,
0,
0,
0,
0,
0,
12710,
12710,
12710,
12710,
12710,
0,
0,
0,
0,
0,
0,
0,
0,
0,
0,
0,
0,
0,
0,
0,
0,
0,
0,
0,
0,
0,
0,
0,
0,
0,
0,
0,
0,
0,
0,
0,
0,
0,
0,
0,
0,
0,
0,
0,
0,
0,
0,
0,
0,
0,
0,
0,
0,
0,
0,
