2020
0,
0,
0,
0,
0,
0,
0,
0,
0,
0,
0,
0,
0,
0,
0,
0,
0,
0,
0,
0,
12678,
12678,
12711,
0,
0,
0,
0,
0,
0,
0,
0,
0,
0,
0,
0,
0,
0,
0,
0,
0,
0,
0,
0,
0,
0,
0,
0,
0,
0,
12678,
12678,
12710,
55231,
55231,
38559,
12711,
0,
0,
0,
0,
0,
0,
0,
0,
0,
0,
0,
0,
0,
0,
0,
0,
0,
0,
0,
0,
0,
0,
12678,
12678,
12710,
55231,
55231,
38591,
38591,
36218,
55231,
38559,
12711,
0,
0,
0,
0,
0,
0,
0,
0,
0,
0,
0,
0,
0,
0,
0,
0,
0,
0,
0,
0,
12678,
65535,
65535,
55231,
38591,
63013,
63397,
36218,
55231,
55231,
36186,
12711,
0,
0,
0,
0,
0,
0,
0,
0,
0,
0,
0,
0,
0,
0,
0,
0,
0,
0,
0,
12710,
65535,
65535,
55231,
38591,
63397,
63397,
63013,
38591,
55231,
33905,
36218,
55199,
12711,
0,
0,
0,
0,
0,
0,
0,
0,
0,
0,
0,
0,
0,
0,
0,
0,
0,
0,
0,
12678,
21162,
33905,
63397,
63397,
63013,
36218,
55231,
33905,
63397,
33905,
55199,
12711,
0,
0,
0,
0,
0,
0,
0,
0,
0,
0,
0,
0,
12711,
0,
0,
12711,
0,
0,
0,
0,
12710,
63397,
63397,
63013,
55231,
55231,
33905,
63013,
63397,
48631,
55199,
12711,
0,
0,
0,
0,
0,
0,
0,
0,
0,
0,
0,
12710,
65503,
12678,
12710,
65503,
12711,
0,
0,
12678,
63397,
63013,
38591,
55231,
55231,
55231,
33905,
33905,
48631,
55231,
38559,
12711,
0,
0,
0,
0,
0,
0,
0,
0,
0,
0,
0,
12710,
48631,
36186,
21162,
48599,
12678,
0,
0,
12678,
12678,
12710,
36218,
55231,
55231,
55231,
33905,
38591,
55231,
38559,
12711,
0,
0,
0,
0,
0,
0,
0,
0,
0,
0,
0,
12710,
38591,
55231,
55231,
38591,
55231,
38559,
12711,
0,
0,
0,
12710,
55231,
55231,
55231,
36218,
36218,
38591,
36218,
36186,
12678,
0,
0,
0,
0,
0,
0,
0,
0,
0,
0,
0,
0,
12710,
55231,
55231,
38591,
38591,
55231,
38559,
12711,
0,
0,
12710,
65535,
65535,
55231,
36218,
21130,
12710,
36218,
36186,
12711,
0,
0,
0,
0,
0,
0,
0,
0,
0,
0,
0,
0,
0,
12710,
55231,
55231,
38591,
55231,
38559,
12711,
0,
12710,
55231,
65535,
65535,
36186,
21130,
12711,
0,
12678,
12711,
0,
0,
0,
0,
0,
0,
0,
0,
0,
0,
0,
0,
0,
12710,
65535,
65535,
55231,
55231,
38591,
36186,
12678,
12678,
12678,
65535,
65535,
36186,
21130,
12711,
0,
12678,
12711,
0,
0,
0,
0,
0,
0,
0,
0,
0,
0,
0,
0,
0,
0,
0,
12678,
12710,
65535,
65535,
38591,
36186,
21162,
33905,
21162,
65535,
38559,
21162,
33873,
12678,
12710,
36186,
12678,
12711,
0,
0,
0,
0,
0,
0,
0,
0,
0,
0,
0,
0,
0,
0,
0,
0,
12678,
12678,
55231,
21130,
33905,
21162,
65535,
65535,
21162,
27469,
27501,
33905,
21162,
27501,
36186,
12711,
0,
0,
0,
0,
0,
0,
0,
0,
0,
0,
0,
0,
0,
0,
0,
0,
0,
0,
12678,
27501,
33905,
21162,
65535,
21162,
27501,
33905,
21130,
21130,
21162,
27469,
12711,
0,
0,
0,
0,
0,
0,
0,
0,
0,
0,
0,
0,
0,
0,
0,
0,
0,
0,
0,
12678,
33905,
33905,
27469,
21162,
33873,
27469,
21130,
36218,
36186,
21130,
12678,
27469,
12678,
12711,
0,
0,
0,
0,
0,
0,
0,
0,
0,
0,
0,
0,
0,
0,
0,
0,
12678,
27501,
33905,
33905,
33905,
33905,
27469,
55231,
38591,
38591,
38591,
38559,
12678,
12710,
65503,
12711,
0,
0,
0,
0,
0,
0,
0,
0,
0,
0,
0,
0,
0,
0,
0,
0,
12710,
33905,
33905,
33905,
33905,
21130,
55231,
38591,
55231,
38559,
21130,
21162,
27501,
33873,
12678,
0,
0,
0,
0,
0,
0,
0,
0,
0,
0,
0,
0,
0,
0,
0,
0,
0,
12710,
33905,
33905,
21130,
21162,
55231,
55231,
38591,
55231,
21130,
27501,
33905,
33905,
33905,
65503,
12711,
0,
0,
0,
0,
0,
0,
0,
0,
0,
0,
0,
0,
0,
0,
12678,
12678,
21162,
33905,
21162,
55231,
55231,
65535,
38591,
55231,
55231,
21130,
33905,
33905,
21130,
12678,
12711,
0,
0,
0,
0,
0,
0,
0,
0,
0,
0,
0,
0,
0,
12678,
12711,
33905,
33905,
27469,
21162,
55231,
65535,
65535,
38591,
38591,
55231,
55231,
55231,
21162,
27469,
12711,
0,
0,
0,
0,
12678,
12711,
0,
0,
0,
0,
0,
0,
0,
0,
12710,
55231,
27469,
33905,
33905,
33905,
27469,
21162,
65535,
38591,
55231,
55231,
38591,
55231,
55231,
21162,
33905,
21130,
12711,
0,
0,
12710,
55231,
12678,
12711,
0,
0,
0,
0,
0,
0,
0,
12710,
55231,
27501,
55231,
36186,
27469,
21162,
65535,
65535,
38591,
55231,
55231,
55231,
38591,
55231,
21162,
33905,
33905,
33873,
12711,
0,
12678,
21162,
55199,
12711,
0,
0,
0,
0,
0,
0,
12678,
12710,
55231,
38591,
38591,
27501,
33873,
21162,
65535,
38591,
55231,
55231,
36218,
36218,
36218,
55231,
21162,
27469,
27501,
33873,
12678,
12678,
27501,
33873,
12711,
0,
0,
0,
0,
0,
0,
0,
12710,
55198,
33905,
55199,
27501,
33905,
21162,
55199,
36218,
36218,
36218,
36218,
36186,
33905,
63014,
36218,
21162,
33905,
33905,
27501,
33905,
33905,
33905,
27469,
12711,
0,
0,
0,
0,
0,
0,
0,
12678,
12678,
12710,
55231,
55231,
27469,
21162,
36218,
36218,
33905,
63013,
36218,
36218,
33905,
33905,
36218,
12710,
33905,
33905,
33905,
21130,
21130,
33905,
27469,
55199,
12711,
0,
0,
0,
0,
0,
0,
0,
0,
12678,
12711,
38591,
38591,
38559,
12711,
36218,
33905,
33905,
36186,
12678,
21130,
55231,
12678,
0,
12678,
12678,
21162,
33905,
33873,
12678,
12678,
12711,
0,
0,
0,
0,
0,
0,
0,
0,
0,
12710,
55199,
12678,
12678,
12711,
0,
12711,
53150,
21130,
12711,
0,
12710,
65503,
12678,
0,
0,
0,
12678,
12678,
12743,
0,
0,
0,
0,
0,
0,
0,
0,
0,
0,
0,
0,
12678,
12711,
0,
0,
0,
0,
12710,
63455,
12678,
0,
0,
0,
12678,
0,
0,
0,
0,
0,
0,
0,
0,
0,
0,
0,
0,
0,
0,
0,
0,
0,
0,
0,
0,
0,
0,
0,
0,
0,
0,
14791,
0,
0,
0,
0,
0,
0,
0,
0,
0,
0,
0,
0,
0,
0,
0,
0,
0,
0,
0,
0,
0,
0,
0,
0,
0,
0,
0,
0,
0,
0,
0,
0,
0,
0,
0,
0,
0,
0,
0,
0,
0,
0,
0,
0,
0,
0,
0,
0,
0,
0,
0,
