2020
0,
0,
0,
0,
0,
0,
0,
0,
0,
0,
0,
0,
0,
0,
0,
0,
0,
0,
0,
0,
0,
0,
0,
0,
0,
0,
0,
0,
0,
0,
0,
0,
0,
0,
0,
0,
0,
0,
0,
0,
0,
0,
0,
0,
0,
0,
0,
0,
0,
0,
0,
0,
0,
0,
0,
0,
0,
0,
0,
0,
0,
0,
0,
0,
0,
0,
0,
0,
0,
0,
0,
0,
0,
0,
0,
0,
0,
0,
0,
0,
0,
0,
0,
0,
0,
0,
0,
0,
0,
0,
0,
0,
0,
0,
0,
0,
0,
0,
0,
0,
0,
0,
0,
0,
12678,
12678,
12711,
0,
0,
0,
0,
0,
0,
0,
0,
0,
0,
0,
0,
0,
0,
0,
0,
0,
0,
0,
0,
0,
0,
0,
0,
0,
0,
0,
0,
0,
12710,
65524,
65492,
12678,
12711,
0,
0,
0,
0,
0,
0,
0,
0,
0,
0,
0,
0,
0,
0,
0,
0,
0,
0,
0,
0,
0,
0,
0,
0,
0,
0,
0,
0,
12678,
21162,
65492,
63444,
12711,
0,
0,
12711,
14791,
0,
0,
0,
0,
0,
0,
0,
0,
0,
0,
0,
0,
0,
0,
0,
0,
0,
0,
0,
0,
0,
12711,
12678,
54024,
41578,
21162,
56810,
65492,
12678,
12710,
65524,
65492,
12711,
0,
0,
0,
0,
0,
0,
0,
0,
0,
0,
0,
0,
0,
0,
0,
0,
0,
0,
0,
12711,
54024,
54024,
54024,
54024,
54024,
41578,
56810,
65524,
65524,
65524,
60560,
12711,
0,
0,
12711,
14791,
0,
0,
0,
0,
0,
0,
0,
0,
0,
0,
0,
0,
0,
0,
12711,
54024,
54024,
21130,
41546,
54024,
54024,
54024,
54024,
54056,
65524,
65524,
65492,
12711,
0,
12743,
21596,
30238,
12710,
12710,
14791,
0,
0,
0,
0,
0,
0,
0,
0,
0,
0,
0,
0,
12678,
21130,
54024,
54024,
54024,
54024,
21130,
21162,
65502,
21162,
14790,
65492,
21595,
14791,
63444,
30271,
19317,
56810,
21596,
12711,
0,
0,
0,
0,
0,
0,
0,
0,
0,
0,
0,
0,
12678,
54024,
54024,
54024,
21130,
21162,
21628,
21628,
19317,
65535,
65535,
30271,
30271,
30271,
30271,
30271,
30271,
21130,
21130,
12678,
12711,
0,
0,
0,
0,
0,
0,
0,
0,
0,
0,
12711,
54024,
54024,
54024,
21130,
19285,
21628,
21628,
21628,
21162,
19317,
21628,
30271,
30271,
30271,
30271,
21628,
65524,
65524,
65524,
21596,
12711,
0,
0,
0,
0,
0,
0,
0,
0,
0,
0,
12678,
54024,
54024,
54024,
21130,
21596,
21628,
21628,
21162,
21628,
30271,
30239,
12710,
21628,
65524,
65524,
65524,
65524,
56778,
12678,
12711,
0,
0,
0,
0,
0,
0,
0,
0,
0,
0,
0,
0,
12678,
54024,
54024,
54024,
21130,
21628,
19285,
21130,
41546,
21130,
12743,
0,
12711,
30271,
65524,
65524,
21130,
12711,
0,
0,
0,
0,
0,
0,
0,
0,
0,
0,
0,
0,
0,
12711,
54024,
54024,
54024,
21130,
21596,
21628,
21596,
21130,
41546,
12711,
0,
0,
0,
12710,
65524,
56778,
21130,
12678,
12711,
0,
0,
0,
0,
0,
0,
0,
0,
0,
0,
0,
0,
12678,
54024,
12678,
12678,
21596,
21628,
21628,
19285,
41546,
12711,
0,
0,
0,
12710,
65524,
65524,
21130,
21162,
21596,
12711,
0,
0,
0,
0,
0,
0,
0,
0,
0,
0,
0,
0,
0,
12678,
0,
12678,
19285,
21628,
19285,
41546,
41546,
21130,
12711,
0,
12678,
21162,
65524,
65524,
65524,
56778,
12711,
0,
0,
0,
0,
0,
0,
0,
0,
0,
0,
0,
0,
0,
0,
0,
12711,
21596,
21596,
21628,
19285,
41546,
41546,
41546,
54024,
12710,
30271,
30239,
12710,
65524,
65524,
65492,
12678,
12678,
12711,
0,
0,
0,
0,
0,
0,
0,
0,
0,
0,
0,
0,
0,
12678,
21628,
21628,
21628,
19285,
19285,
41546,
12678,
12678,
30239,
30239,
12711,
0,
12678,
12710,
56810,
63444,
21595,
12711,
0,
0,
0,
0,
0,
0,
0,
0,
0,
0,
0,
0,
0,
0,
12678,
19285,
19285,
21596,
21596,
12678,
0,
12678,
30271,
30239,
12711,
0,
0,
0,
12710,
12710,
12743,
0,
0,
0,
0,
0,
0,
0,
0,
0,
0,
0,
0,
0,
0,
0,
0,
12678,
21596,
21628,
12678,
0,
0,
0,
12710,
30271,
21596,
12711,
0,
0,
0,
0,
0,
0,
0,
0,
0,
0,
0,
0,
0,
0,
0,
0,
0,
0,
0,
0,
0,
0,
12678,
12678,
0,
0,
0,
12711,
30239,
65535,
30271,
21596,
12711,
0,
0,
0,
0,
0,
0,
0,
0,
0,
0,
0,
0,
0,
0,
0,
0,
0,
0,
0,
0,
0,
0,
0,
0,
0,
12711,
30239,
30271,
65535,
30271,
30271,
12711,
0,
0,
0,
0,
0,
0,
0,
0,
0,
0,
0,
0,
0,
0,
0,
0,
0,
0,
0,
0,
0,
0,
0,
0,
0,
12678,
30271,
65535,
30271,
30271,
30271,
12711,
0,
0,
0,
0,
0,
0,
0,
0,
0,
0,
0,
0,
0,
0,
0,
0,
0,
0,
0,
0,
0,
0,
0,
0,
0,
12678,
30271,
30271,
30271,
30271,
21628,
12678,
0,
0,
0,
0,
0,
0,
0,
0,
0,
0,
0,
0,
0,
0,
0,
0,
0,
0,
0,
0,
0,
0,
0,
0,
0,
0,
12710,
30271,
65535,
21628,
12678,
0,
0,
0,
0,
0,
0,
0,
0,
0,
0,
0,
0,
0,
0,
0,
0,
0,
0,
0,
0,
0,
0,
0,
0,
0,
0,
12711,
30239,
30271,
12710,
12678,
0,
0,
0,
0,
0,
0,
0,
0,
0,
0,
0,
0,
0,
0,
0,
0,
0,
0,
0,
0,
0,
0,
0,
0,
0,
0,
0,
0,
12710,
12710,
0,
0,
0,
0,
0,
0,
0,
0,
0,
0,
0,
0,
0,
0,
0,
0,
0,
0,
0,
0,
0,
0,
0,
0,
0,
0,
0,
0,
0,
0,
0,
0,
0,
0,
0,
0,
0,
0,
0,
0,
0,
0,
0,
0,
0,
0,
0,
0,
0,
0,
0,
0,
0,
0,
0,
0,
0,
0,
0,
0,
0,
0,
0,
0,
0,
0,
0,
0,
0,
0,
0,
0,
0,
0,
0,
0,
0,
0,
0,
0,
0,
0,
0,
0,
0,
0,
0,
0,
0,
0,
0,
0,
0,
0,
0,
0,
0,
0,
0,
0,
0,
0,
0,
0,
0,
0,
0,
0,
0,
0,
0,
0,
0,
0,
0,
0,
0,
0,
0,
0,
0,
0,
0,
0,
0,
0,
0,
0,
0,
0,
0,
0,
0,
0,
0,
0,
0,
0,
0,
0,
0,
0,
0,
