2020
0,
0,
0,
0,
0,
0,
0,
0,
0,
0,
0,
0,
0,
0,
0,
0,
0,
0,
0,
0,
0,
0,
0,
0,
0,
0,
0,
0,
0,
0,
0,
0,
0,
0,
0,
0,
0,
0,
0,
0,
0,
0,
0,
0,
0,
0,
0,
0,
0,
0,
0,
0,
0,
0,
0,
0,
0,
0,
0,
0,
0,
0,
0,
0,
0,
0,
0,
0,
0,
0,
0,
0,
0,
0,
0,
0,
0,
0,
0,
0,
0,
0,
0,
0,
0,
0,
0,
0,
0,
0,
0,
0,
0,
0,
0,
0,
0,
0,
0,
0,
0,
0,
0,
0,
0,
0,
0,
0,
0,
0,
0,
0,
0,
0,
0,
0,
0,
0,
0,
0,
0,
0,
0,
0,
0,
0,
0,
0,
0,
0,
0,
0,
0,
0,
0,
0,
0,
0,
0,
0,
0,
0,
0,
0,
0,
0,
0,
0,
0,
0,
0,
0,
0,
0,
0,
0,
0,
0,
0,
0,
0,
0,
0,
0,
0,
0,
0,
0,
0,
0,
0,
0,
0,
0,
0,
0,
0,
14791,
14791,
0,
0,
0,
0,
0,
0,
0,
0,
0,
0,
0,
0,
0,
0,
0,
0,
0,
0,
0,
0,
0,
0,
0,
0,
0,
0,
0,
0,
0,
14791,
54682,
12678,
0,
0,
0,
0,
0,
0,
0,
0,
0,
0,
0,
0,
0,
0,
0,
0,
0,
0,
0,
0,
0,
0,
0,
0,
14791,
14791,
0,
0,
14791,
54682,
29364,
12678,
0,
0,
0,
0,
0,
0,
0,
0,
0,
0,
0,
0,
0,
0,
0,
0,
0,
0,
0,
0,
0,
0,
0,
14791,
57994,
57994,
14791,
0,
12678,
29364,
12678,
0,
0,
0,
0,
0,
0,
0,
0,
0,
0,
0,
0,
0,
0,
0,
0,
0,
0,
0,
0,
0,
0,
0,
14791,
44057,
21130,
44057,
65503,
14791,
29332,
29332,
12678,
0,
0,
0,
0,
0,
0,
0,
0,
0,
0,
0,
0,
0,
0,
0,
0,
0,
0,
0,
0,
14791,
14791,
0,
12678,
21130,
44057,
21130,
44089,
65503,
21130,
29332,
12678,
0,
0,
0,
14791,
0,
0,
0,
0,
0,
0,
0,
0,
0,
0,
0,
0,
0,
0,
0,
14791,
54682,
35727,
14791,
35607,
44057,
44089,
21130,
44089,
48630,
21130,
12678,
0,
0,
0,
14791,
35607,
14791,
14791,
0,
0,
0,
0,
0,
0,
0,
0,
0,
0,
0,
0,
14791,
54682,
12710,
35727,
21130,
44057,
44089,
44089,
21130,
44089,
65535,
21130,
35607,
14791,
0,
14791,
35607,
35607,
21130,
54682,
14791,
0,
0,
0,
0,
0,
0,
0,
0,
0,
0,
0,
12678,
54714,
54682,
35727,
21130,
44089,
44089,
21130,
44057,
44089,
64492,
21130,
29332,
12678,
0,
12678,
35607,
29332,
21130,
35759,
12678,
0,
0,
0,
0,
0,
0,
0,
0,
0,
0,
0,
12678,
54714,
54714,
54682,
35727,
21130,
44089,
21130,
44089,
64722,
57994,
21130,
44057,
29332,
14791,
35607,
35607,
12678,
29332,
29332,
12678,
0,
0,
0,
0,
0,
0,
0,
0,
0,
0,
0,
12678,
21162,
54714,
54714,
35727,
21130,
21130,
44057,
44089,
58026,
64460,
21130,
29332,
44057,
21130,
21130,
12678,
0,
12678,
12678,
0,
0,
0,
0,
0,
0,
0,
0,
0,
0,
0,
0,
0,
12678,
35639,
54714,
35727,
21130,
21130,
44089,
57994,
64460,
21130,
44057,
44057,
35607,
21130,
35607,
35607,
14791,
0,
0,
0,
0,
0,
0,
0,
0,
0,
0,
0,
0,
0,
0,
0,
12678,
44057,
35639,
21130,
21130,
21130,
44089,
35607,
35607,
21130,
54682,
44089,
44057,
21130,
35607,
35607,
29332,
14791,
0,
0,
0,
0,
0,
0,
0,
0,
0,
0,
0,
0,
0,
0,
12678,
44089,
35607,
44057,
21130,
21130,
21130,
35607,
21130,
54682,
21162,
54682,
21130,
12678,
21130,
21130,
29332,
12678,
0,
0,
0,
0,
0,
0,
0,
0,
0,
0,
0,
0,
0,
0,
12678,
44089,
35607,
44089,
21130,
21130,
21130,
21130,
12678,
12710,
35607,
12710,
12678,
0,
12678,
44057,
21130,
21130,
14791,
0,
0,
0,
0,
0,
0,
0,
0,
0,
0,
0,
0,
0,
0,
12678,
35607,
35607,
44057,
44057,
21130,
12678,
0,
12678,
35607,
12678,
0,
0,
12678,
44089,
44057,
44057,
12678,
0,
0,
14791,
0,
0,
0,
0,
0,
0,
0,
0,
0,
0,
0,
12678,
44057,
35607,
35607,
35607,
12678,
0,
0,
0,
12678,
29332,
14791,
0,
0,
12678,
44089,
44089,
44057,
14791,
14791,
35607,
14791,
0,
0,
0,
0,
0,
0,
0,
0,
0,
0,
12678,
44089,
44057,
44057,
35607,
12678,
0,
0,
0,
12678,
21130,
35607,
14791,
14791,
0,
12678,
44089,
21130,
35607,
35607,
54682,
12678,
0,
0,
0,
0,
0,
0,
0,
0,
0,
0,
12678,
44089,
44089,
44089,
35607,
12678,
0,
0,
14791,
44057,
44057,
35607,
35607,
35607,
14791,
0,
12678,
12678,
35607,
35607,
54714,
12678,
0,
0,
0,
0,
0,
0,
0,
0,
0,
0,
0,
12678,
44089,
44089,
12678,
0,
0,
0,
0,
12678,
12678,
44057,
44057,
29332,
29332,
14791,
0,
0,
12678,
12678,
35639,
12678,
0,
0,
0,
0,
0,
0,
0,
0,
0,
0,
0,
0,
12678,
12678,
12678,
0,
0,
0,
0,
0,
0,
12678,
12678,
29332,
54682,
54682,
14791,
0,
0,
0,
12678,
0,
0,
0,
0,
0,
0,
0,
0,
0,
0,
0,
0,
0,
0,
0,
0,
0,
0,
0,
0,
0,
0,
0,
0,
12678,
12710,
12710,
12678,
0,
0,
0,
0,
0,
0,
0,
0,
0,
0,
0,
0,
0,
0,
0,
0,
0,
0,
0,
0,
0,
0,
0,
0,
0,
0,
0,
0,
0,
0,
0,
0,
0,
0,
0,
0,
0,
0,
0,
0,
0,
0,
0,
0,
0,
0,
0,
0,
0,
0,
0,
0,
0,
0,
0,
0,
0,
0,
0,
0,
0,
0,
0,
0,
0,
0,
0,
0,
0,
0,
0,
0,
0,
0,
0,
0,
0,
0,
0,
0,
0,
0,
0,
0,
0,
0,
0,
0,
0,
0,
0,
0,
0,
0,
0,
0,
0,
0,
0,
0,
0,
0,
0,
0,
0,
0,
0,
0,
0,
0,
0,
0,
0,
0,
0,
0,
0,
0,
0,
0,
0,
0,
0,
0,
0,
0,
0,
0,
0,
0,
0,
0,
0,
0,
0,
0,
0,
0,
0,
0,
0,
0,
0,
0,
0,
0,
0,
0,
0,
0,
0,
0,
0,
0,
0,
0,
0,
0,
0,
0,
0,
0,
0,
0,
0,
0,
0,
0,
0,
