2020
0,
0,
0,
0,
0,
0,
0,
0,
0,
0,
0,
0,
0,
0,
0,
0,
0,
0,
0,
0,
0,
0,
0,
0,
0,
0,
0,
0,
0,
0,
0,
0,
0,
0,
0,
0,
0,
0,
0,
0,
0,
0,
0,
0,
0,
0,
0,
0,
0,
0,
0,
0,
0,
0,
0,
0,
0,
0,
0,
0,
0,
0,
0,
0,
0,
0,
0,
0,
0,
0,
0,
0,
0,
0,
0,
0,
0,
0,
0,
0,
0,
0,
0,
0,
0,
0,
0,
0,
0,
0,
0,
0,
0,
0,
0,
0,
0,
0,
0,
0,
0,
0,
0,
0,
0,
0,
0,
0,
0,
0,
0,
0,
0,
0,
0,
0,
0,
0,
0,
0,
0,
0,
0,
0,
0,
0,
0,
0,
0,
0,
0,
0,
0,
0,
0,
0,
0,
0,
0,
0,
0,
0,
0,
0,
0,
0,
0,
0,
0,
0,
0,
0,
0,
0,
0,
0,
0,
0,
0,
0,
0,
0,
0,
0,
0,
0,
0,
0,
0,
0,
0,
0,
0,
0,
0,
0,
0,
0,
0,
0,
0,
0,
0,
0,
0,
0,
0,
0,
0,
0,
0,
0,
0,
0,
0,
0,
0,
0,
0,
0,
0,
0,
0,
0,
0,
0,
0,
0,
0,
0,
0,
0,
0,
0,
0,
0,
0,
0,
0,
0,
0,
0,
0,
0,
0,
0,
0,
0,
0,
0,
0,
0,
0,
0,
0,
0,
0,
0,
0,
0,
0,
0,
0,
0,
0,
0,
0,
0,
0,
0,
0,
0,
0,
0,
0,
0,
0,
0,
0,
0,
0,
0,
0,
0,
0,
0,
0,
0,
0,
0,
0,
0,
12678,
0,
0,
0,
0,
0,
0,
0,
0,
0,
0,
0,
0,
0,
0,
0,
0,
0,
0,
0,
0,
0,
0,
0,
0,
0,
0,
0,
0,
0,
0,
12710,
44372,
12711,
0,
0,
0,
0,
0,
0,
0,
0,
0,
0,
0,
0,
0,
0,
0,
0,
0,
0,
0,
0,
0,
0,
0,
0,
0,
0,
0,
0,
0,
12710,
42259,
12646,
12711,
0,
0,
0,
0,
0,
0,
0,
0,
0,
0,
0,
0,
0,
0,
0,
0,
0,
10597,
10597,
12711,
0,
0,
0,
0,
0,
0,
0,
10597,
12710,
27501,
40146,
44372,
12678,
0,
0,
0,
0,
0,
0,
0,
0,
0,
0,
0,
0,
0,
0,
0,
12678,
31498,
31498,
31498,
12678,
12711,
0,
0,
0,
0,
12710,
54938,
65535,
44372,
62548,
21162,
31695,
12711,
0,
12711,
0,
12711,
0,
0,
0,
0,
0,
0,
0,
0,
0,
0,
12678,
25192,
23143,
31498,
29417,
29582,
12678,
0,
0,
12710,
42259,
42259,
44404,
40178,
42259,
44372,
19049,
61309,
12710,
40178,
12678,
25224,
12678,
0,
0,
0,
0,
0,
0,
0,
0,
0,
12678,
29385,
27305,
31498,
29385,
27501,
31695,
10597,
10597,
21162,
40178,
40178,
54970,
59164,
59164,
44372,
40146,
19049,
31498,
19017,
19049,
25224,
12678,
0,
0,
0,
0,
0,
0,
0,
0,
0,
12678,
25224,
25224,
31498,
31530,
31695,
50001,
50033,
31727,
44404,
44404,
54970,
65503,
12678,
12710,
65535,
44372,
21162,
37772,
21162,
44372,
21130,
12711,
0,
0,
0,
0,
0,
0,
0,
0,
0,
0,
12678,
27337,
31498,
19049,
19049,
21162,
29582,
29582,
21162,
42259,
29614,
54970,
59228,
61277,
31727,
40178,
21129,
31498,
19017,
19049,
12711,
0,
12710,
0,
0,
0,
0,
0,
0,
0,
0,
0,
0,
10597,
21130,
35659,
33579,
37772,
19049,
19017,
50033,
40178,
40178,
31695,
27501,
19049,
44372,
19049,
35659,
31498,
19017,
29582,
21130,
10597,
35691,
12711,
0,
0,
0,
0,
0,
0,
0,
0,
0,
12710,
37772,
25224,
25256,
37804,
64596,
64628,
44372,
12678,
12678,
12678,
12678,
21162,
44372,
21162,
37772,
21162,
31695,
44404,
44372,
21130,
31498,
12711,
0,
0,
0,
0,
0,
0,
0,
0,
0,
10597,
25224,
25224,
33611,
37772,
35659,
40178,
12678,
0,
0,
0,
0,
12646,
21162,
29385,
12678,
31727,
40178,
42291,
44372,
19049,
35692,
12711,
0,
0,
0,
0,
0,
0,
0,
0,
0,
0,
12710,
35659,
33579,
37772,
10597,
12678,
0,
0,
0,
0,
0,
0,
12678,
12678,
0,
12710,
40146,
40178,
21130,
10597,
12710,
0,
0,
0,
0,
0,
0,
0,
0,
0,
0,
0,
0,
12678,
12678,
12711,
0,
0,
0,
0,
0,
0,
0,
0,
0,
0,
12710,
31695,
21130,
12678,
12711,
0,
0,
0,
0,
0,
0,
0,
0,
0,
0,
0,
0,
0,
0,
0,
0,
0,
0,
0,
0,
0,
0,
0,
0,
0,
0,
0,
12678,
31695,
10597,
0,
0,
0,
0,
0,
0,
0,
0,
0,
0,
0,
0,
0,
0,
0,
0,
0,
0,
0,
0,
0,
0,
0,
0,
0,
0,
0,
0,
0,
0,
12711,
0,
0,
0,
0,
0,
0,
0,
0,
0,
0,
0,
0,
0,
0,
0,
0,
0,
0,
0,
0,
0,
0,
0,
0,
0,
0,
0,
0,
0,
0,
0,
0,
0,
0,
0,
0,
0,
0,
0,
0,
0,
0,
0,
0,
0,
0,
0,
0,
0,
0,
0,
0,
0,
0,
0,
0,
0,
0,
0,
0,
0,
0,
0,
0,
0,
0,
0,
0,
0,
0,
0,
0,
0,
0,
0,
0,
0,
0,
0,
0,
0,
0,
0,
0,
0,
0,
0,
0,
0,
0,
0,
0,
0,
0,
0,
0,
0,
0,
0,
0,
0,
0,
0,
0,
0,
0,
0,
0,
0,
0,
0,
0,
0,
0,
0,
0,
0,
0,
0,
0,
0,
0,
0,
0,
0,
0,
0,
0,
0,
0,
0,
0,
0,
0,
0,
0,
0,
0,
0,
0,
0,
0,
0,
0,
0,
0,
0,
0,
0,
0,
0,
0,
0,
0,
0,
0,
0,
0,
0,
0,
0,
0,
0,
0,
0,
0,
0,
0,
0,
0,
0,
0,
0,
0,
0,
0,
0,
0,
0,
0,
0,
0,
0,
0,
0,
0,
0,
0,
0,
0,
0,
0,
0,
0,
0,
0,
0,
0,
0,
0,
0,
0,
0,
0,
0,
0,
0,
0,
0,
0,
0,
0,
0,
0,
0,
0,
0,
0,
0,
0,
0,
0,
0,
0,
0,
0,
0,
0,
0,
0,
0,
0,
0,
0,
0,
0,
0,
0,
0,
0,
0,
0,
0,
0,
0,
0,
0,
0,
0,
0,
0,
0,
0,
0,
0,
0,
0,
0,
0,
0,
0,
0,
0,
0,
0,
0,
