2020
0,
0,
0,
0,
0,
0,
0,
0,
0,
0,
0,
0,
0,
0,
0,
0,
0,
0,
0,
0,
0,
0,
0,
0,
0,
0,
0,
0,
0,
0,
0,
0,
0,
0,
0,
0,
0,
0,
0,
0,
0,
0,
0,
0,
0,
0,
0,
0,
12678,
12711,
0,
0,
0,
0,
0,
0,
0,
0,
0,
0,
0,
0,
0,
0,
0,
0,
0,
0,
0,
0,
0,
0,
0,
0,
0,
0,
0,
0,
12678,
12678,
21130,
21130,
12710,
0,
0,
0,
0,
0,
0,
0,
0,
0,
0,
0,
0,
0,
0,
0,
0,
0,
0,
0,
0,
0,
0,
0,
0,
0,
0,
12645,
43623,
56843,
19049,
12711,
0,
0,
0,
0,
0,
0,
0,
0,
0,
0,
0,
0,
0,
0,
0,
0,
0,
0,
0,
0,
0,
0,
0,
0,
0,
0,
12678,
58314,
58314,
41543,
63180,
12711,
0,
0,
0,
0,
0,
0,
0,
0,
0,
0,
0,
0,
0,
0,
0,
0,
0,
0,
0,
0,
0,
0,
0,
0,
0,
12710,
56234,
58314,
58314,
56234,
51910,
51910,
12710,
0,
0,
0,
0,
0,
0,
0,
0,
0,
0,
0,
0,
0,
0,
0,
0,
0,
0,
0,
0,
0,
0,
0,
12645,
58314,
52073,
54153,
49862,
10597,
25388,
56234,
12678,
0,
0,
0,
0,
12678,
12678,
0,
0,
0,
0,
0,
0,
0,
0,
0,
0,
0,
0,
0,
0,
0,
0,
0,
12678,
58314,
56233,
58314,
51942,
52859,
65503,
58346,
33840,
12678,
12711,
0,
12678,
21130,
12710,
0,
0,
0,
0,
0,
0,
0,
0,
0,
0,
0,
0,
0,
0,
0,
0,
12678,
56234,
58314,
54153,
49862,
65260,
50438,
27469,
58314,
54153,
35921,
27469,
12678,
54598,
12711,
0,
0,
0,
0,
0,
0,
0,
0,
0,
0,
0,
0,
0,
0,
0,
0,
0,
12645,
54153,
58314,
52073,
19049,
21130,
25323,
54153,
56266,
52073,
54185,
33840,
19017,
52518,
12710,
0,
0,
0,
0,
0,
0,
0,
0,
0,
0,
0,
0,
0,
0,
0,
0,
12710,
56234,
58314,
51910,
49830,
58314,
58314,
56233,
58314,
58346,
33840,
58314,
35921,
33840,
12711,
0,
0,
0,
0,
0,
0,
0,
0,
0,
0,
0,
0,
0,
0,
0,
0,
0,
12710,
54185,
56234,
12678,
47782,
56234,
58314,
54153,
58314,
58346,
33808,
35921,
35921,
33808,
12711,
0,
0,
0,
0,
0,
0,
0,
0,
0,
0,
0,
0,
0,
0,
0,
0,
12645,
58314,
10597,
12678,
0,
12645,
54153,
56266,
52073,
54153,
43591,
39462,
33808,
33840,
19017,
12710,
0,
10597,
12678,
12678,
0,
0,
0,
0,
0,
0,
0,
0,
0,
0,
0,
0,
12678,
12711,
0,
0,
0,
12678,
58314,
58314,
56266,
43623,
58314,
56266,
21162,
35953,
35921,
27469,
12678,
12678,
27469,
12711,
0,
0,
0,
0,
0,
0,
0,
0,
0,
0,
0,
0,
0,
0,
0,
0,
0,
12678,
56234,
58314,
41510,
58314,
58314,
54153,
56266,
21130,
33808,
35921,
21162,
50438,
12678,
27469,
12646,
0,
0,
0,
0,
0,
0,
0,
0,
0,
0,
0,
0,
0,
0,
0,
0,
12645,
54153,
56266,
39430,
54185,
56266,
52073,
54185,
21130,
31727,
35921,
21129,
48325,
63148,
10597,
10597,
0,
0,
0,
0,
0,
0,
0,
0,
0,
0,
0,
0,
0,
0,
0,
0,
0,
12710,
58314,
43591,
58314,
58314,
56266,
58314,
58346,
35921,
21162,
54630,
52550,
12711,
0,
0,
0,
0,
0,
0,
0,
0,
0,
0,
0,
0,
0,
0,
0,
0,
0,
0,
0,
12678,
35921,
52073,
43591,
58314,
52073,
56234,
56234,
10597,
12678,
52550,
12678,
0,
0,
0,
0,
0,
0,
0,
0,
0,
0,
0,
0,
0,
0,
0,
12678,
10597,
10597,
12711,
0,
12678,
35921,
52073,
41543,
56266,
25323,
54153,
12710,
0,
12678,
25388,
12678,
0,
0,
0,
0,
0,
0,
0,
0,
0,
0,
0,
0,
0,
0,
12678,
27469,
27469,
27469,
21130,
12678,
35921,
35953,
35921,
43623,
58314,
27469,
27469,
12711,
0,
0,
12678,
12711,
0,
0,
0,
0,
0,
0,
0,
0,
0,
0,
0,
0,
0,
0,
0,
12678,
19049,
21130,
27469,
19049,
33840,
27469,
33775,
56234,
21130,
25356,
27469,
12711,
0,
0,
0,
0,
0,
0,
0,
0,
0,
0,
0,
0,
0,
0,
0,
0,
0,
0,
12677,
65228,
56875,
43975,
21130,
19017,
19049,
35921,
31727,
25388,
21130,
23275,
12710,
0,
0,
0,
0,
0,
0,
0,
0,
0,
0,
0,
0,
0,
0,
0,
0,
0,
0,
12678,
27469,
27469,
27469,
21162,
27469,
27469,
21162,
35953,
27469,
12678,
12678,
27469,
12711,
0,
0,
0,
0,
0,
0,
0,
0,
0,
0,
0,
0,
0,
0,
0,
0,
0,
12678,
58955,
61035,
48136,
19049,
61067,
21162,
25356,
19049,
12678,
12678,
0,
12678,
25356,
12710,
0,
0,
0,
0,
0,
0,
0,
0,
0,
0,
0,
0,
0,
0,
0,
0,
10597,
27469,
25356,
25356,
21162,
25356,
58955,
21162,
25324,
25356,
12711,
0,
0,
0,
12678,
0,
0,
0,
0,
0,
0,
0,
0,
0,
0,
0,
0,
0,
0,
0,
0,
0,
12678,
65260,
48136,
21130,
65260,
27501,
65228,
21162,
27469,
12711,
0,
0,
0,
0,
0,
0,
0,
0,
0,
0,
0,
0,
0,
0,
0,
0,
0,
0,
0,
0,
0,
12678,
25356,
27469,
19049,
25388,
65228,
25356,
46056,
21162,
25356,
12710,
0,
0,
0,
0,
0,
0,
0,
0,
0,
0,
0,
0,
0,
0,
0,
0,
0,
0,
0,
0,
0,
10597,
10597,
12710,
58923,
25356,
65228,
25356,
12646,
27469,
12678,
0,
0,
0,
0,
0,
0,
0,
0,
0,
0,
0,
0,
0,
0,
0,
0,
0,
0,
0,
0,
0,
0,
0,
0,
12710,
65228,
27501,
48136,
12678,
12678,
27469,
12711,
0,
0,
0,
0,
0,
0,
0,
0,
0,
0,
0,
0,
0,
0,
0,
0,
0,
0,
0,
0,
0,
0,
0,
10597,
27501,
41895,
10597,
12711,
0,
12646,
27469,
12678,
0,
0,
0,
0,
0,
0,
0,
0,
0,
0,
0,
0,
0,
0,
0,
0,
0,
0,
0,
0,
0,
0,
0,
10597,
12678,
10597,
0,
0,
0,
0,
12711,
0,
0,
0,
0,
0,
0,
0,
0,
0,
0,
0,
0,
0,
0,
0,
0,
0,
0,
0,
0,
0,
0,
0,
0,
0,
0,
0,
0,
0,
0,
0,
0,
0,
0,
0,
0,
0,
0,
0,
0,
0,
0,
0,
0,
0,
0,
0,
0,
0,
0,
0,
0,
