2020
0,
0,
0,
0,
0,
0,
0,
0,
0,
0,
0,
0,
0,
0,
0,
0,
0,
0,
0,
0,
0,
0,
0,
0,
0,
0,
0,
0,
0,
0,
0,
0,
0,
0,
0,
0,
0,
0,
0,
0,
0,
0,
0,
0,
0,
0,
0,
0,
0,
0,
0,
0,
0,
0,
0,
0,
0,
0,
0,
0,
0,
0,
0,
0,
0,
0,
0,
0,
0,
0,
0,
0,
0,
0,
0,
0,
0,
0,
0,
0,
0,
0,
0,
0,
0,
0,
0,
0,
0,
0,
0,
0,
0,
0,
0,
0,
0,
0,
0,
0,
0,
12711,
12743,
0,
0,
0,
0,
0,
0,
0,
0,
0,
0,
0,
0,
0,
0,
0,
0,
0,
0,
0,
0,
0,
0,
0,
0,
0,
0,
0,
0,
0,
0,
12678,
12646,
12743,
0,
0,
0,
0,
0,
0,
0,
0,
0,
0,
0,
0,
0,
0,
0,
0,
0,
0,
0,
0,
0,
0,
0,
0,
0,
0,
0,
0,
0,
12678,
44272,
12678,
0,
0,
0,
0,
0,
0,
0,
0,
0,
0,
0,
0,
0,
0,
0,
0,
0,
0,
0,
0,
0,
0,
0,
0,
0,
0,
0,
0,
0,
0,
12678,
12711,
0,
0,
0,
0,
0,
0,
0,
12710,
12711,
14791,
0,
0,
0,
0,
0,
0,
0,
0,
0,
0,
0,
0,
0,
0,
0,
0,
0,
0,
0,
0,
0,
0,
14791,
0,
0,
0,
0,
0,
12711,
40180,
21130,
21130,
12711,
0,
0,
0,
0,
0,
0,
0,
0,
0,
0,
0,
0,
0,
0,
0,
0,
10630,
12678,
14791,
0,
0,
0,
10630,
12678,
0,
0,
12710,
44373,
12646,
21130,
29582,
19017,
12743,
0,
0,
0,
0,
0,
0,
0,
0,
0,
0,
0,
0,
0,
0,
0,
12678,
12678,
48531,
12743,
0,
0,
0,
0,
12711,
12710,
21130,
31695,
29614,
31695,
31727,
44406,
12711,
0,
0,
0,
0,
0,
0,
0,
0,
0,
0,
0,
0,
0,
0,
0,
0,
12678,
12710,
10597,
12711,
0,
0,
0,
0,
10597,
29614,
31695,
27501,
21130,
21130,
42261,
21130,
12743,
0,
0,
0,
12678,
12711,
0,
0,
0,
0,
0,
0,
0,
0,
0,
0,
0,
0,
0,
0,
12710,
10630,
12678,
12710,
10597,
19049,
29582,
19017,
21130,
61309,
19049,
44406,
12678,
0,
0,
12678,
19017,
12678,
0,
0,
0,
0,
0,
0,
0,
0,
0,
0,
0,
0,
0,
0,
0,
0,
0,
0,
12678,
31695,
31695,
21162,
63454,
12710,
21162,
46487,
21130,
12711,
12711,
48498,
12678,
0,
0,
0,
0,
0,
0,
0,
0,
0,
0,
0,
0,
0,
0,
0,
12711,
12678,
12710,
12711,
10597,
21130,
31695,
19017,
21162,
63390,
19049,
46487,
21130,
40180,
21130,
12711,
0,
0,
0,
0,
0,
0,
0,
0,
0,
0,
0,
0,
0,
12711,
10630,
12678,
54032,
49838,
51951,
49805,
45643,
19049,
29614,
27501,
21130,
21162,
40180,
21130,
47724,
19049,
44406,
19049,
12678,
12711,
12678,
0,
0,
0,
0,
0,
0,
0,
0,
0,
12711,
21130,
43530,
43530,
43530,
31242,
51853,
56080,
56080,
56080,
12678,
21130,
31695,
46486,
21130,
54032,
21130,
21162,
46519,
21162,
50579,
21130,
21130,
12711,
0,
0,
0,
0,
0,
0,
0,
0,
12646,
12678,
19017,
21097,
31242,
39401,
41482,
12678,
12645,
12678,
0,
10597,
21130,
21130,
56177,
21130,
53999,
45644,
21162,
29614,
12678,
12678,
12646,
0,
0,
0,
0,
0,
0,
0,
0,
0,
0,
12678,
10597,
10597,
12678,
10597,
12710,
0,
0,
0,
12710,
57083,
46584,
58290,
45644,
21130,
58258,
45644,
60370,
12678,
0,
0,
0,
0,
0,
0,
0,
0,
0,
0,
0,
0,
0,
0,
0,
0,
0,
0,
0,
0,
0,
12711,
65503,
48665,
65535,
48665,
65502,
21130,
62419,
62418,
51853,
64988,
14791,
0,
0,
0,
0,
0,
0,
0,
0,
0,
0,
0,
0,
0,
0,
0,
0,
0,
0,
0,
10630,
58290,
32254,
45644,
63454,
46584,
59164,
60338,
21098,
56177,
51885,
60794,
39369,
12711,
0,
0,
0,
0,
0,
0,
0,
0,
0,
0,
0,
0,
0,
0,
0,
0,
0,
12710,
54097,
60338,
49805,
56177,
32286,
49805,
28028,
60370,
21097,
56177,
64988,
29193,
39401,
12678,
0,
0,
0,
0,
0,
0,
0,
0,
0,
0,
0,
0,
0,
0,
0,
0,
12711,
31242,
62419,
62419,
51853,
62419,
51885,
62419,
62451,
43530,
21130,
64988,
43562,
31242,
21130,
12678,
0,
0,
0,
0,
0,
0,
0,
0,
0,
0,
0,
0,
0,
0,
0,
0,
12678,
43530,
39401,
41482,
49805,
56177,
49805,
41482,
39401,
43530,
19049,
39401,
43530,
19049,
19017,
12678,
0,
0,
0,
0,
0,
0,
0,
0,
0,
0,
0,
0,
0,
0,
0,
12678,
41481,
43530,
39401,
29194,
41482,
39401,
31242,
41482,
39401,
21130,
12678,
19017,
21130,
19049,
10597,
0,
0,
0,
0,
0,
0,
0,
0,
0,
0,
0,
0,
0,
0,
0,
0,
12678,
43530,
31242,
21130,
31242,
43530,
43530,
31242,
21130,
21130,
12678,
0,
12678,
12678,
12711,
0,
0,
0,
0,
0,
0,
0,
0,
0,
0,
0,
0,
0,
0,
0,
0,
12711,
37321,
41481,
21130,
19017,
29193,
21098,
19017,
31242,
21130,
19017,
12678,
0,
0,
0,
0,
0,
0,
0,
0,
0,
0,
0,
0,
0,
0,
0,
0,
0,
0,
0,
0,
12678,
19017,
21098,
21130,
10597,
12678,
21130,
19017,
21130,
12678,
10597,
0,
0,
0,
0,
0,
0,
0,
0,
0,
0,
0,
0,
0,
0,
0,
0,
0,
0,
0,
0,
0,
12678,
21130,
21130,
12678,
0,
0,
12678,
12678,
12678,
0,
0,
0,
0,
0,
0,
0,
0,
0,
0,
0,
0,
0,
0,
0,
0,
0,
0,
0,
0,
0,
0,
0,
0,
10597,
12710,
0,
0,
0,
0,
0,
0,
0,
0,
0,
0,
0,
0,
0,
0,
0,
0,
0,
0,
0,
0,
0,
0,
0,
0,
0,
0,
0,
0,
0,
0,
0,
0,
0,
0,
0,
0,
0,
0,
0,
0,
0,
0,
0,
0,
0,
0,
0,
0,
0,
0,
0,
0,
0,
0,
0,
0,
0,
0,
0,
0,
0,
0,
0,
0,
0,
0,
0,
0,
0,
0,
0,
0,
0,
0,
0,
0,
0,
0,
0,
0,
0,
0,
0,
0,
0,
0,
0,
0,
0,
0,
0,
0,
0,
0,
0,
0,
0,
0,
0,
0,
0,
0,
0,
0,
0,
0,
0,
0,
0,
0,
0,
0,
0,
0,
0,
0,
0,
