2020
0,
0,
0,
0,
0,
0,
0,
0,
0,
0,
0,
0,
0,
0,
0,
0,
0,
0,
0,
0,
0,
0,
0,
0,
0,
0,
0,
0,
0,
0,
0,
0,
0,
0,
0,
0,
0,
0,
0,
0,
0,
0,
0,
0,
0,
0,
0,
0,
0,
0,
0,
0,
0,
0,
0,
0,
0,
0,
0,
0,
0,
0,
0,
0,
0,
0,
0,
0,
0,
0,
0,
0,
0,
0,
10597,
12678,
0,
0,
0,
0,
0,
0,
0,
0,
0,
0,
0,
0,
0,
0,
0,
0,
0,
0,
0,
0,
0,
0,
0,
0,
0,
0,
0,
0,
0,
0,
12710,
5573,
12711,
0,
0,
0,
12678,
12678,
12711,
0,
0,
0,
0,
0,
0,
0,
0,
0,
0,
0,
0,
0,
0,
0,
0,
0,
0,
0,
0,
0,
0,
0,
12678,
5445,
12711,
0,
0,
12678,
25357,
25357,
12678,
12678,
0,
0,
0,
0,
0,
0,
0,
0,
0,
0,
0,
0,
0,
0,
0,
0,
0,
0,
0,
0,
0,
0,
0,
10597,
12711,
0,
0,
12678,
19017,
19017,
21130,
12678,
0,
0,
0,
0,
0,
0,
0,
0,
0,
0,
0,
0,
0,
0,
0,
0,
0,
0,
0,
0,
0,
0,
0,
0,
0,
12711,
0,
12678,
21162,
27470,
27470,
12711,
0,
12678,
12678,
12711,
0,
0,
0,
0,
0,
0,
0,
0,
0,
0,
0,
0,
0,
0,
0,
0,
10597,
12711,
0,
0,
0,
12646,
12646,
21130,
19049,
19049,
21130,
10597,
12678,
21130,
19017,
19049,
12711,
0,
0,
0,
0,
0,
0,
0,
0,
0,
0,
0,
0,
0,
0,
12678,
25357,
27470,
10597,
10597,
12710,
59196,
19017,
12678,
10597,
19017,
12678,
10597,
19049,
21130,
19017,
19049,
21130,
12678,
0,
0,
0,
0,
0,
0,
0,
0,
0,
0,
0,
0,
12678,
27470,
21162,
65535,
65535,
65535,
65535,
65503,
12710,
50646,
21130,
12678,
12678,
21130,
21130,
21130,
21130,
21130,
21130,
12711,
0,
0,
0,
0,
0,
0,
0,
0,
0,
0,
0,
0,
12710,
61309,
59196,
65535,
59196,
40145,
44403,
59228,
59196,
50646,
25357,
19049,
65535,
59164,
19049,
21130,
19017,
19049,
12678,
12678,
0,
0,
0,
0,
0,
0,
0,
0,
0,
0,
0,
0,
12678,
19049,
59164,
65535,
59228,
59164,
65503,
12678,
59196,
50646,
19049,
59196,
65535,
59196,
59228,
21130,
19017,
10597,
12711,
0,
0,
0,
0,
0,
0,
0,
0,
0,
0,
0,
0,
12710,
65535,
65535,
65535,
65535,
65535,
65535,
44371,
12678,
50646,
50678,
50646,
21130,
65535,
65535,
65535,
50646,
21130,
12711,
0,
0,
0,
0,
0,
0,
0,
0,
0,
0,
0,
0,
12678,
59164,
65503,
42290,
59196,
65535,
59228,
59164,
21130,
19049,
46420,
50646,
19049,
25357,
21162,
59196,
61277,
21130,
19017,
12678,
0,
0,
0,
0,
0,
0,
0,
0,
0,
0,
0,
0,
12678,
10597,
21162,
63390,
59196,
21162,
61309,
59196,
12678,
61277,
46452,
21162,
25357,
19049,
65535,
59196,
48533,
50646,
19017,
12710,
0,
12678,
0,
0,
0,
0,
0,
0,
0,
0,
0,
0,
0,
12710,
65535,
65535,
21162,
27470,
21162,
65535,
65535,
65503,
21162,
27470,
27470,
27470,
21130,
50646,
50646,
21130,
21130,
21130,
12678,
27470,
12711,
0,
0,
0,
0,
0,
0,
0,
0,
0,
0,
0,
12710,
42258,
19049,
27470,
25357,
19049,
65535,
46452,
46420,
21130,
25357,
25357,
27470,
10597,
12646,
21130,
19017,
19049,
27470,
25324,
12678,
12711,
0,
0,
0,
0,
0,
0,
0,
0,
0,
0,
12710,
48533,
46420,
21130,
19049,
46420,
50678,
46452,
19049,
27470,
25357,
25357,
21130,
25357,
25389,
12678,
19049,
25389,
27470,
19017,
21130,
12711,
0,
0,
0,
0,
0,
0,
0,
0,
0,
0,
0,
12678,
21130,
21162,
50646,
50646,
21130,
21130,
27470,
27470,
27470,
21130,
21130,
21130,
21130,
21130,
12678,
27470,
27470,
27470,
12711,
0,
0,
0,
0,
0,
0,
0,
0,
0,
0,
0,
12678,
19049,
19017,
21130,
19017,
19017,
27470,
25357,
25357,
27470,
25324,
19017,
27470,
19017,
25357,
27470,
10597,
25357,
27470,
19017,
19049,
12711,
0,
0,
0,
0,
0,
0,
0,
0,
0,
0,
12678,
12678,
10597,
12678,
19049,
25357,
21130,
12646,
19049,
27470,
25357,
25357,
27470,
19049,
19049,
21130,
10597,
12646,
12678,
25357,
12678,
12711,
0,
0,
0,
0,
0,
0,
0,
0,
0,
0,
0,
0,
0,
12678,
27470,
12678,
12711,
0,
12678,
27470,
27470,
27470,
27470,
27470,
21130,
12678,
12678,
12678,
12678,
27470,
12711,
0,
0,
0,
0,
0,
0,
0,
0,
0,
0,
0,
0,
0,
0,
12678,
12678,
0,
0,
0,
0,
12678,
25324,
25357,
27470,
25324,
19049,
12678,
10597,
10597,
0,
12678,
0,
0,
0,
0,
0,
0,
0,
0,
0,
0,
0,
0,
0,
0,
0,
0,
0,
0,
0,
0,
0,
12678,
19049,
25357,
27470,
19049,
19049,
21130,
10597,
12646,
12711,
0,
0,
0,
0,
0,
0,
0,
0,
0,
0,
0,
0,
0,
0,
0,
0,
0,
0,
0,
0,
0,
0,
0,
12678,
12678,
21130,
21130,
21130,
21130,
12678,
12678,
12711,
0,
0,
0,
0,
0,
0,
0,
0,
0,
0,
0,
0,
0,
0,
0,
0,
0,
0,
0,
0,
0,
0,
0,
0,
0,
12678,
19017,
19049,
21130,
19017,
12678,
0,
0,
0,
0,
0,
0,
0,
0,
0,
0,
0,
0,
0,
0,
0,
0,
0,
0,
0,
0,
0,
0,
0,
0,
0,
0,
12678,
19049,
21130,
21130,
19049,
21130,
12711,
0,
0,
0,
0,
0,
0,
0,
0,
0,
0,
0,
0,
0,
0,
0,
0,
0,
0,
0,
0,
0,
0,
0,
0,
0,
0,
12678,
21130,
21130,
21130,
12678,
12711,
0,
0,
0,
0,
0,
0,
0,
0,
0,
0,
0,
0,
0,
0,
0,
0,
0,
0,
0,
0,
0,
0,
0,
0,
0,
0,
10597,
19049,
12678,
19017,
12678,
0,
0,
0,
0,
0,
0,
0,
0,
0,
0,
0,
0,
0,
0,
0,
0,
0,
0,
0,
0,
0,
0,
0,
0,
0,
0,
0,
0,
12710,
0,
12678,
0,
0,
0,
0,
0,
0,
0,
0,
0,
0,
0,
0,
0,
0,
0,
0,
0,
0,
0,
0,
0,
0,
0,
0,
0,
0,
0,
0,
0,
0,
0,
0,
0,
0,
0,
0,
0,
0,
0,
0,
0,
0,
0,
0,
0,
0,
0,
0,
0,
0,
0,
0,
0,
0,
0,
0,
0,
0,
0,
0,
0,
0,
0,
0,
0,
0,
0,
0,
0,
0,
0,
0,
0,
