2020
0,
0,
0,
0,
0,
0,
0,
0,
0,
0,
0,
0,
0,
12678,
12678,
12711,
0,
0,
0,
0,
0,
0,
0,
0,
0,
0,
0,
0,
0,
0,
0,
0,
0,
0,
0,
0,
0,
0,
0,
0,
0,
0,
0,
0,
12678,
35278,
31149,
33229,
12678,
12678,
0,
0,
0,
0,
0,
0,
0,
0,
0,
0,
0,
0,
0,
0,
0,
0,
0,
0,
0,
0,
0,
0,
0,
0,
0,
10597,
33197,
35278,
31148,
33197,
35278,
31116,
12646,
12710,
0,
0,
0,
0,
0,
0,
0,
0,
0,
0,
0,
0,
0,
0,
0,
0,
0,
0,
0,
0,
0,
12678,
12678,
35278,
35278,
12678,
12678,
35278,
35278,
35278,
35278,
35278,
12678,
12678,
12711,
0,
0,
0,
0,
0,
0,
0,
0,
0,
0,
0,
0,
0,
0,
0,
0,
12678,
12646,
33197,
35278,
10597,
12710,
0,
0,
12678,
12678,
31149,
35278,
45650,
31149,
45651,
43602,
12678,
0,
0,
0,
0,
0,
0,
0,
0,
0,
0,
0,
0,
0,
10597,
12646,
35278,
31148,
10597,
12711,
0,
0,
0,
0,
0,
0,
10597,
33197,
33229,
39441,
45650,
43602,
39441,
12711,
0,
0,
0,
0,
0,
0,
0,
0,
0,
0,
0,
12678,
35278,
35278,
12678,
12711,
0,
0,
0,
0,
0,
0,
0,
0,
0,
12678,
35278,
45651,
45651,
45651,
45651,
12711,
0,
0,
0,
0,
0,
0,
0,
0,
0,
0,
0,
12678,
33197,
12678,
0,
0,
0,
0,
0,
0,
0,
0,
0,
0,
0,
0,
12678,
10597,
12678,
43602,
12678,
0,
0,
0,
0,
0,
0,
0,
0,
0,
0,
0,
0,
12678,
31149,
10597,
12678,
12678,
0,
0,
0,
10597,
12678,
12678,
0,
0,
0,
12678,
42029,
37836,
12678,
43602,
12678,
0,
0,
0,
0,
0,
0,
0,
0,
0,
0,
0,
0,
0,
12678,
12678,
27270,
27270,
12678,
12678,
12678,
27270,
27270,
12711,
0,
0,
12710,
44141,
33642,
44109,
12678,
12711,
0,
0,
0,
0,
0,
0,
0,
0,
0,
0,
0,
0,
0,
0,
0,
10597,
27270,
19049,
60307,
21162,
42292,
19049,
12711,
0,
0,
12678,
39916,
31530,
42029,
29417,
12711,
0,
0,
0,
0,
0,
0,
0,
0,
0,
0,
0,
0,
0,
0,
0,
0,
0,
12678,
25157,
19049,
21130,
19017,
25189,
27270,
10597,
12678,
44109,
39916,
42028,
31530,
12678,
0,
0,
0,
0,
0,
0,
0,
0,
0,
0,
0,
0,
0,
0,
0,
0,
0,
0,
0,
12678,
21162,
48599,
21130,
27270,
27270,
12710,
44141,
27302,
44109,
33610,
12711,
0,
0,
0,
0,
0,
0,
0,
0,
0,
0,
0,
0,
0,
0,
0,
0,
0,
0,
0,
0,
10597,
25190,
21130,
10597,
12646,
12710,
57115,
21130,
44109,
29417,
12678,
27270,
10597,
12711,
0,
0,
0,
0,
0,
0,
0,
0,
0,
0,
0,
0,
0,
0,
0,
0,
0,
0,
10597,
12646,
12710,
44373,
61309,
27270,
31497,
63422,
33610,
10597,
12678,
27270,
25157,
27270,
12710,
0,
0,
0,
0,
0,
0,
0,
0,
0,
0,
0,
0,
0,
0,
0,
0,
12710,
48692,
48692,
33642,
65535,
48599,
27302,
33610,
27270,
12678,
27270,
33610,
12678,
12678,
27270,
27270,
12711,
0,
0,
0,
0,
0,
0,
0,
0,
0,
0,
0,
0,
0,
0,
0,
12710,
44434,
44467,
48660,
29417,
25190,
33610,
44373,
61341,
12678,
29417,
27270,
31530,
10597,
12678,
12710,
0,
0,
0,
0,
0,
0,
0,
0,
0,
0,
0,
0,
0,
0,
0,
0,
0,
12678,
46547,
33642,
58227,
49843,
27302,
59196,
46518,
12678,
12645,
33610,
27270,
29449,
12711,
0,
0,
0,
0,
0,
0,
0,
0,
0,
0,
0,
0,
0,
0,
0,
0,
0,
0,
12678,
21162,
33610,
53972,
64469,
27302,
33610,
27270,
12711,
0,
12678,
33610,
27270,
33610,
12711,
0,
0,
0,
0,
0,
0,
0,
0,
0,
0,
0,
0,
0,
0,
0,
0,
0,
10597,
35917,
48660,
29417,
25190,
33610,
42354,
46547,
12678,
12678,
0,
12678,
29417,
31562,
12710,
0,
0,
0,
0,
0,
0,
0,
0,
0,
0,
0,
0,
0,
0,
0,
0,
12710,
35917,
46547,
38030,
10597,
12678,
38030,
44434,
46579,
48660,
42354,
12710,
0,
10597,
12678,
12710,
0,
0,
0,
0,
0,
0,
0,
0,
0,
0,
0,
0,
0,
0,
0,
0,
12710,
48660,
38030,
12711,
0,
0,
12678,
12678,
12678,
12678,
12711,
0,
0,
0,
0,
0,
0,
0,
0,
0,
0,
0,
0,
0,
0,
0,
0,
0,
0,
0,
0,
12646,
45651,
10597,
12678,
0,
0,
0,
0,
0,
0,
0,
0,
0,
0,
0,
0,
0,
0,
12710,
0,
0,
0,
0,
0,
0,
0,
0,
0,
0,
0,
0,
0,
10597,
45651,
12678,
0,
0,
0,
0,
0,
0,
0,
0,
0,
0,
0,
0,
0,
0,
12678,
62421,
12710,
0,
0,
0,
0,
0,
0,
0,
0,
0,
0,
0,
0,
0,
12678,
45651,
12711,
0,
0,
0,
0,
0,
0,
0,
0,
0,
0,
0,
12678,
12710,
62421,
21130,
12711,
0,
0,
0,
0,
0,
0,
0,
0,
0,
0,
0,
0,
0,
0,
12645,
41521,
12678,
12678,
0,
0,
0,
0,
0,
0,
0,
12710,
12645,
62420,
60340,
41489,
62420,
58259,
10597,
0,
0,
0,
0,
0,
0,
0,
0,
0,
0,
0,
0,
0,
0,
12678,
45651,
41521,
12678,
12711,
0,
0,
0,
10597,
12678,
62388,
41521,
64469,
64469,
58259,
21130,
21130,
10597,
0,
0,
0,
0,
0,
0,
0,
0,
0,
0,
0,
0,
0,
0,
0,
12678,
45651,
45651,
45651,
12678,
12678,
12711,
45651,
45651,
45683,
62421,
64469,
64469,
45651,
64469,
64469,
12678,
0,
0,
0,
0,
0,
0,
0,
0,
0,
0,
0,
0,
0,
0,
0,
0,
12645,
41521,
45650,
39441,
43570,
43602,
39441,
43570,
60340,
56179,
62388,
60340,
56178,
12678,
12678,
0,
0,
0,
0,
0,
0,
0,
0,
0,
0,
0,
0,
0,
0,
0,
0,
0,
0,
12678,
12678,
41522,
45651,
45651,
41522,
43602,
12678,
10597,
12678,
12678,
12678,
0,
0,
0,
0,
0,
0,
0,
0,
0,
0,
0,
0,
0,
0,
0,
0,
0,
0,
0,
0,
0,
0,
12678,
12678,
12678,
12678,
12711,
0,
0,
0,
0,
0,
0,
0,
0,
0,
0,
0,
0,
0,
0,
0,
0,
0,
0,
0,
0,
0,
0,
0,
0,
0,
0,
0,
0,
0,
0,
0,
0,
0,
0,
0,
0,
0,
0,
0,
0,
0,
0,
0,
0,
0,
