2020
0,
0,
0,
0,
0,
0,
0,
0,
0,
0,
0,
0,
0,
0,
0,
0,
0,
0,
0,
0,
0,
0,
0,
0,
0,
0,
0,
0,
0,
0,
0,
0,
0,
0,
0,
0,
0,
0,
0,
0,
0,
0,
0,
0,
0,
0,
0,
0,
0,
0,
0,
0,
0,
0,
0,
0,
0,
0,
0,
0,
0,
0,
0,
0,
0,
0,
0,
0,
0,
0,
0,
0,
0,
0,
0,
0,
0,
0,
0,
0,
12678,
12678,
0,
0,
0,
0,
0,
0,
0,
0,
0,
0,
0,
0,
0,
0,
0,
0,
0,
0,
0,
0,
0,
0,
0,
0,
0,
0,
0,
0,
0,
0,
12646,
29525,
10597,
12678,
0,
0,
0,
0,
0,
0,
0,
0,
0,
0,
0,
0,
0,
0,
0,
0,
0,
0,
0,
0,
0,
0,
0,
0,
10597,
0,
0,
0,
12646,
29525,
19017,
27476,
12678,
10597,
0,
0,
0,
0,
0,
0,
0,
0,
0,
0,
0,
0,
0,
0,
0,
0,
0,
0,
0,
0,
0,
12678,
12678,
12678,
0,
0,
0,
12678,
21130,
29525,
21130,
29525,
12678,
0,
0,
0,
0,
0,
0,
0,
0,
0,
0,
0,
0,
0,
0,
0,
0,
0,
0,
0,
10597,
12678,
10597,
12646,
12678,
0,
0,
12678,
25331,
27444,
21130,
25331,
12678,
0,
0,
0,
0,
0,
0,
0,
0,
0,
0,
0,
0,
0,
0,
0,
0,
0,
0,
0,
10597,
12678,
0,
12646,
12678,
10597,
0,
12678,
27411,
27476,
29525,
27411,
12678,
0,
0,
0,
0,
0,
0,
0,
0,
0,
0,
0,
0,
0,
0,
0,
12678,
12678,
12678,
12678,
12678,
12678,
0,
12678,
12678,
12678,
12678,
21130,
21130,
21130,
29525,
12678,
0,
0,
0,
0,
0,
0,
0,
0,
0,
0,
0,
0,
0,
0,
0,
0,
10597,
37927,
42120,
19017,
10597,
0,
0,
0,
12678,
19017,
37836,
41997,
25224,
39916,
21130,
10597,
0,
0,
10597,
12678,
0,
0,
0,
0,
0,
0,
0,
0,
0,
0,
0,
0,
0,
10597,
21130,
37927,
37959,
12678,
0,
12646,
41997,
37804,
39916,
35659,
19017,
21130,
41997,
37804,
12678,
12678,
38066,
65503,
12678,
0,
0,
0,
0,
0,
0,
0,
0,
0,
0,
0,
0,
0,
21130,
54795,
21130,
21130,
12678,
21130,
42029,
54795,
54827,
21130,
65503,
21130,
54827,
41997,
21130,
42292,
63454,
65535,
65535,
12678,
12678,
0,
0,
0,
0,
0,
0,
0,
0,
0,
10597,
10597,
54827,
48490,
19017,
29525,
19017,
37836,
41997,
31466,
19049,
35659,
19017,
33578,
42120,
37803,
39916,
19049,
48490,
52747,
63390,
57115,
12678,
0,
0,
0,
0,
0,
0,
0,
12646,
12678,
52714,
19049,
54827,
19049,
37883,
29525,
19049,
39917,
21130,
19049,
63422,
21130,
19049,
54795,
54827,
50602,
41997,
21130,
50602,
54795,
54795,
61277,
65535,
12678,
0,
0,
0,
0,
12678,
12678,
54795,
42152,
54795,
21130,
54827,
21130,
65535,
65535,
21130,
41997,
54827,
35659,
21130,
35659,
21130,
35659,
42152,
42120,
41997,
21130,
54795,
54827,
65535,
63454,
12678,
0,
0,
0,
0,
10597,
54795,
37927,
48490,
42120,
48522,
19017,
54827,
19017,
35769,
29525,
19017,
37836,
41997,
48490,
50602,
21130,
57115,
19049,
54795,
37803,
39916,
19049,
38034,
63422,
63390,
10597,
12678,
0,
0,
0,
0,
0,
12678,
12678,
12646,
54827,
40040,
19049,
54827,
50634,
19049,
29525,
40008,
21130,
42029,
50602,
52715,
35659,
19049,
21130,
41997,
37836,
21130,
12678,
10597,
65535,
12678,
0,
0,
0,
0,
0,
0,
0,
0,
0,
0,
12678,
12678,
12678,
21130,
54795,
21130,
21130,
42120,
12678,
42029,
41997,
41997,
54827,
29385,
41997,
42029,
41997,
12678,
0,
0,
12678,
12678,
0,
0,
0,
0,
0,
0,
0,
0,
0,
0,
0,
0,
0,
12678,
19017,
48522,
54795,
10597,
0,
12678,
10597,
37836,
41997,
37803,
39916,
21130,
19017,
12646,
0,
0,
0,
0,
0,
0,
0,
0,
0,
0,
0,
0,
0,
0,
0,
0,
0,
12678,
50634,
52682,
42152,
12646,
0,
0,
0,
12678,
21130,
19049,
21130,
39964,
37850,
39963,
12678,
0,
0,
0,
0,
0,
0,
0,
0,
0,
0,
0,
0,
0,
0,
0,
12678,
54827,
40040,
12678,
12678,
0,
0,
0,
12678,
12678,
12678,
27444,
39964,
39996,
37883,
39964,
12678,
0,
0,
0,
0,
0,
0,
0,
0,
0,
0,
0,
0,
0,
0,
0,
10597,
12678,
10597,
10597,
12678,
0,
0,
0,
10597,
10597,
0,
10597,
37882,
37915,
35769,
37882,
37883,
10597,
0,
0,
0,
0,
0,
0,
0,
0,
0,
0,
0,
0,
0,
0,
0,
0,
0,
12678,
21130,
12646,
0,
12678,
10597,
12678,
0,
10597,
39963,
39964,
37850,
29525,
39964,
10597,
0,
0,
0,
0,
0,
0,
0,
0,
0,
0,
0,
0,
0,
0,
0,
0,
0,
0,
12678,
12678,
0,
12678,
12678,
0,
0,
12678,
39964,
29525,
37883,
29525,
39964,
12678,
0,
0,
0,
0,
0,
0,
0,
0,
0,
0,
0,
0,
0,
0,
0,
0,
0,
0,
12678,
19017,
10597,
21130,
10597,
0,
12678,
35769,
37882,
29525,
35769,
27444,
12678,
0,
0,
0,
0,
0,
0,
0,
0,
0,
0,
0,
0,
0,
0,
0,
0,
0,
0,
0,
0,
12678,
21130,
12678,
0,
0,
12678,
37883,
39964,
29525,
37883,
12678,
0,
0,
0,
0,
0,
0,
0,
0,
0,
0,
0,
0,
0,
0,
0,
0,
0,
0,
0,
0,
0,
0,
12678,
0,
0,
0,
12678,
37883,
39964,
12678,
12678,
0,
0,
0,
0,
0,
0,
0,
0,
0,
0,
0,
0,
0,
0,
0,
0,
0,
0,
0,
0,
0,
0,
0,
0,
0,
0,
0,
12678,
35769,
12646,
0,
0,
0,
0,
0,
0,
0,
0,
0,
0,
0,
0,
0,
0,
0,
0,
0,
0,
0,
0,
0,
0,
0,
0,
0,
0,
0,
0,
0,
12678,
12678,
0,
0,
0,
0,
0,
0,
0,
0,
0,
0,
0,
0,
0,
0,
0,
0,
0,
0,
0,
0,
0,
0,
0,
0,
0,
0,
0,
0,
0,
0,
0,
0,
0,
0,
0,
0,
0,
0,
0,
0,
0,
0,
0,
0,
0,
0,
0,
0,
0,
0,
0,
0,
0,
0,
0,
0,
0,
0,
0,
0,
0,
0,
0,
0,
0,
0,
0,
0,
0,
0,
0,
0,
0,
0,
0,
0,
0,
0,
0,
0,
0,
0,
0,
0,
0,
0,
0,
0,
0,
0,
0,
0,
0,
0,
0,
0,
0,
0,
0,
0,
0,
0,
0,
0,
0,
0,
0,
0,
0,
