2020
0,
0,
0,
0,
0,
0,
0,
0,
0,
0,
0,
0,
0,
0,
0,
0,
0,
0,
0,
0,
0,
0,
0,
0,
0,
0,
0,
0,
0,
0,
0,
0,
0,
0,
0,
0,
0,
0,
0,
0,
0,
0,
0,
0,
0,
0,
0,
0,
0,
0,
0,
0,
0,
0,
0,
0,
0,
0,
0,
0,
0,
0,
0,
0,
0,
0,
0,
0,
0,
0,
0,
0,
0,
0,
0,
0,
0,
0,
0,
0,
0,
0,
0,
0,
0,
0,
0,
0,
0,
0,
0,
0,
0,
0,
0,
0,
0,
0,
0,
0,
0,
0,
0,
0,
0,
0,
0,
0,
0,
0,
0,
0,
0,
0,
0,
0,
0,
0,
0,
0,
0,
0,
0,
0,
0,
0,
0,
0,
0,
0,
0,
0,
0,
0,
0,
0,
0,
0,
0,
0,
0,
0,
0,
0,
0,
0,
0,
0,
0,
0,
0,
0,
0,
0,
0,
0,
0,
0,
0,
0,
0,
0,
0,
0,
0,
0,
0,
0,
0,
0,
0,
0,
0,
0,
0,
0,
0,
0,
0,
0,
0,
0,
0,
0,
0,
0,
0,
0,
0,
0,
0,
0,
0,
0,
0,
0,
0,
0,
0,
0,
0,
0,
0,
0,
0,
12678,
12678,
0,
0,
0,
0,
0,
0,
0,
0,
0,
0,
0,
0,
0,
0,
0,
0,
0,
0,
0,
0,
0,
0,
0,
0,
0,
0,
0,
0,
0,
12710,
64826,
64794,
12711,
0,
0,
0,
0,
0,
0,
0,
0,
0,
0,
0,
0,
0,
0,
0,
0,
0,
0,
0,
0,
0,
0,
0,
0,
0,
0,
0,
12678,
60632,
64826,
58552,
60664,
12711,
0,
12678,
12711,
0,
0,
0,
0,
0,
0,
0,
0,
0,
0,
0,
0,
0,
0,
0,
0,
0,
0,
0,
0,
0,
0,
0,
12646,
47986,
52212,
58551,
58584,
12678,
12678,
59228,
21130,
10597,
12710,
0,
0,
0,
0,
0,
0,
0,
0,
0,
0,
0,
0,
0,
0,
0,
0,
0,
0,
0,
0,
12710,
64826,
64826,
64826,
52180,
41552,
41552,
33030,
47660,
54680,
41584,
54680,
12678,
12711,
0,
0,
0,
0,
0,
0,
0,
0,
0,
0,
0,
0,
0,
0,
0,
0,
0,
12646,
64826,
58551,
58552,
64794,
37390,
61309,
41552,
59164,
30982,
47660,
59164,
63390,
41552,
45938,
12710,
0,
0,
0,
0,
0,
0,
0,
0,
0,
0,
0,
0,
0,
0,
0,
12678,
48018,
64826,
58551,
58552,
64794,
28901,
30982,
65503,
37422,
50486,
33030,
43499,
63390,
63454,
37390,
12710,
0,
0,
0,
0,
0,
0,
0,
0,
0,
0,
0,
0,
0,
12678,
12678,
12710,
64826,
64826,
64826,
64826,
52212,
65535,
65535,
54680,
41584,
65503,
33030,
47628,
47660,
65535,
54680,
12711,
0,
0,
0,
0,
0,
0,
0,
0,
0,
0,
0,
0,
12646,
43499,
47628,
30949,
30949,
64826,
58551,
48018,
65535,
59196,
61309,
65535,
48405,
50518,
63422,
28901,
45580,
65503,
57083,
12710,
0,
0,
0,
0,
0,
0,
0,
0,
0,
0,
0,
12678,
43499,
43499,
47628,
43499,
30949,
33062,
58552,
60632,
52212,
59228,
61341,
65535,
59164,
39503,
65502,
30982,
63422,
65503,
59164,
52599,
12710,
0,
0,
0,
0,
0,
0,
0,
0,
0,
0,
12678,
47628,
47628,
47628,
47628,
47628,
33030,
64826,
64826,
64826,
52180,
33030,
33030,
65535,
47660,
57996,
33030,
47660,
65535,
47660,
54680,
12711,
0,
0,
0,
0,
0,
0,
0,
0,
0,
0,
12678,
43499,
43499,
47628,
43499,
30949,
64826,
58551,
58552,
64826,
58519,
39503,
65535,
57115,
45547,
57996,
51787,
45580,
63454,
43499,
52599,
50099,
12678,
0,
0,
0,
0,
0,
0,
0,
0,
0,
0,
12646,
43499,
47628,
30982,
30982,
64826,
58552,
60632,
64826,
58552,
60632,
41552,
48406,
61309,
57996,
51819,
52631,
65503,
59164,
52599,
39503,
12678,
0,
0,
0,
0,
0,
0,
0,
0,
0,
0,
0,
12678,
12678,
12678,
64826,
64826,
64826,
64826,
64826,
64826,
64826,
41552,
41584,
54680,
33030,
47660,
65535,
65535,
54680,
54712,
52180,
12711,
0,
0,
0,
0,
0,
0,
0,
0,
0,
0,
0,
0,
0,
0,
12646,
64826,
58519,
58551,
64826,
58519,
48018,
64826,
56471,
30982,
47660,
57115,
61309,
21130,
48405,
50518,
12710,
0,
0,
0,
0,
0,
0,
0,
0,
0,
0,
0,
0,
0,
0,
0,
0,
12678,
39471,
60632,
64826,
58552,
60665,
64826,
58551,
60632,
21162,
50486,
63422,
63454,
10597,
12710,
0,
0,
0,
0,
0,
0,
0,
0,
0,
0,
0,
0,
0,
0,
0,
0,
0,
0,
12678,
12678,
41584,
64794,
64826,
64826,
64794,
64794,
12678,
12710,
65535,
65503,
12711,
0,
0,
0,
0,
0,
0,
0,
0,
0,
0,
0,
0,
0,
0,
0,
0,
0,
0,
0,
0,
0,
12710,
45938,
58552,
64826,
56471,
58552,
12711,
0,
12646,
12711,
0,
0,
0,
0,
0,
0,
0,
0,
0,
0,
0,
0,
0,
0,
0,
0,
0,
0,
0,
0,
0,
0,
0,
12678,
60665,
64826,
58551,
12710,
0,
0,
0,
0,
0,
0,
0,
0,
0,
0,
0,
0,
0,
0,
0,
0,
0,
0,
0,
0,
0,
0,
0,
0,
0,
0,
0,
0,
12678,
12678,
12711,
0,
0,
0,
0,
0,
0,
0,
0,
0,
0,
0,
0,
0,
0,
0,
0,
0,
0,
0,
0,
0,
0,
0,
0,
0,
0,
0,
0,
0,
0,
0,
0,
0,
0,
0,
0,
0,
0,
0,
0,
0,
0,
0,
0,
0,
0,
0,
0,
0,
0,
0,
0,
0,
0,
0,
0,
0,
0,
0,
0,
0,
0,
0,
0,
0,
0,
0,
0,
0,
0,
0,
0,
0,
0,
0,
0,
0,
0,
0,
0,
0,
0,
0,
0,
0,
0,
0,
0,
0,
0,
0,
0,
0,
0,
0,
0,
0,
0,
0,
0,
0,
0,
0,
0,
0,
0,
0,
0,
0,
0,
0,
0,
0,
0,
0,
0,
0,
0,
0,
0,
0,
0,
0,
0,
0,
0,
0,
0,
0,
0,
0,
0,
0,
0,
0,
0,
0,
0,
0,
0,
0,
0,
0,
0,
0,
0,
0,
0,
0,
0,
0,
0,
0,
0,
0,
0,
0,
0,
0,
0,
0,
0,
0,
0,
0,
0,
0,
0,
0,
0,
0,
0,
0,
0,
0,
0,
0,
0,
0,
0,
0,
0,
0,
0,
0,
0,
0,
0,
0,
0,
0,
0,
0,
0,
0,
0,
0,
0,
0,
0,
0,
0,
0,
0,
0,
0,
