2020
0,
0,
0,
0,
0,
0,
0,
0,
0,
0,
0,
0,
0,
0,
0,
0,
0,
0,
0,
0,
0,
0,
0,
0,
0,
0,
0,
0,
0,
0,
0,
0,
0,
0,
0,
0,
0,
0,
0,
0,
0,
0,
0,
0,
0,
0,
0,
0,
0,
0,
0,
0,
0,
0,
0,
0,
0,
0,
0,
0,
0,
0,
0,
0,
0,
0,
0,
0,
0,
0,
0,
0,
0,
0,
0,
0,
0,
0,
0,
0,
0,
0,
0,
0,
0,
0,
0,
0,
0,
0,
0,
0,
0,
0,
0,
0,
0,
0,
0,
0,
0,
0,
0,
0,
0,
0,
0,
0,
0,
0,
0,
0,
0,
0,
0,
0,
0,
0,
0,
0,
0,
0,
0,
0,
0,
0,
0,
0,
0,
0,
0,
0,
0,
0,
0,
0,
0,
0,
0,
0,
0,
0,
0,
0,
0,
0,
0,
0,
12711,
0,
0,
0,
0,
0,
0,
0,
0,
0,
0,
0,
0,
0,
0,
0,
0,
0,
0,
0,
0,
0,
0,
0,
0,
0,
0,
0,
0,
0,
0,
12710,
52825,
12711,
0,
0,
0,
0,
0,
0,
0,
0,
0,
0,
0,
0,
0,
0,
0,
0,
0,
0,
0,
0,
0,
0,
0,
0,
12678,
10597,
12678,
0,
0,
12678,
52825,
12678,
0,
0,
0,
0,
0,
0,
0,
0,
0,
0,
0,
0,
0,
0,
0,
0,
0,
0,
0,
0,
0,
0,
0,
12678,
41265,
40024,
40056,
12678,
12678,
50744,
42138,
12678,
0,
0,
0,
0,
0,
0,
0,
0,
0,
0,
0,
0,
0,
0,
0,
0,
0,
0,
12678,
12678,
12711,
0,
12678,
41265,
42170,
42138,
42138,
42170,
42138,
52825,
12711,
0,
0,
0,
0,
0,
0,
0,
0,
0,
0,
0,
0,
0,
0,
0,
0,
0,
0,
10598,
35928,
31734,
31701,
12678,
19017,
37135,
42138,
37911,
10597,
21130,
37911,
19049,
12711,
0,
0,
0,
0,
0,
0,
0,
0,
0,
0,
0,
0,
0,
0,
0,
0,
0,
0,
0,
12710,
28188,
33814,
35960,
19049,
21098,
41233,
12710,
0,
12678,
12646,
12710,
0,
0,
0,
0,
0,
0,
0,
0,
0,
0,
0,
0,
0,
0,
0,
0,
0,
0,
0,
12678,
21162,
25362,
33847,
35960,
48542,
48510,
21130,
12678,
12678,
35630,
63214,
63247,
12678,
12710,
0,
0,
0,
0,
0,
0,
0,
0,
0,
0,
0,
0,
0,
0,
12678,
0,
12678,
31733,
35928,
31734,
23248,
35928,
33782,
45362,
51540,
37103,
19017,
21130,
31436,
31437,
35630,
56909,
12678,
0,
12678,
0,
0,
0,
0,
0,
0,
0,
0,
0,
0,
12678,
33814,
12710,
35927,
33814,
35928,
33847,
33814,
35960,
33847,
33847,
51540,
39184,
49491,
35960,
19049,
33549,
35598,
33517,
33549,
12710,
48631,
12711,
0,
0,
0,
0,
0,
0,
0,
0,
0,
12710,
28220,
35960,
35928,
33847,
25362,
25362,
33847,
35960,
35928,
50590,
65327,
35927,
35927,
21130,
35597,
35630,
65327,
35597,
63247,
35598,
21130,
12711,
0,
0,
0,
0,
0,
0,
0,
0,
0,
0,
10598,
28253,
26075,
23248,
35928,
31734,
23248,
35960,
46364,
44315,
12710,
44315,
19017,
21130,
31437,
59022,
65295,
31404,
19049,
21162,
57083,
37906,
12711,
0,
0,
0,
0,
0,
0,
0,
0,
0,
0,
12678,
21130,
33847,
35960,
35927,
33847,
35960,
35927,
63247,
65327,
21130,
49491,
21130,
35598,
63247,
35598,
21130,
65503,
65535,
37970,
63454,
12711,
0,
0,
0,
0,
0,
0,
0,
0,
0,
0,
0,
12678,
33847,
35960,
35927,
25362,
35960,
35927,
35927,
21130,
49491,
21130,
35598,
48510,
50590,
35630,
63422,
65503,
12678,
12678,
63454,
12711,
0,
0,
0,
0,
0,
0,
0,
0,
0,
0,
12678,
33814,
31733,
35928,
23248,
31733,
35928,
31734,
31733,
21130,
45362,
19049,
50590,
10597,
19049,
50591,
44283,
10597,
12711,
0,
12710,
0,
0,
0,
0,
0,
0,
0,
0,
0,
0,
0,
12710,
35928,
33879,
28285,
25362,
28220,
35960,
35927,
21130,
51540,
49491,
39185,
12678,
0,
12678,
12678,
12710,
0,
0,
0,
0,
0,
0,
0,
0,
0,
0,
0,
0,
0,
12678,
12678,
35928,
35928,
26107,
12678,
12678,
26107,
35960,
33847,
21098,
51540,
49491,
39184,
50591,
12646,
12710,
0,
0,
12678,
12711,
0,
0,
0,
0,
0,
0,
0,
0,
0,
0,
0,
12678,
23994,
28252,
10597,
12678,
0,
0,
10598,
28253,
31734,
19017,
51540,
45362,
45362,
41265,
44315,
46364,
12678,
12646,
46396,
48510,
12678,
0,
0,
0,
0,
0,
0,
0,
0,
0,
0,
0,
12678,
12711,
0,
0,
0,
0,
12678,
28285,
35927,
12678,
21130,
49491,
49491,
51540,
39217,
50591,
50623,
48510,
50591,
40051,
48477,
12711,
0,
0,
0,
0,
0,
0,
0,
0,
0,
0,
0,
0,
0,
0,
0,
12678,
26107,
35928,
12710,
0,
12678,
12646,
49491,
41265,
46429,
12678,
12678,
12678,
40019,
65535,
37906,
12711,
0,
0,
0,
0,
0,
0,
0,
0,
0,
0,
0,
0,
0,
0,
0,
0,
10597,
12711,
0,
0,
0,
0,
10597,
12678,
12678,
0,
0,
0,
10597,
63454,
57083,
37906,
12711,
0,
0,
0,
0,
0,
0,
0,
0,
0,
0,
0,
0,
0,
0,
0,
0,
0,
0,
0,
0,
0,
0,
0,
0,
0,
0,
0,
12710,
65535,
63454,
65503,
12711,
0,
0,
0,
0,
0,
0,
0,
0,
0,
0,
0,
0,
0,
0,
0,
0,
0,
0,
0,
0,
0,
0,
0,
0,
0,
0,
0,
0,
12678,
12646,
12710,
65503,
12678,
0,
0,
0,
0,
0,
0,
0,
0,
0,
0,
0,
0,
0,
0,
0,
0,
0,
0,
0,
0,
0,
0,
0,
0,
0,
0,
0,
0,
0,
0,
12678,
12678,
0,
0,
0,
0,
0,
0,
0,
0,
0,
0,
0,
0,
0,
0,
0,
0,
0,
0,
0,
0,
0,
0,
0,
0,
0,
0,
0,
0,
0,
0,
0,
0,
0,
0,
0,
0,
0,
0,
0,
0,
0,
0,
0,
0,
0,
0,
0,
0,
0,
0,
0,
0,
0,
0,
0,
0,
0,
0,
0,
0,
0,
0,
0,
0,
0,
0,
0,
0,
0,
0,
0,
0,
0,
0,
0,
0,
0,
0,
0,
0,
0,
0,
0,
0,
0,
0,
0,
0,
0,
0,
0,
0,
0,
0,
0,
0,
0,
0,
0,
0,
0,
0,
0,
0,
0,
0,
0,
0,
0,
0,
0,
0,
0,
0,
0,
0,
0,
0,
0,
0,
0,
0,
0,
0,
0,
0,
0,
0,
0,
0,
0,
0,
