2020
0,
0,
0,
0,
0,
0,
0,
0,
0,
0,
0,
0,
0,
0,
0,
0,
0,
0,
0,
0,
0,
0,
0,
0,
0,
0,
0,
0,
0,
0,
0,
0,
0,
0,
0,
0,
0,
0,
0,
0,
0,
0,
0,
0,
0,
0,
0,
0,
0,
0,
0,
0,
0,
0,
0,
0,
0,
0,
0,
0,
0,
0,
0,
0,
0,
0,
0,
0,
0,
0,
0,
0,
0,
0,
0,
0,
0,
0,
0,
0,
0,
0,
0,
0,
0,
0,
0,
0,
0,
0,
0,
0,
0,
0,
0,
0,
0,
0,
0,
0,
0,
0,
0,
0,
0,
0,
0,
0,
0,
0,
0,
0,
0,
0,
0,
0,
0,
0,
0,
0,
0,
0,
0,
0,
0,
0,
0,
0,
0,
0,
0,
0,
0,
0,
0,
0,
0,
0,
0,
0,
0,
0,
0,
0,
0,
0,
0,
0,
0,
0,
0,
0,
0,
0,
0,
0,
0,
0,
0,
0,
0,
0,
0,
0,
0,
0,
0,
0,
0,
0,
0,
0,
0,
0,
0,
0,
0,
0,
0,
0,
0,
0,
0,
0,
0,
0,
0,
0,
0,
0,
0,
0,
0,
0,
0,
0,
0,
0,
0,
0,
0,
0,
0,
0,
0,
0,
0,
0,
0,
0,
0,
0,
0,
0,
0,
0,
0,
0,
0,
0,
0,
0,
0,
0,
0,
0,
0,
0,
0,
0,
0,
0,
0,
0,
0,
0,
0,
0,
0,
0,
0,
0,
0,
0,
0,
0,
0,
0,
0,
0,
0,
0,
0,
0,
0,
0,
0,
0,
0,
0,
0,
10597,
12678,
12678,
0,
0,
10597,
10597,
12678,
10597,
12678,
0,
0,
0,
0,
0,
0,
0,
0,
0,
0,
0,
0,
0,
0,
0,
0,
0,
0,
0,
0,
0,
0,
12678,
59186,
35655,
12678,
12678,
35655,
44407,
65535,
35655,
60393,
12678,
12710,
0,
0,
12678,
12678,
12678,
12710,
0,
0,
0,
0,
0,
0,
0,
0,
0,
0,
0,
0,
0,
0,
0,
12710,
50538,
48457,
51912,
33575,
27302,
35687,
60393,
60393,
62505,
19049,
12678,
12678,
19049,
21130,
31698,
29585,
12678,
12711,
0,
0,
0,
0,
0,
0,
0,
0,
0,
0,
0,
10597,
10597,
12678,
33542,
31462,
21130,
56232,
31462,
29415,
42294,
59163,
35655,
31462,
19049,
46488,
54184,
19049,
21130,
27504,
29584,
29618,
12678,
0,
0,
0,
0,
0,
0,
0,
0,
0,
0,
12710,
50538,
59186,
59154,
57073,
59186,
49864,
33575,
29415,
63422,
12678,
35655,
33575,
21130,
51944,
63422,
60425,
21162,
46488,
31698,
31698,
12710,
0,
0,
0,
0,
0,
0,
0,
0,
0,
0,
0,
12646,
12710,
50538,
54993,
35655,
35623,
58344,
35655,
27303,
33575,
62505,
33575,
21129,
51912,
61309,
60425,
21162,
44407,
46520,
31698,
12678,
0,
0,
0,
0,
0,
0,
0,
0,
0,
0,
0,
0,
0,
10597,
31494,
52618,
52848,
45703,
35655,
27270,
31494,
35655,
25222,
19049,
46488,
54184,
19049,
21162,
42294,
19049,
29618,
12678,
0,
0,
0,
0,
0,
0,
0,
0,
0,
0,
0,
0,
12710,
59186,
59154,
59186,
52618,
12678,
29383,
29383,
21130,
21130,
21130,
21130,
21130,
21130,
21162,
48633,
46553,
48601,
31698,
31698,
12711,
0,
0,
0,
0,
0,
0,
0,
0,
0,
0,
0,
0,
12678,
12646,
12678,
12710,
0,
12678,
19049,
49832,
35687,
44375,
61341,
35655,
58345,
21130,
51912,
19049,
21130,
48601,
29585,
31698,
12711,
0,
0,
0,
0,
0,
0,
0,
0,
0,
0,
0,
0,
0,
0,
0,
12645,
52618,
46345,
19049,
35655,
27270,
33542,
62473,
56232,
56264,
21130,
45703,
19049,
21130,
27504,
29585,
12711,
0,
0,
0,
0,
0,
0,
0,
0,
0,
0,
0,
0,
0,
0,
12678,
21130,
21130,
21130,
52618,
62505,
35655,
29383,
12678,
63454,
35655,
21162,
48568,
51912,
21162,
31698,
31698,
12711,
0,
0,
0,
0,
0,
0,
0,
0,
0,
0,
0,
0,
0,
12710,
48457,
54928,
59186,
57073,
54961,
51912,
33542,
27302,
65535,
42294,
33575,
21162,
44375,
49832,
21130,
27504,
29617,
12711,
0,
0,
0,
0,
0,
0,
0,
0,
0,
0,
0,
0,
0,
0,
10597,
12645,
52650,
52848,
19017,
51912,
56232,
27270,
35655,
31494,
56264,
21130,
45703,
19049,
21130,
27504,
12710,
0,
0,
0,
0,
0,
0,
0,
0,
0,
0,
0,
0,
0,
0,
0,
0,
0,
21130,
21162,
52618,
59186,
21130,
51912,
35655,
35655,
21130,
12678,
21130,
21130,
31698,
12711,
0,
0,
0,
0,
0,
0,
0,
0,
0,
0,
0,
0,
0,
0,
0,
0,
0,
12678,
59186,
54961,
48425,
12678,
47783,
27302,
35655,
10597,
12710,
0,
10597,
12678,
12711,
0,
0,
0,
0,
0,
0,
0,
0,
0,
0,
0,
0,
0,
0,
0,
0,
0,
0,
0,
12678,
10597,
12678,
0,
10597,
10597,
12711,
0,
0,
0,
0,
0,
0,
0,
0,
0,
0,
0,
0,
0,
0,
0,
0,
0,
0,
0,
0,
0,
0,
0,
0,
0,
0,
0,
0,
0,
0,
0,
0,
0,
0,
0,
0,
0,
0,
0,
0,
0,
0,
0,
0,
0,
0,
0,
0,
0,
0,
0,
0,
0,
0,
0,
0,
0,
0,
0,
0,
0,
0,
0,
0,
0,
0,
0,
0,
0,
0,
0,
0,
0,
0,
0,
0,
0,
0,
0,
0,
0,
0,
0,
0,
0,
0,
0,
0,
0,
0,
0,
0,
0,
0,
0,
0,
0,
0,
0,
0,
0,
0,
0,
0,
0,
0,
0,
0,
0,
0,
0,
0,
0,
0,
0,
0,
0,
0,
0,
0,
0,
0,
0,
0,
0,
0,
0,
0,
0,
0,
0,
0,
0,
0,
0,
0,
0,
0,
0,
0,
0,
0,
0,
0,
0,
0,
0,
0,
0,
0,
0,
0,
0,
0,
0,
0,
0,
0,
0,
0,
0,
0,
0,
0,
0,
0,
0,
0,
0,
0,
0,
0,
0,
0,
0,
0,
0,
0,
0,
0,
0,
0,
0,
0,
0,
0,
0,
0,
0,
0,
0,
0,
0,
0,
0,
0,
0,
0,
0,
0,
0,
0,
0,
0,
0,
0,
0,
0,
0,
0,
0,
0,
0,
0,
0,
0,
0,
0,
0,
0,
0,
0,
0,
0,
0,
0,
0,
0,
0,
0,
0,
0,
0,
0,
0,
0,
0,
0,
0,
0,
0,
0,
0,
0,
0,
0,
0,
0,
0,
0,
0,
0,
0,
0,
0,
0,
0,
0,
0,
0,
0,
0,
0,
0,
0,
0,
0,
0,
0,
