2020
0,
0,
0,
0,
0,
0,
0,
0,
0,
0,
0,
0,
0,
0,
0,
0,
0,
0,
0,
0,
0,
0,
0,
0,
0,
0,
0,
0,
0,
0,
0,
0,
0,
0,
0,
0,
0,
0,
0,
0,
0,
0,
0,
0,
0,
0,
0,
0,
0,
10597,
10597,
12678,
12678,
0,
0,
0,
0,
0,
0,
0,
0,
0,
0,
0,
0,
0,
0,
0,
0,
0,
0,
0,
0,
0,
0,
0,
0,
0,
0,
0,
12710,
50538,
21130,
52618,
12678,
12711,
0,
0,
0,
0,
0,
0,
0,
0,
0,
0,
0,
0,
0,
0,
0,
0,
0,
0,
0,
0,
0,
0,
0,
0,
0,
0,
12678,
21130,
57041,
21130,
54961,
12710,
0,
0,
0,
0,
0,
0,
0,
0,
0,
0,
0,
0,
0,
10597,
12678,
0,
0,
0,
0,
0,
0,
0,
0,
0,
0,
0,
12710,
52816,
19049,
59154,
27334,
12678,
0,
0,
0,
0,
0,
0,
0,
0,
0,
0,
0,
0,
0,
12710,
59186,
12678,
12711,
0,
0,
0,
0,
0,
0,
0,
0,
12678,
31495,
31495,
52618,
52618,
12711,
0,
0,
0,
0,
0,
0,
0,
0,
0,
0,
0,
0,
0,
12678,
12646,
31527,
57105,
48425,
12678,
12710,
0,
0,
0,
0,
0,
0,
12678,
31495,
29415,
29447,
59186,
12710,
0,
0,
0,
0,
0,
0,
0,
0,
0,
0,
0,
0,
0,
12678,
52816,
50538,
29414,
46313,
31495,
19049,
12678,
0,
0,
0,
0,
0,
12645,
51912,
27334,
27334,
12711,
0,
0,
0,
0,
0,
0,
0,
0,
0,
0,
0,
0,
0,
0,
0,
12710,
59186,
59154,
31495,
31495,
31495,
12711,
0,
12678,
12711,
0,
12678,
21130,
31495,
49864,
12711,
0,
0,
0,
0,
0,
12711,
0,
0,
0,
0,
0,
0,
0,
0,
0,
12710,
54961,
52618,
31495,
29414,
31495,
21130,
19049,
12710,
44407,
42326,
12678,
12678,
49832,
31495,
12646,
0,
0,
0,
0,
12678,
12678,
50538,
12711,
0,
0,
0,
0,
0,
0,
0,
0,
0,
10597,
12678,
54928,
27302,
31495,
19049,
52848,
57106,
19049,
27334,
46488,
25359,
29617,
12711,
0,
0,
0,
0,
12646,
51912,
27334,
19049,
12711,
0,
0,
0,
0,
0,
0,
0,
0,
0,
0,
0,
12678,
12678,
21130,
21130,
21162,
52650,
57106,
21130,
27504,
46488,
27472,
33811,
12711,
0,
0,
12678,
21130,
51912,
49864,
31495,
12711,
0,
0,
0,
0,
0,
0,
0,
0,
0,
0,
0,
0,
0,
12678,
19049,
29382,
31495,
47784,
19049,
46520,
31730,
42294,
27472,
12678,
0,
21162,
42294,
19049,
21162,
47751,
29415,
12711,
0,
0,
0,
0,
0,
0,
0,
0,
0,
0,
0,
0,
10597,
21162,
48425,
19049,
63454,
29383,
40213,
46488,
25359,
42262,
46488,
29617,
19049,
46488,
42261,
42294,
21130,
19017,
12678,
0,
0,
0,
0,
0,
0,
0,
0,
0,
0,
0,
0,
12678,
31527,
52650,
59186,
52618,
21162,
51944,
46488,
27504,
33843,
46488,
46520,
33811,
33811,
21162,
46488,
46488,
27504,
33811,
12711,
0,
0,
0,
0,
0,
0,
0,
0,
0,
0,
0,
0,
12678,
19049,
62505,
50538,
52880,
21162,
61277,
47784,
27504,
44374,
42326,
33843,
25359,
31698,
21162,
31698,
44375,
46488,
19049,
25391,
12711,
0,
0,
0,
0,
0,
0,
0,
0,
0,
0,
0,
12678,
27334,
31527,
54961,
46345,
59154,
12678,
56232,
21130,
19049,
42262,
27504,
29617,
19049,
51912,
19049,
42294,
21162,
29617,
31698,
12711,
0,
0,
0,
0,
0,
0,
0,
0,
0,
0,
0,
0,
12678,
21162,
62505,
59154,
21162,
65503,
21162,
31495,
21162,
46488,
27472,
33811,
21162,
51912,
21162,
46488,
21162,
33811,
21130,
12711,
0,
12711,
0,
0,
0,
0,
0,
0,
0,
0,
0,
0,
12645,
31495,
31495,
56264,
21130,
19049,
29382,
31495,
19049,
42294,
27472,
31697,
31698,
21162,
31698,
44375,
27472,
19049,
58345,
31495,
12678,
57073,
12711,
0,
0,
0,
0,
0,
0,
0,
0,
0,
0,
12678,
12678,
27334,
31495,
29382,
27334,
21162,
42294,
42294,
46488,
25358,
31697,
12710,
42262,
25391,
33811,
56232,
58312,
51912,
27334,
19049,
12711,
0,
0,
0,
0,
0,
0,
0,
0,
0,
0,
0,
0,
12678,
12678,
21130,
21130,
21130,
21130,
46488,
46520,
33811,
12678,
0,
12678,
21162,
33811,
12710,
62505,
31495,
31495,
59186,
12711,
0,
0,
0,
0,
0,
0,
0,
0,
0,
0,
0,
0,
0,
12710,
42294,
19049,
31495,
47751,
19049,
46520,
29617,
19049,
12711,
0,
12646,
12711,
0,
12646,
12710,
46345,
29415,
12711,
0,
0,
0,
0,
0,
0,
0,
0,
0,
0,
0,
0,
10597,
12678,
19049,
56232,
31495,
47751,
19049,
46488,
19049,
56232,
12678,
12678,
0,
0,
0,
0,
0,
10597,
12710,
0,
0,
0,
0,
0,
0,
0,
0,
0,
0,
0,
12678,
12678,
31495,
31495,
31527,
62473,
31495,
12710,
46488,
46488,
12710,
62473,
31527,
62473,
12678,
12678,
12711,
0,
0,
0,
0,
0,
0,
0,
0,
0,
0,
0,
0,
0,
0,
12645,
59186,
54961,
27334,
31495,
29382,
19017,
12711,
0,
10597,
12678,
0,
12645,
31527,
56232,
29414,
31527,
52816,
12646,
12711,
0,
0,
0,
0,
0,
0,
0,
0,
0,
0,
0,
12678,
48425,
59154,
29415,
29415,
65535,
42294,
12678,
0,
0,
0,
0,
0,
0,
12678,
29382,
29415,
21162,
48425,
57041,
57106,
10597,
0,
0,
0,
0,
0,
0,
0,
0,
0,
0,
12710,
59154,
21130,
21130,
31495,
12710,
65503,
12711,
0,
0,
0,
0,
0,
0,
12678,
31495,
31527,
59186,
21130,
21130,
12711,
0,
0,
0,
0,
0,
0,
0,
0,
0,
0,
12678,
19049,
19049,
59186,
54993,
27334,
54938,
12678,
0,
0,
0,
0,
0,
0,
0,
0,
12677,
48425,
21162,
52848,
54961,
12711,
0,
0,
0,
0,
0,
0,
0,
0,
0,
0,
12710,
50538,
52848,
21162,
50505,
27334,
12711,
0,
0,
0,
0,
0,
0,
0,
0,
0,
0,
12678,
52618,
19017,
12710,
0,
0,
0,
0,
0,
0,
0,
0,
0,
0,
0,
12710,
59186,
12710,
52618,
12678,
12711,
0,
0,
0,
0,
0,
0,
0,
0,
0,
0,
0,
0,
12678,
12711,
0,
0,
0,
0,
0,
0,
0,
0,
0,
0,
0,
0,
0,
12678,
0,
12711,
0,
0,
0,
0,
0,
0,
0,
0,
0,
0,
0,
0,
0,
0,
0,
0,
0,
0,
0,
0,
0,
0,
0,
0,
0,
0,
0,
0,
0,
0,
0,
0,
0,
0,
0,
0,
0,
0,
0,
0,
0,
0,
0,
0,
0,
0,
0,
0,
0,
0,
0,
0,
0,
0,
0,
0,
