2020
0,
0,
0,
0,
0,
0,
0,
0,
0,
0,
0,
0,
0,
0,
0,
0,
12678,
0,
0,
0,
0,
0,
0,
0,
0,
0,
0,
0,
0,
0,
0,
0,
0,
0,
0,
0,
0,
0,
0,
0,
0,
0,
0,
0,
0,
0,
0,
12678,
43784,
12711,
0,
12711,
0,
0,
0,
0,
0,
0,
0,
0,
0,
0,
0,
0,
0,
0,
0,
0,
0,
0,
0,
0,
0,
12678,
10597,
12678,
0,
0,
0,
12678,
39623,
19049,
12678,
31303,
12710,
0,
0,
0,
0,
0,
0,
0,
0,
0,
0,
0,
0,
0,
0,
0,
0,
0,
0,
0,
12646,
43466,
39337,
41385,
12711,
0,
0,
12678,
39623,
33416,
12678,
31303,
33416,
12710,
0,
0,
0,
0,
0,
0,
0,
0,
0,
0,
0,
0,
0,
0,
0,
0,
0,
0,
0,
12678,
43466,
43466,
43466,
12678,
12678,
53803,
43784,
43784,
12678,
35464,
35464,
12711,
0,
0,
0,
0,
0,
0,
0,
0,
0,
0,
0,
0,
0,
0,
0,
0,
0,
0,
10597,
12678,
10597,
19049,
21130,
47594,
49642,
53771,
39623,
41704,
12678,
19017,
33384,
33416,
12678,
0,
0,
0,
0,
0,
0,
0,
0,
0,
0,
0,
0,
0,
0,
0,
12678,
12678,
29767,
31880,
29735,
29768,
53771,
47594,
41385,
43466,
39623,
12710,
0,
12645,
35464,
33416,
12678,
0,
0,
0,
0,
0,
0,
0,
0,
0,
0,
0,
0,
0,
0,
12710,
31912,
31880,
31880,
21130,
21130,
53771,
53771,
43466,
53803,
35496,
43816,
46105,
12711,
0,
12678,
35464,
35464,
12711,
0,
0,
0,
0,
0,
0,
0,
0,
0,
0,
0,
0,
0,
12645,
31880,
27655,
19017,
53771,
47594,
49642,
21130,
19017,
33383,
35464,
51232,
44023,
12711,
0,
12678,
33384,
12678,
0,
0,
0,
0,
0,
0,
0,
0,
0,
0,
0,
0,
0,
12678,
29735,
12678,
19049,
49642,
53803,
19049,
19081,
31880,
19017,
33384,
12678,
51232,
44024,
12711,
0,
12678,
35464,
31303,
12711,
0,
0,
0,
0,
0,
0,
0,
0,
0,
0,
0,
0,
12678,
12678,
0,
12678,
53771,
21162,
31880,
31880,
21130,
53771,
35464,
57376,
46105,
46105,
12711,
0,
12678,
35464,
12711,
0,
0,
0,
0,
0,
0,
0,
0,
0,
0,
0,
0,
0,
0,
0,
0,
12645,
47594,
21162,
27655,
19049,
53771,
47562,
49642,
46105,
39862,
41704,
35464,
10597,
12646,
12710,
0,
12678,
12710,
0,
0,
0,
0,
0,
0,
0,
0,
0,
0,
0,
0,
0,
12678,
49674,
21129,
31880,
19049,
21130,
53771,
49642,
21130,
35496,
39655,
35464,
35464,
33384,
44056,
21130,
10597,
12678,
43784,
12678,
0,
0,
0,
0,
0,
0,
0,
0,
0,
0,
0,
0,
12678,
53771,
21162,
31880,
21130,
53771,
53771,
51723,
21130,
35464,
35464,
12678,
12678,
35464,
46105,
21162,
43784,
21162,
43784,
12711,
0,
0,
0,
0,
0,
0,
0,
0,
0,
0,
0,
12645,
53771,
19017,
27687,
31880,
19017,
49642,
53771,
19017,
33383,
35464,
12678,
0,
0,
10597,
21098,
44024,
19017,
41736,
41704,
12678,
0,
0,
0,
0,
0,
0,
0,
0,
0,
0,
0,
12678,
12678,
29768,
29800,
21130,
49642,
51723,
53803,
19049,
33416,
35464,
33383,
12711,
0,
12646,
43784,
46105,
19049,
43784,
35464,
12678,
0,
0,
0,
0,
0,
0,
0,
0,
0,
0,
0,
0,
12710,
31880,
31880,
21130,
53771,
53771,
12678,
12678,
35464,
12678,
35464,
12711,
0,
0,
12678,
21162,
43784,
21162,
46137,
43784,
12711,
0,
0,
0,
0,
0,
0,
0,
0,
0,
0,
0,
12678,
27655,
10597,
12678,
47562,
12678,
0,
0,
12678,
0,
10597,
33384,
12711,
0,
0,
12678,
37543,
21130,
44024,
39862,
12710,
0,
0,
0,
0,
0,
0,
0,
0,
0,
0,
0,
12678,
12710,
0,
0,
12710,
0,
0,
0,
0,
0,
12646,
35464,
12711,
0,
0,
12678,
39624,
21130,
12678,
12678,
0,
0,
0,
0,
0,
0,
0,
0,
0,
0,
0,
0,
0,
0,
0,
0,
0,
0,
0,
0,
0,
12678,
33416,
12711,
0,
0,
12678,
43784,
41704,
12711,
0,
0,
0,
0,
0,
0,
0,
0,
0,
0,
0,
0,
0,
0,
0,
0,
0,
0,
0,
0,
0,
0,
0,
12678,
31303,
12710,
0,
0,
0,
12678,
39591,
33416,
12710,
0,
0,
0,
0,
0,
0,
0,
0,
0,
0,
0,
0,
0,
0,
0,
0,
0,
0,
0,
0,
0,
0,
0,
12678,
0,
0,
10597,
12678,
43784,
39623,
43784,
12711,
0,
0,
0,
0,
0,
0,
0,
0,
0,
0,
0,
0,
0,
0,
0,
0,
0,
0,
0,
0,
0,
0,
0,
0,
12678,
12678,
33416,
46105,
21162,
41704,
43784,
35464,
12710,
0,
0,
0,
0,
0,
0,
0,
0,
0,
0,
0,
0,
0,
0,
0,
0,
0,
0,
0,
0,
10597,
12678,
10597,
33384,
35464,
31303,
41943,
12678,
39591,
41736,
41704,
12678,
0,
0,
0,
0,
0,
0,
0,
0,
0,
0,
0,
0,
0,
0,
0,
0,
0,
0,
0,
12678,
35464,
35464,
21097,
35464,
35464,
33384,
21130,
12678,
41704,
43784,
43784,
12710,
0,
0,
0,
0,
0,
0,
0,
0,
0,
0,
0,
0,
0,
0,
0,
0,
0,
0,
0,
12678,
12678,
21130,
33416,
35464,
35464,
33384,
12711,
0,
12678,
43784,
35464,
12710,
0,
0,
0,
0,
0,
0,
0,
0,
0,
0,
0,
0,
0,
0,
0,
0,
0,
0,
0,
0,
12645,
35464,
31303,
33384,
21130,
31303,
12710,
0,
10597,
41736,
12710,
0,
0,
0,
0,
0,
0,
0,
0,
0,
0,
0,
0,
0,
0,
0,
0,
0,
0,
0,
0,
12678,
35464,
35464,
21097,
35464,
21130,
33384,
12711,
0,
12678,
43784,
12711,
0,
0,
0,
0,
0,
0,
0,
0,
0,
0,
0,
0,
0,
0,
0,
0,
0,
0,
0,
0,
12678,
35464,
21130,
33384,
35464,
12678,
33383,
12711,
0,
0,
12711,
0,
0,
0,
0,
0,
0,
0,
0,
0,
0,
0,
0,
0,
0,
0,
0,
0,
0,
0,
0,
0,
10597,
10597,
12678,
31303,
12710,
0,
12678,
0,
0,
0,
0,
0,
0,
0,
0,
0,
0,
0,
0,
0,
0,
0,
0,
0,
0,
0,
0,
0,
0,
0,
0,
0,
0,
0,
12678,
33384,
12711,
0,
0,
0,
0,
0,
0,
0,
0,
0,
0,
0,
0,
0,
0,
0,
0,
0,
0,
0,
0,
0,
0,
0,
0,
0,
0,
0,
0,
0,
12678,
12678,
0,
0,
0,
0,
0,
0,
0,
0,
0,
0,
0,
0,
0,
0,
0,
