2020
0,
0,
0,
0,
0,
0,
0,
0,
0,
0,
0,
0,
0,
0,
0,
0,
0,
0,
0,
0,
0,
0,
0,
0,
0,
0,
0,
0,
0,
0,
0,
0,
0,
0,
0,
0,
0,
0,
0,
0,
0,
0,
0,
0,
0,
0,
0,
0,
0,
0,
0,
0,
0,
0,
0,
0,
0,
0,
0,
0,
0,
0,
0,
0,
0,
0,
0,
0,
0,
0,
0,
0,
0,
0,
0,
0,
0,
12678,
12678,
0,
0,
0,
0,
0,
0,
0,
0,
0,
0,
0,
0,
0,
0,
0,
0,
0,
0,
0,
0,
0,
0,
0,
0,
0,
0,
0,
0,
0,
12678,
48263,
19049,
12678,
0,
0,
0,
0,
0,
0,
0,
0,
0,
0,
0,
0,
0,
0,
0,
0,
0,
0,
0,
0,
0,
0,
0,
0,
0,
0,
0,
0,
12678,
60911,
52456,
12678,
0,
0,
0,
0,
0,
0,
0,
0,
0,
0,
0,
0,
0,
0,
0,
0,
0,
0,
0,
0,
0,
0,
0,
0,
0,
0,
0,
0,
12678,
54536,
65136,
12678,
0,
0,
0,
0,
0,
0,
12678,
12678,
0,
0,
0,
0,
0,
0,
0,
0,
0,
0,
0,
0,
0,
0,
0,
0,
0,
0,
0,
0,
12678,
56750,
58863,
12678,
0,
0,
0,
0,
0,
12678,
23275,
12678,
12678,
0,
0,
0,
0,
0,
0,
0,
0,
0,
0,
0,
0,
0,
0,
0,
0,
0,
0,
12678,
65136,
50375,
52456,
65136,
10597,
0,
0,
0,
0,
0,
10597,
27469,
12678,
0,
0,
0,
0,
0,
0,
0,
0,
0,
0,
0,
0,
0,
0,
0,
0,
0,
0,
12678,
65136,
54536,
54568,
12678,
12678,
12678,
12678,
0,
0,
12678,
27469,
12678,
0,
0,
0,
0,
0,
0,
0,
0,
0,
0,
0,
0,
0,
0,
0,
0,
0,
0,
0,
10597,
12678,
48263,
19049,
21130,
46683,
48861,
50974,
10597,
12646,
25388,
10597,
0,
0,
0,
0,
0,
0,
0,
0,
0,
0,
0,
0,
0,
0,
0,
0,
0,
0,
0,
0,
0,
12678,
38232,
52456,
53055,
10597,
12678,
12678,
25356,
27469,
21130,
25356,
12678,
0,
0,
0,
0,
0,
0,
0,
0,
0,
0,
0,
0,
0,
0,
0,
0,
0,
0,
0,
12678,
40378,
50942,
21130,
12678,
0,
0,
12678,
25388,
21130,
53055,
19049,
12678,
0,
0,
0,
0,
0,
0,
0,
0,
0,
0,
0,
0,
0,
0,
0,
0,
0,
0,
0,
10597,
53055,
23408,
10597,
12678,
10597,
12646,
0,
10597,
12646,
12678,
46683,
12678,
0,
0,
0,
0,
0,
0,
0,
0,
0,
0,
0,
0,
0,
0,
0,
0,
0,
0,
12646,
50942,
25554,
19049,
50942,
25554,
23441,
40346,
12678,
0,
0,
0,
10597,
53055,
12678,
0,
0,
0,
0,
0,
0,
0,
0,
0,
0,
0,
0,
0,
0,
0,
0,
0,
12678,
53023,
21130,
50942,
25554,
53055,
21130,
21130,
21130,
12678,
0,
0,
12678,
53055,
12678,
0,
0,
0,
0,
0,
0,
0,
0,
0,
0,
0,
0,
10597,
12678,
0,
10597,
0,
10597,
10597,
53055,
55951,
57999,
50974,
19017,
25388,
21130,
10597,
12646,
0,
0,
12678,
50909,
10597,
0,
0,
0,
0,
0,
0,
0,
0,
0,
0,
12678,
63422,
40378,
12678,
50974,
12678,
25521,
53023,
53055,
25521,
53023,
53055,
50942,
53055,
27469,
45645,
53055,
12678,
0,
12678,
53055,
12678,
0,
0,
0,
0,
0,
0,
0,
0,
0,
0,
12678,
38297,
53055,
50942,
50974,
53055,
38265,
21130,
53055,
38265,
53023,
53055,
12678,
12678,
40378,
45645,
64209,
12678,
0,
12678,
53055,
12678,
0,
0,
0,
0,
0,
0,
0,
0,
0,
0,
0,
10597,
12678,
10597,
10597,
12678,
10597,
48796,
21130,
46683,
36152,
50974,
46683,
38232,
25554,
10597,
12646,
0,
0,
12678,
50909,
10597,
0,
0,
0,
0,
0,
0,
0,
0,
0,
0,
0,
0,
0,
0,
0,
0,
12678,
53023,
21130,
19049,
53023,
25554,
25521,
25554,
40346,
12678,
0,
0,
12678,
53055,
12678,
0,
0,
0,
0,
0,
0,
0,
0,
0,
0,
0,
0,
0,
0,
0,
0,
0,
0,
12678,
40378,
19049,
21130,
53055,
48829,
40346,
12678,
0,
0,
0,
12646,
53055,
12678,
0,
0,
0,
0,
0,
0,
0,
0,
0,
0,
0,
0,
0,
0,
0,
0,
0,
0,
10597,
21130,
19017,
25356,
12678,
10597,
12646,
0,
0,
12646,
12678,
40378,
12678,
0,
0,
0,
0,
0,
0,
0,
0,
0,
0,
0,
0,
0,
0,
0,
0,
0,
0,
12678,
12678,
21130,
50942,
21130,
12678,
0,
0,
0,
12678,
21130,
47946,
12678,
47946,
12678,
12678,
0,
0,
0,
0,
0,
0,
0,
0,
0,
0,
0,
0,
0,
0,
0,
0,
12646,
27469,
27469,
19049,
50942,
53055,
12646,
12678,
12678,
12646,
47946,
47946,
43785,
37447,
47946,
43785,
12678,
12678,
0,
0,
0,
0,
0,
0,
0,
0,
0,
0,
0,
0,
0,
0,
10597,
44373,
21130,
23275,
10597,
12678,
46683,
48861,
50974,
46683,
12646,
45865,
33286,
12678,
45865,
10597,
45866,
10597,
0,
0,
0,
0,
0,
0,
0,
0,
0,
0,
0,
0,
0,
12678,
65503,
48599,
12678,
12678,
0,
0,
12678,
12678,
12678,
12678,
0,
12678,
12678,
0,
12678,
0,
12678,
0,
0,
0,
0,
0,
0,
0,
0,
0,
0,
0,
0,
0,
12678,
65535,
46486,
12678,
0,
0,
0,
0,
0,
0,
0,
0,
0,
0,
0,
0,
0,
0,
0,
0,
0,
0,
0,
0,
0,
0,
0,
0,
0,
0,
0,
0,
10597,
65535,
10597,
0,
0,
0,
0,
0,
0,
0,
0,
0,
0,
0,
0,
0,
0,
0,
0,
0,
0,
0,
0,
0,
0,
0,
0,
0,
0,
0,
0,
0,
12678,
12678,
0,
0,
0,
0,
0,
0,
0,
0,
0,
0,
0,
0,
0,
0,
0,
0,
0,
0,
0,
0,
0,
0,
0,
0,
0,
0,
0,
0,
0,
0,
0,
0,
0,
0,
0,
0,
0,
0,
0,
0,
0,
0,
0,
0,
0,
0,
0,
0,
0,
0,
0,
0,
0,
0,
0,
0,
0,
0,
0,
0,
0,
0,
0,
0,
0,
0,
0,
0,
0,
0,
0,
0,
0,
0,
0,
0,
0,
0,
0,
0,
0,
0,
0,
0,
0,
0,
0,
0,
0,
0,
0,
0,
0,
0,
0,
0,
0,
0,
0,
0,
0,
0,
0,
0,
0,
0,
0,
0,
0,
0,
0,
0,
0,
0,
0,
0,
0,
0,
