2020
0,
0,
0,
0,
0,
0,
0,
0,
0,
0,
0,
0,
0,
0,
0,
0,
0,
0,
0,
0,
0,
0,
0,
0,
0,
0,
0,
0,
0,
0,
0,
0,
0,
0,
0,
0,
0,
0,
0,
0,
0,
0,
0,
0,
0,
0,
0,
0,
0,
0,
0,
0,
0,
0,
0,
0,
0,
0,
0,
0,
0,
0,
0,
0,
0,
0,
0,
0,
0,
0,
0,
0,
0,
0,
0,
0,
0,
0,
0,
0,
0,
0,
0,
0,
0,
0,
0,
0,
0,
0,
0,
0,
0,
0,
0,
0,
0,
0,
0,
0,
0,
0,
0,
0,
0,
0,
0,
0,
0,
0,
10597,
10597,
12678,
10630,
0,
0,
0,
0,
0,
0,
0,
0,
0,
0,
0,
0,
0,
0,
0,
0,
0,
0,
0,
0,
0,
0,
0,
0,
0,
0,
0,
12678,
29384,
37770,
37770,
37770,
12711,
0,
0,
0,
0,
0,
0,
0,
0,
0,
0,
0,
0,
0,
0,
0,
0,
0,
0,
0,
0,
0,
0,
0,
0,
0,
12678,
13256,
35657,
35690,
29384,
12678,
0,
0,
0,
0,
0,
0,
0,
0,
0,
0,
0,
0,
0,
0,
0,
0,
0,
0,
0,
0,
0,
0,
0,
0,
0,
10597,
15468,
13256,
33577,
27303,
37770,
33577,
12678,
0,
10597,
12678,
0,
0,
0,
0,
0,
0,
0,
0,
0,
0,
0,
0,
0,
0,
0,
0,
0,
0,
0,
0,
0,
12678,
17613,
17645,
13256,
29384,
37770,
21162,
0,
12710,
37738,
12711,
0,
12678,
12678,
12711,
0,
0,
0,
0,
0,
0,
0,
0,
0,
0,
0,
12710,
0,
0,
0,
0,
0,
12678,
17580,
17645,
11111,
12678,
12711,
0,
12678,
37770,
33609,
21130,
12678,
33609,
37770,
12710,
0,
0,
0,
0,
0,
0,
0,
0,
0,
0,
12710,
42029,
10597,
12678,
10597,
12678,
0,
0,
10630,
13256,
33577,
12678,
0,
0,
12678,
37770,
33577,
27304,
35689,
33577,
12710,
0,
0,
0,
0,
0,
0,
0,
0,
0,
0,
0,
12710,
46222,
46222,
37770,
37770,
21130,
12711,
0,
12710,
37770,
21130,
12711,
0,
0,
0,
12678,
21130,
46222,
46222,
12710,
0,
12678,
12710,
0,
0,
0,
0,
0,
0,
0,
0,
0,
0,
12678,
19049,
21162,
35657,
35657,
12711,
0,
0,
12710,
42029,
19049,
12711,
0,
12678,
21162,
42029,
44141,
44174,
19017,
12678,
46222,
33577,
12710,
0,
0,
0,
0,
0,
0,
0,
0,
12710,
42029,
42029,
46222,
19017,
19049,
37770,
10597,
12678,
46222,
19017,
19049,
21130,
12645,
44109,
44174,
19017,
21097,
35690,
39948,
44141,
35689,
10630,
0,
0,
0,
0,
0,
0,
0,
0,
0,
0,
12678,
21162,
46254,
46222,
21130,
64628,
64596,
43791,
21162,
46222,
21130,
21162,
46222,
46222,
21130,
21162,
46254,
37802,
46222,
46222,
12711,
0,
0,
0,
0,
0,
0,
0,
0,
0,
0,
13288,
23919,
15500,
21130,
42061,
35657,
21162,
41710,
60467,
21162,
42029,
44141,
21130,
19049,
44141,
46222,
19017,
21130,
44174,
27271,
37770,
12710,
0,
0,
0,
0,
0,
0,
0,
0,
0,
11143,
26064,
23919,
23887,
21162,
33577,
33609,
21162,
58354,
39662,
21162,
39948,
19049,
21130,
42028,
44141,
21130,
19017,
21130,
44141,
39948,
12710,
0,
0,
0,
0,
0,
0,
0,
0,
0,
0,
0,
13288,
26064,
26064,
17645,
21130,
37770,
37770,
21130,
21162,
46254,
46222,
46222,
21130,
21162,
46254,
46222,
21162,
46254,
46254,
29384,
37770,
12711,
0,
0,
0,
0,
0,
0,
0,
0,
0,
0,
0,
13224,
15500,
17645,
19049,
35657,
37770,
35657,
44141,
46222,
42029,
19049,
21162,
42029,
44141,
21130,
19017,
21130,
37770,
42029,
46222,
12710,
0,
0,
0,
0,
0,
0,
0,
0,
0,
0,
13288,
15468,
15468,
17613,
15468,
19017,
46222,
33577,
10597,
12710,
39948,
19049,
21130,
19049,
44141,
46222,
19017,
44141,
35690,
39948,
46222,
35690,
10630,
0,
0,
0,
0,
0,
0,
0,
0,
0,
0,
13256,
13256,
17645,
21130,
46222,
46254,
46222,
12711,
0,
12678,
21162,
46254,
46222,
12678,
21162,
46222,
46254,
46222,
21130,
12710,
37770,
37770,
12711,
0,
0,
0,
0,
0,
0,
0,
0,
0,
0,
0,
12710,
42029,
42029,
46222,
33577,
12678,
0,
12645,
42061,
44174,
10630,
0,
12678,
19049,
44141,
44141,
10630,
0,
12678,
10630,
0,
0,
0,
0,
0,
0,
0,
0,
0,
0,
0,
10597,
46222,
42029,
42029,
12678,
12678,
0,
0,
12645,
42061,
12710,
0,
12678,
37770,
33577,
27304,
35690,
33577,
12710,
0,
0,
0,
0,
0,
0,
0,
0,
0,
0,
0,
0,
0,
12710,
46222,
12678,
12711,
0,
0,
0,
12710,
17613,
17645,
13256,
12678,
21162,
37770,
37770,
21130,
12710,
37770,
37770,
12711,
0,
0,
0,
0,
0,
0,
0,
0,
0,
0,
0,
0,
0,
12678,
0,
0,
0,
0,
0,
12710,
15436,
15500,
13256,
33577,
44141,
21130,
33577,
12710,
0,
10597,
12678,
12710,
0,
0,
0,
0,
0,
0,
0,
0,
0,
0,
0,
0,
0,
0,
0,
0,
0,
0,
0,
12710,
15468,
13224,
46222,
33609,
44141,
46222,
10597,
12710,
0,
0,
0,
0,
0,
0,
0,
0,
0,
0,
0,
0,
0,
0,
0,
0,
0,
0,
0,
0,
0,
0,
0,
0,
12710,
13288,
46254,
46222,
37770,
12711,
0,
0,
0,
0,
0,
0,
0,
0,
0,
0,
0,
0,
0,
0,
0,
0,
0,
0,
0,
0,
0,
0,
0,
0,
0,
0,
0,
12678,
37770,
42028,
44141,
44174,
10630,
0,
0,
0,
0,
0,
0,
0,
0,
0,
0,
0,
0,
0,
0,
0,
0,
0,
0,
0,
0,
0,
0,
0,
0,
0,
0,
0,
12678,
10597,
12678,
12710,
0,
0,
0,
0,
0,
0,
0,
0,
0,
0,
0,
0,
0,
0,
0,
0,
0,
0,
0,
0,
0,
0,
0,
0,
0,
0,
0,
0,
0,
0,
0,
0,
0,
0,
0,
0,
0,
0,
0,
0,
0,
0,
0,
0,
0,
0,
0,
0,
0,
0,
0,
0,
0,
0,
0,
0,
0,
0,
0,
0,
0,
0,
0,
0,
0,
0,
0,
0,
0,
0,
0,
0,
0,
0,
0,
0,
0,
0,
0,
0,
0,
0,
0,
0,
0,
0,
0,
0,
0,
0,
0,
0,
0,
0,
0,
0,
0,
0,
0,
0,
0,
0,
0,
0,
0,
0,
0,
0,
0,
0,
0,
0,
0,
0,
0,
0,
0,
0,
0,
0,
0,
0,
0,
0,
0,
0,
0,
0,
0,
0,
0,
0,
0,
0,
0,
0,
0,
0,
0,
0,
