2020
0,
0,
0,
0,
0,
0,
0,
0,
0,
0,
0,
0,
0,
0,
0,
0,
0,
0,
0,
0,
0,
0,
0,
0,
0,
0,
0,
0,
0,
0,
0,
0,
0,
0,
0,
0,
0,
0,
0,
0,
0,
0,
0,
0,
0,
0,
0,
0,
0,
0,
0,
0,
0,
0,
0,
0,
0,
0,
0,
0,
0,
0,
0,
0,
0,
0,
0,
0,
0,
0,
0,
0,
0,
0,
0,
0,
0,
0,
0,
0,
12678,
12678,
10597,
0,
0,
0,
0,
0,
0,
0,
0,
0,
0,
0,
0,
0,
0,
0,
0,
0,
0,
0,
0,
0,
0,
0,
0,
0,
0,
0,
0,
12678,
36250,
25718,
34137,
12711,
0,
0,
0,
0,
0,
0,
0,
0,
0,
0,
0,
0,
0,
0,
0,
0,
0,
0,
0,
0,
0,
0,
0,
0,
0,
0,
12710,
23539,
23572,
36250,
31991,
19049,
12678,
12678,
0,
0,
0,
0,
0,
0,
0,
0,
0,
0,
0,
0,
0,
0,
0,
0,
0,
0,
0,
0,
0,
0,
0,
0,
12710,
34169,
36250,
36250,
21130,
52825,
52825,
12678,
12678,
12678,
12710,
0,
0,
0,
0,
0,
0,
0,
0,
0,
0,
0,
0,
0,
0,
0,
12678,
12711,
0,
12678,
12678,
12678,
21130,
21130,
36249,
21130,
21130,
21130,
39668,
46846,
48959,
48959,
12710,
0,
0,
0,
0,
0,
0,
0,
0,
0,
0,
0,
0,
0,
0,
12646,
48959,
42619,
12678,
65535,
57115,
42620,
25718,
32023,
19049,
48959,
57115,
59196,
39636,
42587,
46813,
46846,
19017,
12710,
0,
0,
0,
0,
0,
0,
0,
0,
0,
0,
0,
0,
0,
12678,
48959,
46846,
39636,
65535,
63422,
46846,
25718,
25653,
21162,
48959,
63390,
63455,
48927,
37587,
48927,
25718,
34137,
12711,
0,
0,
0,
0,
0,
0,
0,
0,
0,
0,
0,
0,
12678,
46813,
48959,
46814,
31247,
39668,
61309,
46814,
48959,
23605,
36217,
21162,
61309,
63422,
48927,
37555,
46878,
25718,
34104,
12711,
0,
0,
0,
0,
0,
0,
0,
0,
0,
0,
0,
0,
12678,
42619,
48959,
44668,
32023,
39668,
57115,
44668,
48927,
23540,
32055,
21162,
57115,
59196,
46878,
42587,
37555,
33296,
32023,
34136,
12710,
0,
0,
0,
0,
0,
0,
0,
0,
0,
0,
0,
0,
12678,
48959,
46878,
63422,
33328,
37588,
46878,
48959,
25685,
36249,
21162,
63390,
63455,
48959,
46846,
36249,
64738,
34137,
12711,
0,
0,
0,
0,
0,
0,
0,
0,
0,
0,
0,
0,
12678,
37555,
39668,
46846,
63390,
65535,
37587,
46814,
48959,
23605,
25685,
25718,
21130,
63422,
48959,
34104,
12678,
64738,
34136,
36217,
12711,
0,
0,
0,
0,
0,
0,
0,
0,
0,
0,
0,
10597,
42587,
39668,
44668,
59164,
65503,
35474,
44668,
48927,
23540,
32056,
36250,
19049,
59196,
46878,
32023,
60546,
21130,
19017,
12710,
0,
0,
0,
0,
0,
0,
0,
0,
0,
0,
0,
0,
12710,
48926,
39668,
48959,
65503,
65535,
33296,
33328,
48959,
46878,
25718,
36282,
36217,
21162,
48959,
21130,
21162,
65535,
46488,
52825,
12711,
0,
0,
0,
0,
0,
0,
0,
0,
0,
0,
12710,
46846,
46781,
33296,
37555,
63390,
65535,
34136,
37587,
48959,
46813,
63422,
25718,
23573,
21130,
21162,
48663,
65503,
65535,
42294,
21130,
12711,
0,
0,
0,
0,
0,
0,
0,
0,
0,
0,
12710,
44668,
42619,
36250,
35506,
59196,
65535,
42620,
29166,
33328,
44668,
59196,
25718,
32023,
34104,
36217,
19017,
21130,
44407,
19017,
12710,
0,
0,
0,
0,
0,
0,
0,
0,
0,
0,
0,
0,
12710,
48927,
48959,
33296,
39636,
48959,
48927,
48927,
33296,
33328,
65535,
65535,
25686,
25686,
25718,
25685,
21130,
21162,
46878,
48927,
12711,
0,
0,
0,
0,
0,
0,
0,
0,
0,
0,
12678,
37555,
35507,
48959,
44733,
31215,
39668,
44700,
44733,
36250,
37555,
61341,
65535,
44700,
25653,
36250,
19049,
36217,
36250,
23540,
25685,
37587,
12678,
0,
0,
0,
0,
0,
0,
0,
0,
0,
12710,
44668,
35474,
48959,
59196,
59196,
39636,
42620,
44668,
48927,
35506,
59228,
65535,
42587,
23572,
21130,
32023,
34136,
25686,
42587,
46813,
46813,
12678,
0,
0,
0,
0,
0,
0,
0,
0,
0,
12710,
48927,
33296,
39668,
65503,
65503,
33328,
39668,
48927,
48959,
33296,
39668,
65535,
25686,
36250,
21162,
25686,
36250,
36282,
25686,
39668,
48959,
12711,
0,
0,
0,
0,
0,
0,
0,
0,
12678,
36282,
44733,
34104,
39668,
61309,
61277,
36250,
37555,
44733,
48959,
59196,
31247,
33296,
31215,
34137,
36250,
19017,
21130,
12710,
44668,
46846,
12711,
0,
0,
0,
0,
0,
0,
0,
0,
0,
12646,
48927,
44668,
42619,
33296,
35506,
59196,
48927,
29166,
35506,
48959,
59164,
59196,
25718,
32023,
34104,
25686,
23507,
12710,
0,
10597,
12710,
0,
0,
0,
0,
0,
0,
0,
0,
0,
0,
0,
12678,
12710,
36282,
65535,
39668,
48959,
48959,
36250,
39668,
48959,
65535,
65535,
25718,
25686,
25686,
12678,
12711,
0,
0,
0,
0,
0,
0,
0,
0,
0,
0,
0,
0,
0,
0,
0,
0,
0,
10597,
12678,
12646,
12646,
48959,
44700,
37555,
48959,
59228,
23605,
25718,
32023,
12710,
0,
0,
0,
0,
0,
0,
0,
0,
0,
0,
0,
0,
0,
0,
0,
0,
0,
0,
0,
0,
0,
0,
0,
12678,
19017,
19049,
48959,
23540,
34104,
12678,
12678,
0,
0,
0,
0,
0,
0,
0,
0,
0,
0,
0,
0,
0,
0,
0,
0,
0,
0,
0,
0,
0,
0,
0,
0,
12678,
36250,
25686,
21130,
21130,
12711,
0,
0,
0,
0,
0,
0,
0,
0,
0,
0,
0,
0,
0,
0,
0,
0,
0,
0,
0,
0,
0,
0,
0,
0,
0,
0,
0,
12678,
23573,
36250,
34104,
12710,
0,
0,
0,
0,
0,
0,
0,
0,
0,
0,
0,
0,
0,
0,
0,
0,
0,
0,
0,
0,
0,
0,
0,
0,
0,
0,
0,
0,
10597,
12678,
12678,
0,
0,
0,
0,
0,
0,
0,
0,
0,
0,
0,
0,
0,
0,
0,
0,
0,
0,
0,
0,
0,
0,
0,
0,
0,
0,
0,
0,
0,
0,
0,
0,
0,
0,
0,
0,
0,
0,
0,
0,
0,
0,
0,
0,
0,
0,
0,
0,
0,
0,
0,
0,
0,
0,
0,
0,
0,
0,
0,
0,
0,
0,
0,
0,
0,
0,
0,
0,
0,
0,
0,
0,
0,
0,
0,
0,
0,
0,
0,
0,
0,
0,
0,
0,
0,
0,
0,
0,
0,
0,
0,
0,
0,
0,
0,
0,
0,
0,
0,
0,
0,
0,
0,
0,
0,
0,
0,
0,
0,
0,
0,
0,
