2020
0,
0,
0,
0,
0,
0,
0,
0,
0,
0,
0,
0,
0,
0,
0,
0,
0,
0,
0,
0,
0,
0,
0,
0,
0,
0,
0,
0,
0,
0,
0,
0,
0,
0,
0,
0,
0,
0,
0,
0,
0,
0,
0,
0,
0,
0,
12678,
12711,
0,
0,
0,
0,
0,
0,
0,
0,
0,
0,
0,
0,
0,
0,
0,
0,
0,
0,
0,
0,
0,
0,
0,
0,
0,
0,
0,
0,
0,
10597,
21130,
12678,
0,
12678,
10597,
12678,
0,
0,
0,
0,
0,
0,
0,
0,
0,
0,
0,
0,
0,
0,
0,
0,
0,
0,
0,
0,
0,
0,
0,
0,
12678,
19049,
12710,
31571,
12678,
21130,
19049,
12710,
0,
0,
0,
0,
0,
0,
0,
0,
0,
0,
0,
0,
0,
0,
0,
0,
0,
0,
0,
0,
0,
0,
0,
0,
12678,
21130,
12678,
12678,
21130,
16904,
12711,
0,
0,
0,
0,
0,
0,
0,
0,
0,
0,
0,
0,
0,
0,
0,
0,
0,
0,
0,
0,
0,
0,
0,
0,
12678,
14823,
19017,
35337,
19017,
19017,
12711,
0,
0,
0,
0,
0,
0,
0,
0,
0,
0,
0,
0,
0,
0,
0,
0,
0,
0,
0,
0,
0,
0,
0,
0,
0,
12678,
45512,
16904,
64039,
21097,
59911,
16904,
12646,
12710,
0,
0,
0,
0,
0,
0,
0,
0,
0,
0,
0,
0,
0,
0,
0,
0,
0,
0,
0,
0,
0,
0,
12678,
21130,
47560,
47560,
64007,
64007,
35337,
21130,
21130,
21130,
12711,
0,
0,
0,
0,
0,
0,
0,
0,
0,
0,
0,
0,
0,
0,
0,
0,
0,
0,
0,
0,
0,
10597,
21130,
43431,
57830,
64007,
31208,
19017,
16904,
10597,
10597,
12711,
0,
0,
0,
0,
0,
0,
0,
0,
0,
0,
0,
0,
0,
0,
0,
0,
0,
0,
0,
0,
0,
12678,
21130,
33289,
59911,
64007,
59878,
12678,
12711,
0,
0,
0,
0,
0,
0,
0,
0,
0,
0,
0,
0,
0,
0,
0,
0,
0,
0,
0,
0,
0,
0,
0,
0,
12678,
21130,
21130,
47560,
64007,
12710,
0,
0,
0,
0,
0,
0,
0,
0,
0,
0,
0,
0,
0,
0,
0,
0,
0,
0,
0,
0,
0,
0,
0,
0,
0,
0,
10597,
16904,
43431,
19017,
47560,
12678,
0,
0,
0,
0,
0,
0,
0,
0,
10597,
12710,
0,
0,
0,
0,
0,
0,
0,
0,
0,
0,
0,
0,
0,
0,
0,
12678,
16872,
16904,
45512,
16904,
35337,
12710,
0,
0,
0,
0,
0,
0,
12678,
12678,
19049,
12711,
0,
0,
0,
0,
0,
0,
0,
0,
0,
0,
0,
0,
0,
0,
12678,
12678,
16904,
35337,
12678,
12678,
12678,
33289,
12711,
0,
0,
0,
0,
12678,
21130,
21130,
16904,
16904,
12678,
12710,
0,
0,
0,
0,
0,
0,
0,
0,
0,
0,
0,
10597,
21130,
10597,
10597,
12678,
19017,
19017,
12678,
10597,
12678,
0,
0,
0,
0,
10597,
19049,
16904,
19017,
19049,
21130,
12678,
0,
0,
0,
0,
0,
0,
0,
0,
0,
0,
12678,
16904,
21130,
12678,
21130,
47560,
35337,
21130,
12711,
0,
0,
0,
0,
0,
12678,
19049,
16904,
21130,
19049,
16904,
12711,
0,
0,
0,
0,
0,
0,
0,
0,
0,
0,
0,
12678,
21130,
16904,
16904,
61959,
35369,
21130,
45512,
16904,
12710,
0,
0,
0,
12678,
21130,
21130,
21130,
21130,
16904,
16904,
12678,
12710,
0,
0,
0,
0,
0,
0,
0,
0,
0,
12678,
14823,
19017,
16904,
10597,
10597,
21130,
19017,
55782,
16904,
10597,
0,
0,
0,
10597,
21130,
19017,
19049,
16904,
19017,
19049,
21130,
19017,
12646,
0,
0,
0,
0,
0,
0,
0,
0,
12678,
21130,
21130,
12678,
16904,
12678,
21130,
21917,
61959,
16904,
12678,
12678,
0,
12678,
21130,
33841,
31728,
21130,
21130,
19049,
21130,
12678,
12710,
0,
0,
0,
0,
0,
0,
0,
0,
0,
0,
12678,
12678,
16936,
19049,
12678,
65535,
21852,
45512,
16936,
23275,
12678,
0,
12678,
33809,
33841,
31696,
21130,
21130,
12646,
12711,
0,
0,
0,
0,
0,
0,
0,
0,
0,
0,
10597,
12678,
31696,
10597,
21130,
14823,
10598,
21918,
57830,
14823,
16904,
23243,
23243,
12678,
19017,
31695,
33809,
19017,
19049,
12711,
0,
0,
0,
0,
0,
0,
0,
0,
0,
0,
0,
12678,
31728,
33809,
12678,
16904,
21130,
16904,
21130,
64007,
45512,
16904,
47560,
25356,
12678,
21130,
21130,
21130,
21130,
19049,
12678,
16904,
12710,
0,
0,
0,
0,
0,
0,
0,
0,
0,
0,
0,
12678,
33809,
12678,
19049,
21130,
19049,
19049,
16904,
33289,
33289,
12678,
12646,
21130,
33841,
31728,
21130,
21130,
12678,
33289,
16904,
16872,
12711,
0,
0,
0,
0,
0,
0,
0,
0,
0,
12646,
23243,
33809,
12646,
14823,
21130,
10597,
14823,
33809,
10597,
10597,
21130,
19017,
29615,
33809,
19017,
19049,
16904,
10597,
14823,
16904,
14791,
12710,
0,
0,
0,
0,
0,
0,
0,
0,
0,
12710,
33809,
33841,
33809,
12678,
12710,
33809,
33809,
16936,
21130,
33809,
33841,
21130,
21130,
21130,
21130,
16904,
12678,
35337,
35337,
16904,
16904,
12711,
0,
0,
0,
0,
0,
0,
0,
0,
0,
12678,
31696,
33809,
33809,
31728,
33809,
31728,
16872,
21130,
19049,
19049,
21130,
16872,
19049,
16936,
19049,
12678,
47560,
33256,
16904,
16904,
12646,
0,
0,
0,
0,
0,
0,
0,
0,
0,
12678,
31696,
23243,
33809,
31696,
29615,
12678,
10597,
19017,
21130,
14823,
10597,
21130,
10597,
19017,
16904,
12645,
43431,
16904,
14791,
14823,
16904,
12678,
0,
0,
0,
0,
0,
0,
0,
0,
0,
12678,
16936,
33809,
33841,
33809,
12678,
0,
0,
12678,
21130,
21130,
21130,
12678,
21130,
12678,
12678,
16904,
16904,
16904,
12678,
12678,
12711,
0,
0,
0,
0,
0,
0,
0,
0,
0,
0,
12678,
31728,
31695,
33809,
31728,
12678,
0,
0,
0,
12678,
12678,
19049,
21130,
19049,
19049,
16904,
10597,
12678,
12711,
0,
0,
0,
0,
0,
0,
0,
0,
0,
0,
0,
0,
0,
12678,
31696,
10597,
12678,
12678,
0,
0,
0,
0,
0,
0,
10597,
12678,
10597,
10597,
12711,
0,
0,
0,
0,
0,
0,
0,
0,
0,
0,
0,
0,
0,
0,
0,
0,
12678,
12711,
0,
0,
0,
0,
0,
0,
0,
0,
0,
0,
0,
0,
0,
0,
0,
0,
0,
0,
0,
0,
0,
0,
0,
0,
0,
0,
0,
0,
0,
0,
0,
0,
0,
0,
0,
0,
0,
0,
0,
0,
0,
0,
0,
0,
0,
0,
0,
0,
0,
0,
0,
0,
0,
0,
0,
0,
0,
0,
0,
0,
