2020
0,
0,
0,
0,
0,
0,
0,
0,
0,
0,
0,
0,
0,
0,
0,
0,
0,
0,
0,
0,
0,
0,
0,
0,
0,
0,
0,
0,
0,
0,
0,
0,
0,
0,
0,
0,
0,
0,
0,
0,
0,
0,
0,
0,
0,
0,
0,
14791,
14791,
0,
0,
0,
0,
0,
0,
0,
0,
0,
0,
0,
0,
0,
0,
0,
0,
0,
0,
0,
0,
0,
0,
0,
14824,
0,
14824,
0,
0,
14791,
14823,
54969,
52888,
14824,
0,
0,
0,
0,
0,
0,
0,
0,
0,
0,
0,
0,
0,
0,
0,
0,
0,
0,
0,
0,
0,
12710,
37491,
14791,
52473,
12710,
14791,
37491,
39540,
41653,
12743,
0,
0,
0,
0,
0,
0,
0,
0,
0,
0,
0,
0,
0,
0,
0,
0,
0,
0,
0,
0,
0,
14791,
14759,
39572,
43702,
54554,
56667,
41654,
19959,
22072,
41653,
14791,
0,
0,
0,
0,
0,
0,
0,
0,
0,
0,
0,
0,
0,
0,
0,
0,
0,
0,
0,
0,
14791,
58780,
58748,
52249,
41654,
41653,
58748,
41653,
23275,
23275,
23275,
23275,
14824,
0,
0,
0,
0,
0,
0,
0,
0,
0,
0,
0,
0,
0,
0,
0,
0,
0,
0,
0,
0,
14791,
52473,
54522,
52249,
21162,
21162,
25356,
63454,
50743,
65535,
21162,
50775,
14824,
0,
0,
0,
0,
0,
0,
0,
0,
0,
0,
0,
0,
0,
0,
0,
0,
0,
0,
14759,
41654,
39572,
23243,
25324,
50168,
56667,
58780,
54586,
52888,
65535,
23211,
14824,
0,
0,
0,
0,
0,
0,
0,
0,
0,
0,
0,
0,
0,
0,
0,
0,
0,
0,
0,
0,
14791,
14791,
22105,
52281,
58748,
58748,
58748,
25324,
54969,
23275,
14824,
0,
0,
0,
0,
0,
0,
0,
0,
0,
0,
0,
0,
0,
0,
0,
0,
0,
0,
0,
0,
0,
0,
0,
12710,
58748,
52473,
54554,
58748,
45974,
23211,
41621,
12743,
0,
0,
0,
0,
0,
0,
0,
0,
0,
0,
0,
0,
0,
0,
0,
0,
0,
0,
0,
0,
0,
0,
14791,
50168,
58780,
56635,
56667,
58780,
54554,
23243,
41654,
54554,
14824,
0,
12710,
14791,
14824,
0,
0,
0,
0,
0,
0,
0,
0,
0,
0,
0,
0,
0,
0,
0,
0,
0,
14759,
58748,
58780,
58716,
58748,
52281,
56667,
25324,
43702,
56667,
23275,
14791,
48215,
54969,
54937,
14823,
0,
0,
0,
0,
0,
0,
0,
0,
0,
0,
0,
0,
0,
0,
0,
0,
12710,
52473,
58748,
52473,
31706,
25324,
45974,
23211,
41653,
21130,
23243,
41653,
46006,
50743,
14791,
0,
0,
0,
0,
0,
0,
0,
0,
0,
0,
0,
0,
0,
0,
0,
0,
14791,
56635,
50168,
58748,
23243,
22072,
24185,
65535,
65535,
25356,
50775,
65535,
25324,
39540,
14824,
0,
0,
0,
0,
0,
0,
0,
0,
0,
0,
0,
0,
0,
0,
0,
0,
14791,
58780,
58716,
50168,
23308,
22072,
22105,
22105,
14791,
65535,
25356,
65535,
65535,
65535,
23243,
50264,
14824,
0,
0,
0,
0,
0,
0,
0,
0,
0,
0,
0,
0,
0,
0,
0,
12678,
14791,
12710,
46006,
23275,
21162,
31706,
65535,
63454,
54554,
25324,
63454,
33840,
65535,
21162,
46102,
46134,
12743,
0,
0,
0,
0,
0,
0,
0,
0,
0,
0,
0,
0,
0,
0,
0,
0,
0,
14791,
52281,
56667,
58748,
58780,
56667,
52249,
52249,
23243,
23275,
25324,
41621,
50264,
50264,
14791,
0,
0,
0,
0,
0,
0,
0,
0,
0,
0,
0,
0,
0,
0,
0,
0,
0,
0,
14791,
50168,
58748,
58748,
23243,
23275,
23275,
50168,
41653,
43702,
50168,
58748,
50296,
48183,
14824,
0,
0,
0,
0,
0,
0,
0,
0,
0,
0,
0,
0,
0,
0,
0,
0,
0,
0,
12678,
21162,
25324,
37459,
39540,
41653,
21130,
39572,
52249,
52473,
56635,
56667,
43989,
14823,
0,
0,
0,
0,
0,
0,
0,
0,
0,
0,
0,
0,
0,
0,
0,
0,
0,
0,
14791,
41653,
41654,
41621,
41653,
41653,
39572,
25324,
58748,
56667,
58748,
23275,
23243,
14824,
0,
0,
0,
0,
0,
0,
0,
0,
0,
0,
0,
0,
0,
0,
0,
0,
0,
14791,
39572,
41621,
41654,
39572,
50168,
58748,
54586,
25324,
58748,
54586,
25356,
65535,
65535,
23275,
14824,
0,
0,
0,
0,
0,
0,
0,
0,
0,
0,
0,
0,
0,
0,
0,
0,
0,
12678,
39540,
41654,
52473,
54554,
58716,
37491,
23243,
41653,
21162,
65535,
65535,
21162,
56667,
50775,
12743,
0,
0,
0,
0,
0,
0,
0,
0,
0,
0,
0,
0,
0,
0,
0,
0,
0,
14791,
58780,
56667,
58748,
41653,
41621,
41653,
23275,
23243,
41653,
41653,
23243,
58780,
65535,
65535,
14824,
0,
0,
0,
0,
0,
0,
0,
0,
0,
0,
0,
0,
0,
14759,
14791,
14791,
58716,
58780,
48087,
41621,
41653,
39572,
52249,
58748,
39572,
41653,
41653,
39572,
23275,
14791,
14791,
0,
0,
0,
0,
0,
0,
0,
0,
0,
0,
0,
0,
0,
14759,
65503,
65535,
21162,
21162,
25324,
37459,
39540,
41653,
46006,
56635,
58716,
37491,
22039,
22040,
37459,
14823,
0,
0,
0,
0,
0,
0,
0,
0,
0,
0,
0,
0,
0,
0,
14791,
65535,
23275,
22137,
22105,
41653,
25324,
41653,
41653,
25356,
58748,
58748,
25324,
41653,
22137,
24185,
41621,
14824,
0,
0,
0,
0,
0,
0,
0,
0,
0,
0,
0,
0,
0,
0,
14791,
12710,
14759,
22137,
22007,
41653,
25324,
39572,
14791,
25356,
56635,
58748,
23275,
14759,
41653,
41653,
23243,
65535,
14824,
0,
0,
0,
0,
0,
0,
0,
0,
0,
0,
0,
0,
0,
0,
0,
12678,
41653,
37491,
37492,
14791,
12743,
0,
14791,
52473,
12710,
14824,
0,
12710,
14791,
48630,
65535,
65535,
12743,
0,
0,
0,
0,
0,
0,
0,
0,
0,
0,
0,
0,
0,
0,
14791,
25356,
65535,
14824,
0,
0,
0,
0,
14824,
0,
0,
0,
0,
0,
14791,
14791,
14824,
0,
0,
0,
0,
0,
0,
0,
0,
0,
0,
0,
0,
0,
0,
14791,
65535,
65535,
50711,
14791,
0,
0,
0,
0,
0,
0,
0,
0,
0,
0,
0,
0,
0,
0,
0,
0,
0,
0,
0,
0,
0,
0,
0,
0,
0,
0,
0,
0,
12678,
14791,
12743,
0,
0,
0,
0,
0,
0,
0,
0,
0,
0,
0,
0,
0,
0,
0,
0,
0,
0,
0,
0,
0,
0,
0,
0,
0,
0,
0,
0,
0,
0,
0,
0,
0,
0,
0,
0,
0,
0,
0,
0,
0,
0,
0,
0,
0,
0,
0,
0,
0,
0,
0,
0,
0,
