2020
0,
0,
0,
0,
0,
0,
0,
0,
0,
0,
0,
0,
0,
0,
0,
0,
0,
0,
0,
0,
0,
0,
0,
0,
0,
0,
0,
0,
0,
0,
0,
0,
0,
0,
0,
0,
0,
0,
0,
0,
0,
0,
0,
0,
0,
0,
0,
0,
0,
0,
0,
0,
0,
0,
0,
0,
0,
0,
0,
0,
0,
0,
0,
0,
0,
0,
0,
0,
0,
0,
0,
0,
0,
0,
0,
0,
0,
0,
0,
0,
0,
0,
12710,
14823,
0,
0,
0,
0,
0,
0,
0,
0,
0,
0,
0,
0,
0,
0,
0,
0,
0,
0,
0,
0,
0,
0,
0,
0,
0,
0,
0,
14759,
14791,
14791,
63349,
63349,
14824,
0,
0,
0,
0,
0,
0,
0,
0,
0,
0,
0,
0,
0,
0,
0,
0,
0,
0,
0,
0,
12710,
12678,
14824,
0,
12710,
14823,
61139,
48331,
63382,
61139,
61172,
59128,
12678,
14791,
0,
0,
0,
0,
0,
0,
0,
0,
0,
0,
0,
0,
0,
0,
0,
0,
0,
0,
14823,
63317,
63382,
14823,
65535,
52557,
23275,
63317,
31498,
52524,
59128,
25323,
31466,
59128,
14824,
0,
0,
0,
0,
0,
0,
0,
0,
0,
0,
0,
0,
0,
0,
0,
14759,
14791,
14791,
23275,
65430,
63349,
14823,
63382,
14791,
63349,
63382,
23243,
23275,
25490,
48105,
23275,
14824,
0,
0,
0,
0,
0,
0,
0,
0,
0,
0,
0,
0,
0,
14791,
14758,
43944,
50185,
45992,
27305,
25356,
61140,
61139,
65430,
46283,
61139,
23275,
43944,
29353,
23442,
21162,
54870,
14824,
0,
0,
0,
0,
0,
0,
0,
0,
0,
0,
0,
0,
14791,
50217,
50185,
48105,
50217,
25323,
63317,
65430,
63349,
63349,
65430,
50476,
52556,
65430,
23243,
31466,
25491,
31958,
23275,
14824,
0,
0,
0,
0,
0,
0,
0,
0,
0,
0,
0,
0,
0,
14791,
14791,
23243,
25356,
63317,
63284,
65430,
50476,
63317,
52557,
63284,
50476,
65430,
63284,
23275,
23442,
23377,
34038,
34039,
12710,
14824,
0,
0,
0,
0,
0,
0,
0,
0,
0,
0,
0,
0,
0,
12710,
63382,
61140,
61139,
52557,
61140,
61139,
14823,
61139,
61139,
63350,
21162,
21297,
23442,
21296,
31893,
23275,
45992,
56982,
14824,
0,
0,
0,
0,
0,
0,
0,
0,
0,
0,
0,
0,
14759,
14791,
14791,
14791,
25356,
63349,
52557,
65535,
52524,
63349,
65430,
63317,
23275,
25324,
31958,
34038,
25323,
48105,
23275,
14824,
0,
0,
0,
0,
0,
0,
0,
0,
0,
0,
0,
0,
0,
0,
0,
14759,
25356,
63317,
23243,
25356,
50444,
63317,
65430,
63285,
63349,
61208,
23243,
23275,
34071,
29386,
59128,
14824,
0,
0,
0,
0,
0,
0,
0,
0,
0,
0,
0,
0,
0,
0,
12710,
43944,
23275,
21162,
29353,
50217,
21162,
61139,
63382,
61139,
61172,
65430,
63454,
65503,
23275,
29812,
14823,
0,
0,
0,
0,
0,
0,
0,
0,
0,
0,
0,
0,
0,
0,
14823,
50185,
31466,
31466,
31466,
50185,
23275,
25356,
63382,
65430,
63382,
63382,
65430,
65535,
65535,
61208,
23275,
34039,
14824,
0,
0,
0,
0,
0,
0,
0,
0,
0,
0,
0,
0,
0,
14823,
48105,
29386,
31466,
48105,
48105,
23276,
23377,
23275,
65430,
63285,
65535,
65535,
65535,
65535,
65535,
23243,
34038,
14824,
0,
0,
0,
0,
0,
0,
0,
0,
0,
0,
0,
0,
12710,
50185,
46024,
43944,
14823,
46024,
21162,
23442,
21297,
21297,
23275,
21162,
54934,
65535,
63454,
65503,
65535,
52789,
14823,
0,
0,
0,
0,
0,
0,
0,
0,
0,
0,
0,
0,
0,
14791,
50217,
50185,
14824,
0,
14791,
23442,
23442,
23442,
23442,
23442,
23442,
25356,
65535,
65535,
65535,
65535,
59096,
14824,
0,
0,
0,
0,
0,
0,
0,
0,
0,
0,
0,
0,
0,
12710,
14791,
14791,
0,
14791,
23410,
23377,
23442,
21329,
23377,
23442,
21329,
23275,
65535,
65503,
65535,
59160,
54902,
59095,
14824,
0,
0,
0,
0,
0,
0,
0,
0,
0,
0,
0,
0,
0,
0,
0,
0,
14791,
21297,
21297,
23442,
21297,
21297,
23442,
23211,
65503,
65535,
63454,
65503,
59128,
54869,
56983,
14824,
0,
0,
0,
0,
0,
0,
0,
0,
0,
0,
0,
0,
0,
0,
14791,
14791,
14791,
23275,
23442,
23442,
23442,
23442,
23442,
25356,
65535,
65535,
65535,
65535,
61208,
59128,
59128,
14824,
0,
0,
0,
0,
0,
0,
0,
0,
0,
0,
0,
0,
12710,
14791,
23377,
21297,
23442,
23377,
23377,
23442,
21329,
31925,
34071,
23243,
65535,
65535,
65503,
57015,
59160,
54870,
14823,
0,
0,
0,
0,
0,
0,
0,
0,
0,
0,
0,
0,
12711,
21296,
23442,
21297,
21296,
23442,
21162,
21297,
23442,
21297,
29845,
34071,
29844,
23243,
65535,
54869,
54902,
59095,
12743,
0,
0,
0,
0,
0,
0,
0,
0,
0,
0,
0,
0,
0,
0,
14791,
14791,
14791,
23442,
14791,
23442,
23442,
23442,
23442,
23442,
34071,
25356,
65535,
65535,
59160,
23275,
59160,
14824,
0,
0,
0,
0,
0,
0,
0,
0,
0,
0,
0,
0,
0,
0,
0,
0,
12710,
14791,
0,
14759,
23377,
34071,
31893,
31925,
34071,
23243,
65535,
14823,
54870,
14759,
14824,
0,
0,
0,
0,
0,
0,
0,
0,
0,
0,
0,
0,
0,
0,
0,
0,
0,
0,
0,
0,
0,
12710,
14823,
29845,
31893,
34071,
21162,
54902,
14791,
12743,
0,
0,
0,
0,
0,
0,
0,
0,
0,
0,
0,
0,
0,
0,
0,
0,
0,
0,
0,
0,
0,
0,
0,
0,
0,
14791,
14791,
34071,
34039,
14824,
0,
0,
0,
0,
0,
0,
0,
0,
0,
0,
0,
0,
0,
0,
0,
0,
0,
0,
0,
0,
0,
0,
0,
0,
0,
0,
0,
0,
0,
14823,
31893,
14823,
0,
0,
0,
0,
0,
0,
0,
0,
0,
0,
0,
0,
0,
0,
0,
0,
0,
0,
0,
0,
0,
0,
0,
0,
0,
0,
0,
0,
0,
0,
14791,
0,
0,
0,
0,
0,
0,
0,
0,
0,
0,
0,
0,
0,
0,
0,
0,
0,
0,
0,
0,
0,
0,
0,
0,
0,
0,
0,
0,
0,
0,
0,
0,
0,
0,
0,
0,
0,
0,
0,
0,
0,
0,
0,
0,
0,
0,
0,
0,
0,
0,
0,
0,
0,
0,
0,
0,
0,
0,
0,
0,
0,
0,
0,
0,
0,
0,
0,
0,
0,
0,
0,
0,
0,
0,
0,
0,
0,
0,
0,
0,
0,
0,
0,
0,
0,
0,
0,
0,
0,
0,
0,
0,
0,
0,
0,
0,
0,
0,
0,
0,
0,
0,
0,
0,
0,
0,
0,
0,
0,
