2020
0,
0,
0,
0,
0,
0,
0,
0,
0,
0,
0,
0,
0,
0,
0,
0,
0,
0,
0,
0,
0,
0,
0,
0,
0,
0,
0,
0,
0,
0,
0,
0,
0,
0,
0,
0,
0,
0,
14758,
14758,
0,
0,
0,
0,
0,
0,
0,
0,
0,
0,
0,
0,
0,
0,
0,
0,
0,
0,
0,
0,
0,
0,
0,
0,
0,
0,
0,
0,
0,
0,
12678,
48598,
14758,
14758,
0,
0,
0,
0,
12710,
12710,
0,
0,
0,
0,
0,
0,
0,
0,
0,
0,
0,
0,
0,
0,
0,
0,
0,
0,
0,
0,
0,
0,
0,
12710,
48598,
48598,
14758,
14758,
0,
14758,
48598,
48598,
12710,
0,
0,
0,
0,
0,
0,
0,
0,
0,
0,
0,
0,
0,
0,
0,
0,
0,
0,
0,
0,
0,
0,
0,
12710,
21162,
21130,
65503,
14758,
21130,
21162,
12710,
0,
0,
0,
0,
0,
0,
0,
0,
0,
0,
0,
0,
0,
0,
0,
0,
0,
0,
0,
0,
0,
0,
14758,
14758,
21130,
42655,
42655,
17397,
65503,
48598,
48598,
12678,
0,
0,
0,
0,
0,
0,
0,
0,
0,
0,
0,
0,
0,
0,
0,
0,
0,
0,
0,
0,
0,
14758,
21130,
65503,
21130,
21162,
17397,
17365,
65535,
21162,
17201,
12678,
0,
0,
0,
0,
0,
0,
0,
0,
0,
0,
0,
0,
0,
0,
0,
0,
0,
0,
0,
0,
14758,
48598,
48598,
21162,
65503,
48598,
21130,
65503,
12710,
17169,
21130,
21130,
12710,
0,
0,
0,
0,
0,
0,
0,
0,
12710,
0,
0,
0,
0,
0,
0,
0,
0,
0,
14758,
21130,
48630,
21162,
21130,
48630,
65535,
48598,
21162,
62218,
21130,
65503,
65503,
65503,
12710,
0,
0,
0,
0,
0,
12710,
12710,
48598,
12710,
0,
0,
0,
0,
0,
0,
0,
0,
12678,
48598,
21162,
42655,
17365,
21162,
21162,
48630,
21130,
21130,
65503,
48630,
12710,
12710,
0,
0,
12710,
12710,
0,
12710,
48598,
48598,
21162,
12678,
0,
0,
0,
0,
0,
0,
0,
14758,
48598,
21162,
42655,
21162,
21130,
21130,
48598,
48630,
48598,
48598,
48630,
12710,
0,
0,
12710,
12710,
42655,
17365,
12710,
17169,
21162,
21162,
17169,
12678,
0,
0,
0,
0,
0,
0,
0,
12678,
21162,
42655,
21162,
48598,
65503,
48598,
48630,
21162,
21162,
21162,
21162,
17365,
12710,
12710,
65503,
65503,
17201,
17365,
48598,
21130,
17169,
17169,
17169,
12678,
0,
0,
0,
0,
0,
0,
0,
0,
12678,
42687,
21130,
65535,
48630,
21162,
21162,
17365,
28126,
42655,
42655,
17365,
17365,
17365,
21162,
48630,
48598,
48598,
48630,
31695,
21130,
17169,
12678,
0,
0,
0,
0,
0,
0,
0,
0,
14758,
42655,
21162,
65503,
48630,
21162,
17169,
12678,
12678,
12710,
17397,
17397,
42655,
28126,
17365,
21130,
31727,
48630,
31727,
31727,
48598,
48598,
12678,
0,
0,
0,
0,
0,
0,
0,
0,
0,
12678,
17397,
21130,
65535,
21162,
17169,
12678,
0,
48598,
48598,
12678,
21130,
17397,
17397,
21130,
48598,
65503,
48630,
65503,
31695,
21162,
48630,
48598,
14758,
0,
0,
0,
0,
0,
0,
0,
0,
0,
12678,
65503,
48630,
12678,
12678,
0,
0,
0,
0,
48598,
12678,
17365,
21130,
65503,
65535,
31727,
48630,
65535,
21130,
17365,
21162,
21162,
17169,
12710,
12710,
0,
0,
0,
0,
0,
0,
0,
12678,
65535,
12710,
0,
0,
0,
0,
0,
0,
0,
12678,
21130,
65503,
65535,
21162,
21130,
21162,
65535,
21130,
17365,
17365,
17169,
48598,
65503,
65503,
12710,
0,
0,
0,
0,
0,
14758,
65503,
12710,
0,
0,
0,
14758,
14758,
14758,
0,
14758,
17365,
21130,
21162,
21162,
17365,
17365,
17365,
21162,
42655,
42655,
28126,
17365,
17201,
17201,
12710,
0,
0,
0,
0,
0,
0,
12678,
65535,
12678,
0,
0,
14758,
48598,
48598,
48598,
14758,
21130,
17365,
17365,
17365,
17365,
17365,
28126,
21130,
17365,
17397,
17397,
17397,
17169,
48598,
65503,
65503,
12710,
0,
0,
0,
0,
0,
0,
12710,
0,
0,
14758,
31695,
31727,
31727,
48630,
48598,
21130,
17365,
17365,
17365,
28126,
42655,
17201,
17169,
12678,
12678,
17169,
17365,
17169,
31727,
17201,
12710,
0,
0,
0,
0,
0,
0,
0,
0,
0,
14758,
65503,
65503,
65503,
65503,
65535,
48630,
48598,
21130,
42655,
42655,
42687,
17201,
21130,
21130,
12678,
0,
12678,
12678,
12678,
12678,
12678,
0,
0,
0,
0,
0,
0,
0,
0,
0,
0,
0,
12710,
31727,
31727,
31727,
48630,
48630,
48630,
21130,
17397,
17397,
28158,
21130,
17365,
17365,
17169,
12710,
0,
0,
0,
0,
0,
0,
0,
0,
0,
0,
0,
0,
0,
0,
0,
14758,
31695,
65503,
65503,
65503,
31727,
48630,
31727,
48598,
21130,
17365,
21162,
42655,
28126,
17365,
17365,
17365,
12710,
12710,
12710,
0,
0,
0,
0,
0,
0,
0,
0,
0,
0,
0,
14758,
65503,
65503,
65535,
31727,
31727,
65503,
31727,
65503,
21162,
12678,
17365,
17169,
17397,
17397,
28126,
17365,
17169,
48598,
65503,
65503,
12710,
0,
0,
0,
0,
0,
0,
0,
0,
0,
0,
0,
12710,
21162,
31727,
65503,
65503,
31727,
48598,
65535,
12678,
0,
12678,
21130,
21130,
17365,
17397,
42655,
17365,
17201,
17201,
12710,
0,
0,
0,
0,
0,
0,
0,
0,
0,
0,
0,
0,
0,
12678,
65503,
48630,
12710,
21130,
65535,
12710,
0,
0,
12678,
17169,
17169,
12678,
12678,
17397,
17169,
48598,
65503,
65503,
12710,
0,
0,
0,
0,
0,
0,
0,
0,
0,
0,
0,
0,
12678,
12710,
12710,
0,
12678,
65535,
12678,
0,
0,
12678,
28126,
17169,
12678,
0,
12678,
17169,
31727,
17201,
12710,
0,
0,
0,
0,
0,
0,
0,
0,
0,
0,
0,
0,
0,
0,
0,
0,
0,
0,
12710,
0,
0,
12710,
17169,
28158,
17169,
12678,
0,
0,
12678,
12678,
12678,
0,
0,
0,
0,
0,
0,
0,
0,
0,
0,
0,
0,
0,
0,
0,
0,
0,
0,
0,
0,
0,
0,
12678,
28126,
17201,
12678,
0,
0,
0,
0,
0,
0,
0,
0,
0,
0,
0,
0,
0,
0,
0,
0,
0,
0,
0,
0,
0,
0,
0,
0,
0,
0,
0,
14758,
28126,
12710,
12678,
0,
0,
0,
0,
0,
0,
0,
0,
0,
0,
0,
0,
0,
0,
0,
0,
0,
0,
0,
0,
0,
0,
0,
0,
0,
0,
0,
0,
12678,
12710,
0,
0,
0,
0,
0,
0,
0,
0,
0,
0,
0,
0,
0,
0,
0,
0,
0,
0,
0,
0,
0,
0,
0,
0,
0,
0,
0,
0,
0,
0,
0,
0,
0,
0,
0,
0,
0,
0,
0,
0,
0,
0,
0,
0,
0,
0,
0,
0,
0,
