2020
0,
0,
0,
0,
0,
0,
0,
0,
0,
0,
0,
0,
0,
0,
0,
0,
0,
0,
0,
0,
0,
0,
0,
0,
0,
0,
0,
0,
0,
0,
0,
0,
0,
0,
0,
0,
0,
0,
0,
0,
0,
0,
0,
0,
0,
0,
0,
0,
0,
0,
0,
0,
0,
0,
0,
0,
0,
0,
0,
0,
0,
0,
0,
0,
0,
0,
0,
0,
0,
0,
10597,
12711,
0,
0,
0,
0,
0,
0,
0,
0,
0,
0,
0,
0,
0,
0,
0,
0,
0,
0,
0,
0,
0,
0,
0,
0,
0,
0,
0,
0,
0,
0,
12678,
64069,
12711,
0,
12711,
0,
0,
0,
12711,
0,
0,
0,
12678,
12711,
0,
0,
0,
0,
0,
0,
0,
0,
0,
0,
0,
0,
0,
0,
0,
0,
0,
0,
12645,
64069,
45474,
12646,
64069,
12678,
0,
12678,
45474,
12710,
0,
12646,
27501,
12711,
0,
0,
0,
0,
0,
0,
0,
0,
0,
0,
0,
0,
0,
0,
0,
0,
12678,
10597,
45474,
64069,
57892,
57892,
64069,
41315,
10597,
12710,
56875,
12678,
0,
10597,
12678,
0,
0,
0,
0,
0,
0,
0,
0,
0,
0,
0,
0,
0,
0,
0,
0,
0,
12678,
64069,
64069,
64069,
64069,
49602,
45443,
45443,
45475,
63212,
63212,
65503,
12678,
30914,
45443,
12711,
0,
0,
0,
0,
0,
0,
0,
0,
0,
0,
0,
0,
0,
0,
0,
0,
0,
12678,
57892,
49602,
47554,
58987,
63212,
50538,
58987,
63212,
50538,
61309,
30914,
41315,
43395,
12711,
0,
0,
0,
0,
0,
0,
0,
0,
0,
0,
0,
0,
0,
0,
0,
0,
0,
0,
12645,
63212,
56907,
56907,
54763,
56875,
56907,
54763,
56875,
59228,
30914,
39267,
12678,
0,
0,
12710,
0,
12678,
0,
0,
0,
0,
0,
0,
0,
0,
0,
0,
0,
0,
0,
12710,
63212,
63212,
63212,
54731,
54763,
63212,
63212,
63180,
12710,
65503,
30914,
12711,
0,
0,
12678,
45443,
12678,
21130,
12711,
0,
0,
0,
0,
0,
0,
0,
0,
0,
0,
0,
0,
0,
10597,
12678,
33670,
35718,
63212,
56875,
56875,
64069,
41315,
61309,
37831,
10597,
0,
12678,
55812,
43395,
21130,
19017,
12710,
0,
0,
0,
0,
0,
0,
0,
0,
0,
0,
0,
0,
0,
0,
0,
12646,
19049,
63212,
56875,
56907,
65535,
59196,
50744,
37831,
12678,
0,
12678,
41315,
59973,
21130,
12678,
0,
0,
0,
0,
0,
0,
0,
0,
0,
0,
0,
0,
0,
0,
0,
0,
12710,
63212,
63212,
63212,
63212,
63212,
65503,
29614,
54763,
54731,
12710,
40147,
45443,
45443,
45443,
12711,
0,
0,
0,
0,
0,
0,
0,
0,
0,
0,
0,
0,
0,
0,
0,
12710,
56907,
56907,
54763,
28834,
45506,
65535,
48631,
27501,
54763,
48631,
38034,
40147,
48631,
43395,
30914,
10597,
12710,
0,
0,
0,
0,
0,
0,
0,
0,
0,
0,
0,
0,
0,
0,
12678,
58987,
28834,
30914,
57892,
45506,
65503,
19049,
52618,
54731,
48458,
52825,
54937,
26786,
28866,
30914,
41315,
12710,
0,
0,
0,
0,
0,
0,
0,
0,
0,
0,
0,
0,
0,
12710,
63180,
30914,
49602,
64069,
64069,
64101,
21162,
54731,
45443,
30914,
54731,
54731,
21130,
21130,
45443,
45443,
45443,
12711,
0,
0,
0,
0,
0,
0,
0,
0,
0,
0,
0,
0,
0,
10597,
12678,
57892,
57892,
64069,
57860,
57892,
64101,
19017,
41315,
45443,
26786,
19049,
29582,
25388,
21097,
45443,
41315,
28866,
12710,
0,
0,
0,
0,
0,
0,
0,
0,
0,
0,
0,
0,
0,
12678,
59941,
59941,
64069,
57892,
59941,
64069,
28834,
28866,
45443,
41315,
19049,
29582,
19017,
21130,
64069,
41315,
43395,
12710,
0,
0,
0,
0,
0,
0,
0,
0,
0,
0,
0,
0,
12678,
64069,
64069,
45443,
64069,
64069,
64069,
64069,
64069,
12678,
45443,
45443,
45443,
21130,
45443,
64069,
64069,
45443,
12678,
21130,
12711,
0,
0,
0,
0,
0,
0,
0,
0,
0,
0,
0,
12645,
64069,
41315,
57860,
64069,
57860,
57860,
64069,
55812,
12645,
30914,
39267,
41315,
30914,
39267,
43395,
62021,
39267,
19049,
19049,
12678,
0,
0,
0,
0,
0,
0,
0,
0,
0,
0,
0,
12645,
64069,
12646,
59941,
64069,
45474,
59941,
64069,
12678,
0,
12678,
41315,
43363,
30914,
28866,
62021,
45443,
41315,
12678,
12710,
0,
0,
0,
0,
0,
0,
0,
0,
0,
0,
0,
0,
0,
12678,
0,
12678,
64069,
12678,
12678,
64069,
12711,
0,
12678,
45443,
30914,
37863,
54699,
30914,
45443,
45443,
45443,
12711,
0,
0,
0,
0,
0,
0,
0,
0,
0,
0,
0,
0,
0,
0,
0,
12645,
64069,
12678,
0,
12711,
0,
0,
0,
10597,
12678,
61132,
48458,
50570,
30914,
39267,
12710,
0,
0,
0,
0,
0,
0,
0,
0,
0,
0,
0,
0,
0,
0,
0,
0,
0,
12711,
0,
0,
0,
0,
0,
0,
0,
12678,
63180,
56875,
52651,
12678,
41315,
12710,
0,
0,
0,
0,
0,
0,
0,
0,
0,
0,
0,
0,
0,
0,
0,
0,
0,
0,
0,
0,
0,
0,
0,
0,
12710,
63212,
63212,
61132,
12711,
0,
12711,
0,
0,
0,
0,
0,
0,
0,
0,
0,
0,
0,
0,
0,
0,
0,
0,
0,
0,
0,
0,
0,
0,
0,
0,
12710,
56875,
58955,
61132,
48426,
12710,
0,
0,
0,
0,
0,
0,
0,
0,
0,
0,
0,
0,
0,
0,
0,
0,
0,
0,
0,
0,
0,
0,
0,
0,
0,
0,
12710,
58987,
61068,
12678,
12678,
0,
0,
0,
0,
0,
0,
0,
0,
0,
0,
0,
0,
0,
0,
0,
0,
0,
0,
0,
0,
0,
0,
0,
0,
0,
0,
0,
12710,
61132,
12711,
0,
0,
0,
0,
0,
0,
0,
0,
0,
0,
0,
0,
0,
0,
0,
0,
0,
0,
0,
0,
0,
0,
0,
0,
0,
0,
0,
0,
0,
0,
12678,
0,
0,
0,
0,
0,
0,
0,
0,
0,
0,
0,
0,
0,
0,
0,
0,
0,
0,
0,
0,
0,
0,
0,
0,
0,
0,
0,
0,
0,
0,
0,
0,
0,
0,
0,
0,
0,
0,
0,
0,
0,
0,
0,
0,
0,
0,
0,
0,
0,
0,
0,
0,
0,
0,
0,
0,
0,
0,
0,
0,
0,
0,
0,
0,
0,
0,
0,
0,
0,
0,
0,
0,
0,
0,
0,
0,
0,
0,
0,
0,
0,
0,
0,
0,
0,
0,
0,
0,
0,
0,
0,
0,
0,
0,
0,
0,
0,
0,
0,
0,
0,
0,
0,
0,
0,
0,
0,
0,
0,
0,
