2020
0,
0,
0,
0,
0,
0,
0,
0,
0,
0,
0,
0,
0,
0,
0,
0,
0,
0,
0,
0,
0,
0,
0,
0,
0,
0,
0,
0,
0,
0,
0,
0,
0,
0,
0,
0,
0,
0,
0,
0,
0,
0,
0,
0,
0,
0,
0,
0,
0,
0,
0,
0,
0,
0,
0,
0,
0,
0,
0,
0,
0,
0,
0,
0,
0,
0,
0,
0,
0,
0,
0,
0,
0,
0,
0,
0,
0,
0,
0,
0,
12678,
14823,
0,
0,
0,
0,
0,
0,
0,
0,
0,
0,
0,
0,
0,
0,
0,
0,
0,
0,
0,
0,
0,
0,
0,
0,
0,
0,
0,
0,
0,
14791,
65483,
14791,
14823,
0,
0,
0,
0,
0,
0,
0,
0,
0,
0,
0,
0,
0,
0,
0,
0,
0,
0,
0,
0,
0,
0,
0,
0,
0,
0,
0,
0,
12710,
52547,
65483,
52515,
12710,
14823,
0,
12710,
14759,
12711,
0,
0,
0,
0,
0,
0,
0,
0,
0,
0,
0,
0,
0,
0,
0,
0,
0,
0,
0,
0,
0,
14791,
65354,
65386,
65483,
65355,
34079,
14791,
14758,
65418,
65483,
12743,
0,
0,
0,
0,
0,
0,
0,
0,
0,
0,
0,
0,
0,
0,
0,
0,
0,
0,
0,
0,
14791,
37827,
65483,
65483,
65483,
65483,
25323,
65483,
65483,
65483,
14823,
0,
0,
0,
0,
0,
0,
0,
0,
0,
0,
0,
0,
0,
0,
0,
0,
0,
0,
0,
0,
14758,
52547,
65483,
52515,
65354,
65483,
21162,
65386,
65483,
65322,
65386,
65483,
12711,
0,
0,
0,
0,
0,
0,
0,
0,
0,
0,
0,
0,
0,
0,
0,
0,
0,
0,
14791,
65386,
65354,
58787,
52515,
21162,
23243,
21162,
23242,
58819,
65322,
12710,
14823,
0,
0,
0,
0,
0,
0,
0,
0,
0,
0,
0,
0,
0,
0,
0,
0,
0,
0,
0,
14791,
23243,
23275,
27580,
25324,
65535,
14791,
29660,
50487,
23243,
14823,
0,
0,
0,
0,
0,
0,
0,
0,
0,
0,
0,
0,
0,
0,
0,
0,
0,
0,
0,
0,
12678,
58787,
52515,
25433,
25323,
63242,
31999,
65483,
65290,
46262,
37810,
12711,
0,
14759,
12678,
12710,
14823,
0,
0,
0,
0,
0,
0,
0,
0,
0,
0,
0,
0,
0,
0,
14758,
52515,
58787,
21162,
23210,
65484,
34079,
65386,
65483,
65354,
65419,
50455,
21162,
14758,
58787,
65322,
65451,
14823,
0,
0,
0,
0,
0,
0,
0,
0,
0,
0,
0,
0,
0,
0,
14791,
14791,
27580,
23275,
65483,
65483,
65483,
65483,
36223,
65483,
65483,
50487,
23275,
65483,
65483,
65483,
14823,
0,
0,
0,
0,
0,
0,
0,
0,
0,
0,
0,
0,
0,
0,
0,
0,
12678,
23243,
21162,
21162,
65483,
63242,
31999,
65483,
65290,
52515,
23275,
65290,
65354,
65483,
65290,
65386,
14823,
0,
0,
0,
0,
0,
0,
0,
0,
0,
0,
0,
0,
0,
0,
0,
14790,
65483,
48374,
23243,
65483,
65418,
65419,
65483,
34079,
27547,
23243,
23210,
56707,
65483,
12678,
14823,
0,
0,
0,
0,
0,
0,
0,
0,
0,
0,
0,
0,
0,
0,
0,
14791,
56708,
50487,
50487,
50455,
25323,
65483,
65483,
65516,
65535,
14791,
27580,
37810,
14791,
14823,
0,
0,
0,
0,
0,
0,
0,
0,
0,
0,
0,
0,
0,
0,
12678,
12678,
14791,
21162,
46229,
52535,
65322,
46229,
25323,
65322,
65322,
65483,
25433,
27514,
50455,
12711,
0,
0,
0,
0,
0,
0,
0,
0,
0,
0,
0,
0,
0,
0,
0,
0,
14791,
34079,
29660,
48374,
54627,
65483,
48374,
23243,
65483,
54627,
65419,
65483,
65387,
50423,
37810,
12678,
12710,
0,
0,
0,
0,
0,
0,
0,
0,
0,
0,
0,
0,
0,
0,
14791,
36223,
27579,
23275,
58819,
65483,
65483,
65483,
23243,
23243,
23243,
65483,
58788,
50455,
37810,
23243,
23275,
65483,
14823,
0,
0,
0,
0,
0,
0,
0,
0,
0,
0,
0,
0,
0,
14759,
12711,
25433,
23275,
65322,
65290,
65483,
46261,
46229,
50487,
21130,
21130,
37795,
21130,
21162,
23275,
52515,
65354,
56707,
12678,
14791,
0,
0,
0,
0,
0,
0,
0,
0,
0,
0,
0,
0,
0,
12710,
14791,
56707,
65387,
50487,
48374,
50422,
65483,
48342,
48374,
23275,
54627,
65451,
65483,
65386,
65451,
65483,
54595,
23243,
14823,
0,
0,
0,
0,
0,
0,
0,
0,
0,
0,
0,
0,
0,
0,
14791,
50423,
52535,
65483,
65483,
58787,
50423,
23275,
65483,
65483,
65483,
65483,
65451,
65483,
65483,
23243,
34143,
14823,
0,
0,
0,
0,
0,
0,
0,
0,
0,
0,
0,
0,
0,
0,
12710,
46261,
65483,
65322,
65322,
50487,
33616,
33616,
23243,
21130,
21162,
58819,
63242,
65354,
65483,
63242,
14791,
0,
0,
0,
0,
0,
0,
0,
0,
0,
0,
0,
0,
0,
0,
0,
0,
14758,
58819,
65419,
23211,
23243,
21162,
23211,
37827,
54627,
56675,
23243,
23210,
56707,
65483,
14791,
0,
0,
0,
0,
0,
0,
0,
0,
0,
0,
0,
0,
0,
0,
0,
0,
14791,
34111,
23275,
50455,
23275,
65483,
65483,
65483,
58819,
65483,
65483,
58787,
56675,
14759,
14823,
0,
0,
0,
0,
0,
0,
0,
0,
0,
0,
0,
0,
0,
0,
0,
0,
14791,
31999,
25433,
23243,
21162,
25433,
23275,
52483,
65322,
65483,
65290,
65354,
65483,
12711,
0,
0,
0,
0,
0,
0,
0,
0,
0,
0,
0,
0,
0,
0,
0,
0,
0,
0,
0,
14791,
27547,
27580,
14791,
27579,
14791,
27547,
14759,
58819,
65451,
65483,
65483,
65419,
14823,
0,
0,
0,
0,
0,
0,
0,
0,
0,
0,
0,
0,
0,
0,
0,
0,
0,
0,
14759,
12710,
14823,
0,
14823,
0,
14791,
0,
14791,
56707,
65483,
58787,
23243,
34143,
14823,
0,
0,
0,
0,
0,
0,
0,
0,
0,
0,
0,
0,
0,
0,
0,
0,
0,
0,
0,
0,
0,
0,
0,
0,
0,
0,
12678,
14758,
65483,
21130,
12678,
14823,
0,
0,
0,
0,
0,
0,
0,
0,
0,
0,
0,
0,
0,
0,
0,
0,
0,
0,
0,
0,
0,
0,
0,
0,
0,
0,
0,
0,
14791,
14791,
0,
0,
0,
0,
0,
0,
0,
0,
0,
0,
0,
0,
0,
0,
0,
0,
0,
0,
0,
0,
0,
0,
0,
0,
0,
0,
0,
0,
0,
0,
0,
0,
0,
0,
0,
0,
0,
0,
0,
0,
0,
0,
0,
0,
0,
0,
0,
0,
0,
0,
0,
0,
0,
0,
0,
0,
0,
0,
0,
0,
0,
0,
0,
0,
0,
0,
0,
0,
0,
0,
0,
0,
0,
0,
