2020
0,
0,
0,
0,
0,
0,
0,
0,
0,
0,
0,
0,
0,
0,
0,
0,
0,
0,
0,
0,
0,
0,
0,
0,
0,
0,
0,
0,
0,
0,
0,
0,
0,
0,
0,
0,
0,
0,
0,
0,
0,
0,
0,
0,
0,
0,
0,
0,
0,
0,
0,
0,
0,
0,
0,
0,
0,
0,
0,
0,
0,
0,
0,
0,
0,
0,
0,
0,
0,
0,
0,
0,
0,
0,
0,
0,
0,
0,
0,
0,
0,
0,
0,
0,
0,
0,
0,
0,
0,
0,
0,
0,
0,
0,
0,
0,
0,
0,
0,
0,
0,
0,
0,
0,
0,
0,
0,
0,
0,
0,
0,
0,
0,
14759,
14759,
14823,
0,
0,
0,
0,
0,
0,
0,
0,
0,
0,
0,
0,
0,
0,
0,
0,
0,
0,
0,
0,
0,
0,
0,
0,
0,
0,
0,
12710,
12710,
56908,
38580,
23659,
12678,
14791,
0,
0,
0,
0,
0,
0,
0,
0,
0,
0,
0,
0,
0,
0,
0,
0,
0,
0,
0,
12678,
14823,
0,
0,
0,
12710,
65391,
65487,
36467,
38644,
38645,
21514,
23211,
14823,
0,
0,
0,
0,
0,
0,
0,
0,
0,
0,
0,
0,
0,
0,
0,
0,
14759,
14791,
60498,
58418,
14823,
0,
14791,
40725,
40725,
40725,
40725,
40725,
40725,
40693,
23275,
26095,
14823,
0,
0,
0,
0,
0,
0,
0,
0,
0,
0,
0,
0,
0,
0,
12678,
47885,
54224,
21162,
58417,
12711,
0,
14791,
36435,
38547,
65487,
61198,
38612,
38645,
36434,
21162,
23627,
12711,
0,
0,
0,
0,
0,
0,
0,
0,
0,
0,
0,
0,
0,
0,
12678,
60498,
54256,
21162,
47918,
64948,
12710,
40725,
36467,
65391,
38677,
36467,
63213,
38677,
23886,
23211,
23243,
23886,
14823,
0,
0,
0,
0,
0,
0,
0,
0,
0,
0,
0,
0,
14759,
14791,
60498,
47885,
23275,
65078,
23243,
23275,
40725,
65488,
40725,
65488,
40725,
65293,
40725,
23691,
23243,
23275,
26095,
14823,
0,
0,
0,
0,
0,
0,
0,
0,
0,
0,
0,
14791,
54224,
54224,
23275,
62868,
62868,
23275,
36434,
21162,
40725,
61198,
36467,
40693,
56908,
38580,
26063,
21130,
21162,
23659,
23886,
14823,
0,
0,
0,
0,
0,
0,
0,
0,
0,
0,
0,
14791,
56305,
54256,
47885,
21162,
64948,
23275,
36467,
38580,
40725,
36467,
61101,
63245,
36435,
23211,
23275,
63246,
23243,
26031,
12711,
0,
0,
0,
0,
0,
0,
0,
0,
0,
0,
0,
0,
0,
14791,
47885,
65078,
65078,
23243,
23275,
26095,
40725,
40725,
38645,
40725,
40725,
23243,
23275,
65487,
63213,
23275,
26095,
14823,
0,
0,
0,
0,
0,
0,
0,
0,
0,
0,
0,
0,
0,
0,
12678,
14759,
54481,
64916,
58707,
21162,
36467,
40693,
21130,
36467,
26063,
21514,
21162,
23243,
21514,
23951,
21162,
21514,
14823,
0,
0,
0,
0,
0,
0,
0,
0,
0,
0,
0,
0,
0,
0,
0,
12710,
12710,
23275,
56594,
23243,
40725,
36499,
23211,
23275,
23950,
26063,
26095,
12678,
14791,
23659,
21546,
14823,
0,
0,
0,
0,
0,
0,
0,
0,
0,
0,
0,
0,
0,
0,
0,
0,
14791,
65078,
58706,
58707,
23275,
26063,
26095,
26095,
12710,
14759,
14823,
0,
14791,
23691,
23243,
14823,
0,
0,
0,
0,
0,
0,
0,
0,
0,
0,
0,
0,
0,
0,
0,
12678,
64916,
65078,
43724,
21162,
58707,
21130,
21162,
14823,
0,
0,
0,
0,
12710,
38580,
36434,
63181,
14791,
0,
0,
0,
0,
0,
0,
0,
0,
0,
0,
0,
0,
0,
14759,
64981,
65013,
47885,
23210,
58674,
58707,
23210,
58674,
60755,
12678,
0,
0,
12710,
38645,
40725,
63310,
38645,
14823,
0,
0,
0,
0,
0,
0,
0,
0,
0,
0,
0,
0,
0,
14791,
65078,
65078,
23275,
47917,
65078,
47885,
14791,
60755,
65078,
65046,
14759,
14791,
38645,
40725,
40725,
40693,
65487,
65293,
14823,
0,
0,
0,
0,
0,
0,
0,
0,
0,
0,
0,
12678,
47885,
43724,
64916,
23275,
62868,
64916,
14823,
0,
12710,
65046,
43724,
56305,
58417,
21130,
38580,
38580,
36402,
23211,
21162,
12711,
0,
0,
0,
0,
0,
0,
0,
0,
0,
0,
0,
14758,
60498,
56305,
21162,
23275,
64981,
45837,
23243,
12743,
0,
14791,
45805,
58417,
47885,
21162,
38645,
38645,
21578,
40725,
38645,
12743,
0,
0,
0,
0,
0,
0,
0,
0,
0,
0,
0,
12710,
47885,
56337,
14791,
26095,
23243,
58417,
58450,
23211,
14791,
65293,
23211,
23243,
23275,
38612,
40725,
40725,
38612,
40725,
40725,
38580,
14823,
0,
0,
0,
0,
0,
0,
0,
0,
0,
0,
0,
14759,
12711,
0,
14791,
21130,
54256,
58418,
21130,
23918,
63213,
56876,
12710,
14791,
36434,
38580,
38580,
23886,
38612,
23983,
23886,
14791,
0,
0,
0,
0,
0,
0,
0,
0,
0,
0,
0,
0,
0,
0,
0,
12710,
12710,
23275,
23950,
26031,
50441,
12743,
0,
0,
12710,
38645,
38645,
36467,
23275,
26063,
21162,
14823,
0,
0,
0,
0,
0,
0,
0,
0,
0,
0,
0,
0,
0,
0,
0,
0,
0,
14759,
12710,
12710,
14823,
0,
0,
0,
0,
14791,
26096,
38612,
38645,
14759,
14791,
0,
0,
0,
0,
0,
0,
0,
0,
0,
0,
0,
0,
0,
0,
0,
0,
0,
0,
0,
0,
0,
0,
0,
0,
0,
0,
12710,
21578,
21514,
14791,
0,
0,
0,
0,
0,
0,
0,
0,
0,
0,
0,
0,
0,
0,
0,
0,
0,
0,
0,
0,
0,
0,
0,
0,
0,
0,
0,
0,
14791,
26095,
26031,
14823,
0,
0,
0,
0,
0,
0,
0,
0,
0,
0,
0,
0,
0,
0,
0,
0,
0,
0,
0,
0,
0,
0,
0,
0,
0,
0,
0,
0,
0,
14759,
14791,
0,
0,
0,
0,
0,
0,
0,
0,
0,
0,
0,
0,
0,
0,
0,
0,
0,
0,
0,
0,
0,
0,
0,
0,
0,
0,
0,
0,
0,
0,
0,
0,
0,
0,
0,
0,
0,
0,
0,
0,
0,
0,
0,
0,
0,
0,
0,
0,
0,
0,
0,
0,
0,
0,
0,
0,
0,
0,
0,
0,
0,
0,
0,
0,
0,
0,
0,
0,
0,
0,
0,
0,
0,
0,
0,
0,
0,
0,
0,
0,
0,
0,
0,
0,
0,
0,
0,
0,
0,
0,
0,
0,
0,
0,
0,
0,
0,
0,
0,
0,
0,
0,
0,
0,
0,
0,
0,
0,
0,
0,
0,
0,
0,
0,
0,
0,
0,
0,
0,
0,
0,
0,
0,
0,
0,
0,
0,
0,
0,
0,
0,
0,
0,
0,
0,
0,
