2020
0,
0,
0,
0,
0,
0,
0,
0,
0,
0,
0,
0,
0,
0,
0,
0,
0,
0,
0,
0,
0,
0,
0,
0,
0,
0,
0,
0,
0,
0,
0,
0,
0,
0,
0,
0,
0,
0,
0,
0,
0,
0,
0,
0,
0,
0,
0,
0,
0,
0,
0,
0,
0,
0,
0,
0,
12710,
12743,
0,
0,
0,
0,
0,
0,
0,
0,
0,
0,
0,
0,
0,
0,
0,
0,
0,
0,
0,
0,
0,
0,
0,
0,
0,
0,
0,
0,
14759,
14791,
65014,
14791,
0,
0,
0,
0,
0,
0,
0,
0,
0,
0,
0,
0,
0,
0,
0,
0,
0,
0,
0,
0,
0,
0,
0,
0,
0,
0,
0,
14758,
64982,
58707,
12711,
0,
0,
0,
0,
0,
0,
0,
0,
0,
0,
0,
0,
0,
0,
0,
0,
0,
0,
0,
0,
0,
0,
12710,
14759,
0,
0,
14759,
12710,
64982,
65014,
60788,
12743,
0,
0,
0,
0,
0,
0,
0,
0,
0,
0,
0,
0,
0,
0,
0,
0,
0,
0,
0,
14759,
14759,
14759,
64425,
64425,
12710,
14791,
65014,
64982,
65014,
23243,
12743,
0,
0,
0,
0,
0,
0,
0,
0,
0,
0,
0,
0,
0,
0,
0,
0,
0,
0,
0,
12678,
62280,
64425,
35206,
35238,
51913,
45704,
21162,
58481,
58707,
23210,
58481,
12710,
0,
0,
0,
0,
0,
0,
0,
0,
0,
0,
0,
0,
0,
0,
0,
0,
0,
0,
0,
12710,
14758,
51913,
49832,
49833,
39367,
47784,
49833,
23243,
23210,
58481,
14791,
0,
0,
0,
0,
0,
0,
0,
0,
0,
0,
0,
0,
0,
0,
0,
0,
0,
0,
0,
14791,
64425,
64425,
39335,
39335,
51913,
51913,
51913,
14823,
65535,
58481,
14791,
0,
0,
0,
0,
0,
0,
0,
0,
0,
0,
0,
0,
0,
0,
0,
0,
0,
0,
0,
0,
14759,
12678,
47752,
51913,
45704,
47784,
23243,
50712,
65503,
45958,
39750,
12711,
0,
0,
0,
0,
0,
0,
0,
0,
0,
0,
0,
0,
0,
0,
0,
0,
0,
0,
0,
0,
0,
0,
12710,
23243,
49833,
23243,
56519,
52326,
43910,
45991,
12710,
0,
0,
0,
0,
0,
0,
0,
0,
0,
0,
0,
0,
0,
0,
0,
0,
0,
0,
0,
0,
0,
0,
0,
14758,
45991,
23243,
54470,
56519,
43910,
12710,
14791,
0,
0,
0,
0,
0,
0,
0,
0,
0,
0,
0,
0,
0,
0,
0,
0,
0,
0,
0,
0,
0,
12678,
14759,
12710,
50573,
45991,
21130,
50278,
54471,
12710,
0,
0,
0,
0,
0,
0,
0,
0,
0,
0,
0,
0,
0,
0,
0,
0,
0,
0,
0,
0,
0,
0,
0,
14758,
56878,
52685,
33446,
45991,
43878,
23243,
54471,
12678,
0,
0,
0,
0,
0,
0,
0,
0,
0,
0,
0,
0,
0,
0,
0,
0,
0,
0,
0,
0,
0,
0,
0,
0,
14791,
54766,
33478,
45991,
43910,
23243,
54471,
12743,
0,
14759,
12743,
0,
0,
0,
0,
0,
0,
0,
0,
0,
0,
0,
0,
0,
0,
0,
0,
0,
0,
0,
0,
0,
14791,
48493,
50573,
44233,
21130,
50278,
54471,
39750,
12678,
43910,
12710,
0,
0,
12678,
12711,
0,
0,
0,
0,
0,
0,
0,
0,
0,
0,
0,
0,
0,
0,
0,
0,
12710,
56878,
54798,
44233,
65525,
65492,
54470,
56519,
52390,
54470,
54471,
33446,
14759,
14791,
64949,
58481,
14791,
0,
0,
0,
0,
0,
0,
0,
0,
0,
0,
0,
0,
0,
0,
0,
14759,
23275,
54798,
54798,
44265,
65492,
33478,
56519,
54438,
54470,
35527,
33446,
45991,
23275,
56401,
14759,
14791,
0,
0,
0,
0,
0,
0,
0,
0,
0,
0,
0,
0,
0,
0,
12710,
50573,
54830,
37960,
40008,
65525,
63314,
50605,
35527,
48198,
50278,
54438,
48198,
31398,
23243,
12710,
0,
0,
0,
0,
0,
0,
0,
0,
0,
0,
0,
0,
0,
0,
0,
0,
12710,
12710,
23243,
65492,
65524,
65525,
65492,
65525,
35559,
52390,
54470,
35527,
33446,
35527,
45991,
12743,
0,
0,
0,
0,
0,
0,
0,
0,
0,
0,
0,
0,
0,
0,
0,
0,
0,
0,
14791,
21162,
65492,
65525,
65460,
65492,
23275,
52358,
43910,
45991,
33446,
45990,
45991,
21162,
12710,
12743,
0,
0,
0,
0,
0,
0,
0,
0,
0,
0,
0,
0,
0,
0,
0,
0,
0,
12710,
65363,
54830,
63314,
65395,
65525,
21130,
41798,
43911,
21130,
21162,
23275,
63314,
65460,
52686,
12710,
0,
0,
0,
0,
0,
0,
0,
0,
0,
0,
0,
0,
0,
0,
12710,
14791,
23243,
65492,
14791,
65492,
45991,
65525,
52390,
23243,
23275,
52390,
54503,
65525,
65492,
54830,
23243,
12743,
0,
0,
0,
0,
0,
0,
0,
0,
0,
0,
0,
12710,
14759,
14758,
43910,
45991,
43878,
21162,
23275,
43910,
54438,
45991,
52358,
54438,
54471,
52358,
54471,
54830,
21162,
23243,
12743,
0,
0,
0,
0,
0,
0,
0,
0,
0,
0,
0,
0,
12678,
54471,
50246,
50246,
35527,
31366,
41798,
23243,
41798,
50278,
54471,
48198,
50278,
54438,
31366,
31398,
23275,
63314,
65459,
12711,
0,
0,
0,
0,
0,
0,
0,
0,
0,
0,
0,
0,
14758,
35527,
33478,
33478,
45991,
45990,
33478,
35527,
23243,
45991,
54471,
33478,
33479,
35559,
54438,
56551,
65525,
23243,
14791,
0,
0,
0,
0,
0,
0,
0,
0,
0,
0,
0,
0,
14758,
52358,
56519,
52390,
52358,
35527,
33446,
43910,
45991,
12710,
43910,
45991,
52358,
54438,
54471,
52358,
33479,
23275,
50605,
12743,
0,
0,
0,
0,
0,
0,
0,
0,
0,
0,
0,
0,
12678,
48198,
54471,
31366,
31398,
54471,
41798,
41798,
14791,
0,
12710,
45991,
41798,
31398,
33478,
31366,
52685,
54798,
12710,
0,
0,
0,
0,
0,
0,
0,
0,
0,
0,
0,
0,
0,
0,
12710,
14759,
54470,
54470,
56519,
33478,
12743,
0,
0,
0,
14759,
14758,
45991,
45991,
45990,
14759,
14791,
0,
0,
0,
0,
0,
0,
0,
0,
0,
0,
0,
0,
0,
0,
0,
0,
14791,
52358,
50278,
14759,
12710,
0,
0,
0,
0,
0,
0,
12710,
14759,
12710,
0,
0,
0,
0,
0,
0,
0,
0,
0,
0,
0,
0,
0,
0,
0,
0,
0,
0,
14759,
12678,
12710,
0,
0,
0,
0,
0,
0,
0,
0,
0,
0,
0,
0,
0,
0,
0,
0,
0,
0,
0,
0,
0,
0,
0,
0,
0,
0,
0,
0,
0,
0,
0,
0,
0,
0,
0,
0,
0,
0,
0,
0,
0,
0,
0,
0,
0,
0,
0,
0,
0,
0,
0,
0,
0,
0,
