2020
0,
0,
0,
0,
0,
0,
0,
0,
0,
0,
0,
0,
0,
0,
0,
0,
0,
0,
0,
0,
0,
0,
0,
0,
0,
0,
0,
0,
0,
0,
0,
0,
0,
0,
0,
0,
0,
0,
0,
0,
0,
0,
0,
0,
0,
0,
0,
0,
0,
0,
0,
0,
0,
0,
0,
0,
0,
0,
0,
0,
0,
0,
0,
0,
0,
0,
0,
0,
0,
0,
0,
0,
0,
0,
0,
0,
0,
0,
0,
12710,
14791,
12711,
0,
0,
0,
0,
0,
0,
0,
0,
0,
0,
0,
0,
0,
0,
0,
0,
0,
0,
0,
0,
0,
0,
0,
0,
0,
0,
14791,
14791,
14791,
14791,
60075,
49608,
14824,
0,
0,
0,
0,
0,
0,
0,
0,
0,
0,
0,
0,
0,
0,
0,
0,
0,
0,
0,
0,
0,
0,
0,
0,
0,
12710,
60075,
53866,
55914,
23275,
53866,
55914,
14823,
0,
0,
0,
0,
0,
0,
0,
0,
0,
0,
0,
0,
0,
0,
0,
0,
0,
0,
0,
0,
0,
0,
0,
0,
12710,
25323,
55914,
57995,
60075,
53866,
55947,
14823,
0,
0,
0,
0,
0,
0,
0,
0,
0,
0,
0,
0,
0,
0,
0,
0,
0,
0,
0,
0,
0,
0,
14791,
14791,
60075,
60075,
60075,
60075,
51688,
65535,
25323,
60075,
14824,
0,
0,
0,
0,
0,
0,
0,
0,
0,
0,
0,
0,
0,
0,
0,
0,
0,
0,
0,
0,
12710,
60075,
53866,
53866,
23275,
21162,
55914,
60075,
48424,
47527,
60043,
12711,
0,
0,
0,
0,
0,
0,
0,
0,
0,
0,
0,
0,
0,
0,
0,
0,
0,
0,
0,
0,
0,
14791,
55914,
23210,
60075,
55914,
57995,
65535,
54972,
55947,
23243,
12743,
0,
0,
12678,
14823,
0,
0,
0,
0,
0,
0,
0,
0,
0,
0,
0,
0,
0,
0,
0,
0,
0,
0,
14791,
60075,
25323,
60075,
60075,
60075,
60075,
60075,
14824,
0,
0,
14823,
65535,
14791,
14824,
0,
0,
0,
0,
0,
0,
0,
0,
0,
0,
0,
0,
12678,
14824,
0,
12711,
0,
12710,
53866,
60043,
53866,
55914,
60043,
53866,
45479,
14823,
0,
12711,
19678,
17531,
65535,
14791,
0,
0,
0,
0,
0,
0,
0,
0,
0,
0,
14791,
12710,
12710,
13274,
12711,
11160,
14791,
55914,
55914,
60075,
55914,
57995,
51656,
21162,
23243,
52649,
12678,
14791,
19710,
17531,
14823,
0,
0,
0,
0,
0,
0,
0,
0,
0,
0,
0,
14791,
13274,
11194,
13274,
13274,
13274,
13274,
23243,
25291,
60075,
60043,
60075,
60075,
23275,
54729,
54729,
23276,
19710,
51656,
19710,
65535,
14824,
0,
0,
0,
0,
0,
0,
0,
0,
0,
0,
0,
12678,
11095,
13274,
11127,
11127,
13274,
11095,
11127,
25291,
53866,
21162,
23243,
21162,
11128,
23243,
17531,
19644,
57995,
12678,
14791,
0,
0,
0,
0,
0,
0,
0,
0,
0,
0,
0,
0,
0,
12710,
13274,
11161,
11161,
13274,
11160,
11161,
13274,
23211,
23243,
19710,
17564,
19677,
19710,
17564,
13241,
14824,
0,
0,
0,
0,
0,
0,
0,
0,
0,
0,
0,
0,
0,
0,
14791,
11194,
13274,
13274,
13274,
13274,
13274,
13274,
13274,
23276,
19710,
13274,
49608,
19710,
19710,
49576,
14824,
0,
0,
0,
0,
0,
0,
0,
0,
0,
0,
0,
0,
0,
0,
0,
12678,
12678,
13274,
11127,
11127,
13274,
11095,
11127,
23243,
21130,
23210,
60043,
45447,
21162,
23243,
53866,
14791,
0,
0,
0,
0,
0,
0,
0,
0,
0,
0,
0,
0,
0,
0,
0,
0,
0,
14791,
12710,
12710,
13274,
23211,
23243,
23276,
19644,
19677,
23275,
21162,
19677,
13274,
21162,
14759,
14824,
0,
14759,
14823,
0,
0,
0,
0,
0,
0,
0,
0,
0,
0,
0,
0,
0,
0,
0,
14791,
14791,
19710,
19710,
19710,
19710,
13274,
13274,
19710,
19710,
19710,
19710,
19710,
19710,
14823,
65535,
14824,
0,
0,
0,
0,
0,
0,
0,
0,
0,
0,
0,
0,
0,
0,
0,
0,
0,
12678,
17531,
13274,
11127,
17532,
13274,
17531,
19579,
49576,
45447,
11160,
19678,
17531,
19612,
14791,
0,
0,
0,
0,
0,
0,
0,
0,
0,
0,
0,
0,
0,
0,
0,
0,
14791,
19644,
11161,
19710,
19644,
19677,
13274,
21163,
13241,
19710,
55914,
58027,
13274,
17564,
19710,
65535,
14791,
0,
0,
0,
0,
0,
0,
0,
0,
0,
0,
0,
0,
0,
0,
14791,
19710,
13241,
19678,
19710,
19677,
19710,
23276,
11193,
23243,
23276,
19677,
19710,
60075,
57995,
13274,
14791,
14823,
0,
0,
0,
0,
0,
0,
0,
0,
0,
0,
0,
0,
0,
12710,
17531,
19710,
17531,
17531,
19710,
17531,
11127,
60043,
45447,
11128,
13241,
21130,
23211,
14759,
12710,
65535,
14791,
0,
0,
0,
0,
0,
0,
0,
0,
0,
0,
0,
0,
0,
0,
0,
12711,
19710,
19644,
19645,
19710,
19612,
14759,
23275,
21163,
19677,
13274,
11160,
14823,
0,
0,
14759,
14823,
0,
0,
0,
0,
0,
0,
0,
0,
0,
0,
0,
0,
0,
0,
0,
0,
14791,
19677,
19678,
19710,
14823,
0,
14791,
57995,
49608,
13274,
11193,
14824,
0,
0,
0,
0,
0,
0,
0,
0,
0,
0,
0,
0,
0,
0,
0,
0,
0,
0,
0,
12710,
19710,
17531,
11127,
19710,
12711,
0,
0,
12710,
17532,
13241,
12711,
0,
0,
0,
0,
0,
0,
0,
0,
0,
0,
0,
0,
0,
0,
0,
0,
0,
0,
0,
0,
14759,
19710,
19645,
14759,
14824,
0,
0,
14791,
57995,
49608,
13274,
14823,
0,
0,
0,
0,
0,
0,
0,
0,
0,
0,
0,
0,
0,
0,
0,
0,
0,
0,
0,
0,
14759,
14791,
14823,
0,
0,
0,
0,
0,
12711,
13241,
14824,
0,
0,
0,
0,
0,
0,
0,
0,
0,
0,
0,
0,
0,
0,
0,
0,
0,
0,
0,
0,
0,
0,
0,
0,
0,
0,
0,
0,
0,
12678,
12743,
0,
0,
0,
0,
0,
0,
0,
0,
0,
0,
0,
0,
0,
0,
0,
0,
0,
0,
0,
0,
0,
0,
0,
0,
0,
0,
0,
0,
0,
0,
0,
0,
0,
0,
0,
0,
0,
0,
0,
0,
0,
0,
0,
0,
0,
0,
0,
0,
0,
0,
0,
0,
0,
0,
0,
0,
0,
0,
0,
0,
0,
0,
0,
0,
0,
0,
0,
0,
0,
0,
0,
0,
0,
0,
0,
0,
0,
0,
0,
0,
0,
0,
0,
0,
0,
0,
0,
0,
0,
0,
0,
0,
0,
0,
0,
0,
0,
0,
0,
0,
0,
0,
0,
0,
0,
0,
0,
0,
0,
