2020
0,
0,
0,
0,
0,
0,
0,
0,
0,
0,
0,
0,
0,
0,
0,
0,
0,
0,
0,
0,
0,
0,
0,
0,
0,
0,
0,
0,
0,
0,
0,
0,
0,
0,
0,
0,
0,
0,
0,
0,
0,
0,
0,
0,
0,
0,
0,
0,
0,
0,
0,
0,
0,
0,
0,
0,
0,
0,
0,
0,
0,
0,
0,
0,
0,
0,
0,
0,
0,
0,
0,
0,
0,
0,
0,
0,
0,
0,
0,
0,
0,
0,
0,
0,
0,
0,
0,
0,
0,
0,
0,
0,
0,
0,
0,
0,
0,
0,
0,
0,
0,
0,
0,
0,
0,
0,
0,
0,
0,
0,
0,
0,
0,
0,
0,
0,
0,
12678,
14791,
0,
0,
0,
0,
0,
0,
0,
0,
0,
0,
0,
0,
0,
0,
0,
0,
0,
0,
0,
0,
0,
0,
0,
0,
0,
0,
0,
0,
12678,
12710,
54407,
21130,
14791,
0,
0,
0,
0,
0,
0,
0,
0,
0,
0,
0,
0,
0,
0,
0,
0,
0,
0,
0,
0,
0,
0,
0,
0,
0,
0,
12678,
37253,
37253,
37285,
54407,
14791,
0,
0,
0,
0,
0,
0,
0,
0,
0,
0,
0,
0,
0,
0,
0,
0,
0,
0,
0,
0,
0,
0,
0,
0,
0,
12678,
37253,
37253,
37253,
37253,
14791,
0,
0,
0,
0,
0,
0,
0,
0,
0,
0,
0,
0,
0,
0,
0,
0,
0,
0,
0,
0,
0,
0,
0,
0,
0,
0,
12678,
21130,
21130,
21130,
12678,
14791,
0,
0,
0,
0,
0,
0,
0,
0,
0,
0,
0,
0,
0,
0,
0,
0,
12678,
12678,
14759,
0,
0,
12678,
14759,
0,
12678,
12678,
21162,
65127,
54407,
47756,
47756,
14791,
0,
0,
12678,
14759,
0,
0,
0,
0,
0,
0,
0,
0,
0,
0,
0,
12678,
47756,
37253,
21130,
12678,
12678,
43528,
43528,
12678,
37253,
47756,
37253,
47756,
47756,
47756,
37253,
43528,
12678,
12710,
65095,
14759,
0,
0,
0,
0,
0,
0,
0,
0,
0,
0,
0,
12678,
37253,
43560,
13277,
13277,
43560,
13727,
21130,
47756,
47756,
47756,
47756,
47756,
47756,
37253,
43528,
43560,
21162,
65127,
65095,
14791,
0,
0,
0,
0,
0,
0,
0,
0,
0,
0,
12710,
13759,
13727,
47788,
13309,
13727,
47756,
43560,
13727,
21130,
37253,
43560,
47756,
47756,
47788,
65095,
12710,
13727,
43560,
48005,
14791,
0,
0,
0,
0,
0,
0,
0,
0,
0,
12678,
12678,
43560,
47756,
43560,
13727,
47756,
47756,
47756,
47788,
13727,
21130,
21130,
21130,
47756,
47788,
65127,
54439,
65535,
65535,
65127,
65095,
14791,
0,
0,
0,
0,
0,
0,
0,
0,
12678,
47756,
37285,
13277,
13277,
47756,
43560,
13727,
12678,
12678,
21130,
21130,
47756,
47756,
21130,
37253,
43560,
54407,
43528,
43528,
43560,
65095,
14791,
0,
0,
0,
0,
0,
0,
0,
0,
0,
12678,
37253,
47788,
13309,
13727,
47756,
47756,
14759,
50776,
12678,
47756,
47756,
47756,
47756,
21130,
47756,
47788,
23309,
23341,
65127,
65127,
65095,
14791,
0,
0,
0,
0,
0,
0,
0,
0,
0,
12678,
37253,
47756,
47756,
37253,
47756,
37253,
12678,
12678,
47756,
47756,
37253,
37253,
21130,
47756,
47788,
23309,
23309,
21130,
43560,
65095,
14791,
0,
0,
0,
0,
0,
0,
0,
0,
0,
0,
0,
12678,
37253,
37285,
65095,
37285,
54407,
21130,
47756,
37253,
37253,
43528,
43560,
21130,
21162,
23309,
23309,
21130,
21130,
21130,
14791,
0,
0,
0,
0,
0,
0,
0,
0,
0,
0,
0,
0,
12710,
65095,
37253,
47756,
47756,
47756,
21130,
37253,
43528,
43528,
43560,
21130,
43528,
43560,
21130,
21130,
21130,
37253,
37253,
37253,
12678,
14791,
0,
12678,
14791,
0,
0,
0,
0,
0,
0,
0,
12678,
37253,
47756,
47788,
13277,
13277,
47756,
21130,
43528,
43560,
21130,
21162,
13277,
13277,
43560,
21130,
43528,
43560,
23309,
21130,
47756,
21130,
12710,
65095,
12678,
14791,
0,
0,
0,
0,
0,
0,
0,
12678,
47756,
47788,
13309,
13727,
47788,
13727,
21130,
21130,
21130,
43560,
13309,
13727,
43560,
21130,
43560,
23309,
21130,
47756,
47756,
47756,
47756,
37285,
65095,
14791,
0,
0,
0,
0,
0,
0,
0,
12678,
37253,
21130,
47756,
47756,
47788,
13727,
43560,
13277,
13309,
13727,
43528,
43528,
43560,
21130,
43560,
21130,
47756,
47756,
37253,
43560,
47756,
47756,
14791,
61308,
0,
0,
0,
0,
0,
0,
0,
12678,
47756,
37253,
21130,
47788,
13727,
43560,
47788,
13309,
13727,
43560,
13727,
43560,
21130,
21130,
21130,
21130,
47756,
12678,
47756,
37253,
47756,
37285,
65095,
14791,
0,
0,
0,
0,
0,
0,
0,
12678,
12678,
47756,
21162,
13727,
43560,
47756,
47756,
47756,
47756,
43560,
13727,
43560,
21162,
23309,
21130,
37253,
21130,
47756,
37253,
43560,
47756,
47756,
12678,
14791,
0,
0,
0,
0,
0,
0,
0,
0,
12678,
12678,
12678,
12678,
43528,
37253,
37253,
47756,
43560,
13727,
21130,
21130,
21162,
23309,
21130,
43528,
43560,
21130,
47756,
47756,
12678,
14791,
0,
0,
0,
0,
0,
0,
0,
0,
0,
0,
0,
0,
0,
0,
12678,
47756,
47756,
12678,
12678,
21130,
21130,
37253,
12678,
21130,
43560,
47756,
37253,
43560,
21130,
14791,
0,
0,
0,
0,
0,
0,
0,
0,
0,
0,
0,
0,
0,
0,
0,
0,
0,
12678,
14759,
0,
12678,
37253,
37253,
14791,
0,
12678,
43560,
21130,
47756,
37285,
54407,
14791,
0,
0,
0,
0,
0,
0,
0,
0,
0,
0,
0,
0,
0,
0,
0,
0,
0,
0,
0,
0,
12678,
37253,
14791,
0,
0,
0,
12678,
43528,
37253,
43528,
14791,
0,
0,
0,
0,
0,
0,
0,
0,
0,
0,
0,
0,
0,
0,
0,
0,
0,
0,
0,
0,
0,
0,
14791,
0,
0,
0,
0,
0,
12678,
12678,
12678,
0,
0,
0,
0,
0,
0,
0,
0,
0,
0,
0,
0,
0,
0,
0,
0,
0,
0,
0,
0,
0,
0,
0,
0,
0,
0,
0,
0,
0,
0,
0,
0,
0,
0,
0,
0,
0,
0,
0,
0,
0,
0,
0,
0,
0,
0,
0,
0,
0,
0,
0,
0,
0,
0,
0,
0,
0,
0,
0,
0,
0,
0,
0,
0,
0,
0,
0,
0,
0,
0,
0,
0,
0,
0,
0,
0,
0,
0,
0,
0,
0,
0,
0,
0,
0,
0,
0,
0,
0,
0,
0,
0,
0,
0,
0,
0,
0,
0,
0,
0,
0,
0,
0,
0,
0,
0,
0,
0,
0,
0,
0,
0,
0,
0,
0,
0,
0,
0,
0,
0,
0,
0,
0,
0,
0,
0,
0,
0,
0,
0,
0,
0,
0,
0,
0,
0,
0,
