2020
0,
0,
0,
0,
0,
0,
0,
0,
0,
0,
0,
0,
0,
0,
0,
0,
0,
0,
0,
0,
0,
0,
0,
0,
0,
0,
0,
0,
0,
0,
0,
0,
0,
0,
0,
0,
0,
0,
0,
0,
0,
0,
0,
0,
0,
0,
0,
0,
0,
0,
0,
0,
0,
0,
0,
0,
0,
0,
0,
0,
0,
0,
0,
0,
0,
0,
0,
0,
0,
0,
0,
0,
0,
0,
0,
0,
0,
0,
0,
0,
0,
0,
0,
0,
0,
0,
0,
0,
0,
0,
0,
0,
0,
0,
0,
0,
0,
0,
0,
0,
0,
0,
0,
0,
0,
0,
0,
0,
0,
0,
0,
0,
0,
0,
0,
0,
0,
0,
0,
0,
0,
0,
0,
0,
0,
0,
0,
0,
0,
0,
0,
0,
0,
0,
0,
0,
0,
0,
0,
0,
0,
0,
0,
0,
0,
0,
0,
0,
0,
0,
0,
0,
0,
0,
0,
0,
0,
0,
0,
0,
0,
0,
0,
0,
0,
0,
0,
0,
0,
0,
0,
0,
0,
0,
0,
0,
0,
12678,
14759,
14791,
14791,
0,
0,
0,
0,
0,
0,
0,
0,
0,
0,
0,
0,
0,
0,
0,
0,
0,
0,
0,
0,
0,
0,
0,
0,
0,
0,
12710,
14791,
17388,
19469,
19533,
12743,
0,
0,
0,
0,
0,
0,
0,
0,
0,
0,
0,
0,
0,
0,
0,
0,
0,
0,
0,
0,
0,
0,
0,
0,
0,
14823,
65535,
24016,
19534,
23275,
14824,
0,
0,
14824,
0,
0,
0,
0,
0,
0,
0,
0,
0,
0,
0,
0,
0,
0,
0,
0,
0,
0,
0,
0,
0,
0,
14791,
23211,
33840,
23275,
23211,
50776,
14791,
12678,
14791,
19534,
14791,
0,
0,
0,
0,
0,
0,
0,
0,
0,
0,
0,
0,
0,
12710,
12678,
14791,
14791,
0,
0,
12678,
14791,
65535,
63454,
23243,
65535,
31727,
33840,
54938,
48631,
23243,
19533,
12743,
0,
0,
0,
0,
0,
0,
0,
0,
0,
0,
0,
0,
14823,
65535,
65535,
65535,
54938,
14791,
14823,
65535,
65535,
54970,
35953,
25356,
65535,
65535,
35953,
54970,
19534,
19566,
23275,
14824,
0,
0,
0,
0,
0,
0,
0,
0,
0,
0,
0,
0,
0,
12710,
21162,
65535,
65503,
56542,
60767,
33808,
65503,
65535,
31727,
65535,
54970,
31727,
65535,
54938,
48631,
19501,
23275,
12743,
0,
0,
0,
0,
0,
0,
0,
0,
0,
0,
0,
0,
0,
12710,
48631,
54970,
33808,
50744,
65535,
65503,
65503,
35953,
51945,
51978,
65535,
63454,
65535,
54938,
48631,
52825,
14824,
0,
0,
0,
0,
0,
0,
0,
0,
0,
0,
0,
0,
0,
0,
0,
25324,
35953,
65535,
65535,
35953,
65535,
65535,
54970,
35953,
56139,
65535,
65535,
65535,
65535,
54970,
54970,
14824,
0,
0,
0,
0,
0,
0,
0,
0,
0,
0,
0,
0,
0,
0,
0,
14791,
65535,
65503,
31727,
65535,
56510,
56542,
65535,
63454,
33808,
25356,
48631,
52825,
65535,
48631,
52825,
14824,
0,
0,
0,
0,
0,
0,
0,
0,
0,
0,
0,
0,
0,
0,
0,
12710,
65535,
33808,
65535,
60735,
14759,
56575,
65535,
65503,
65535,
25356,
65503,
33840,
35921,
33808,
52857,
54938,
12678,
14823,
0,
0,
0,
0,
0,
0,
0,
0,
0,
0,
0,
0,
0,
14823,
65535,
35953,
65535,
62815,
60735,
65535,
65535,
54970,
35953,
23275,
65535,
65535,
65535,
35953,
54970,
54970,
23275,
19534,
14824,
0,
0,
0,
0,
0,
0,
0,
0,
0,
0,
0,
0,
0,
14791,
31727,
65503,
65535,
65503,
65503,
65535,
65503,
65535,
35953,
63454,
50744,
35921,
31727,
52857,
19533,
21162,
19501,
14823,
0,
0,
0,
0,
0,
0,
0,
0,
0,
0,
0,
0,
12710,
14823,
65535,
65535,
65535,
65503,
23211,
65535,
50712,
33840,
65535,
65503,
65535,
35953,
48663,
19501,
19534,
21162,
23243,
14823,
0,
0,
0,
0,
0,
0,
0,
0,
0,
0,
0,
14823,
65535,
65535,
65535,
65535,
65535,
65535,
35953,
65535,
65535,
65535,
35953,
23275,
23275,
25356,
54970,
54970,
23275,
23275,
19566,
19534,
14824,
0,
0,
0,
0,
0,
0,
0,
0,
0,
0,
12710,
31727,
54970,
65503,
65503,
65535,
21162,
48663,
35921,
23211,
65503,
35953,
63454,
65503,
23984,
21162,
23243,
23275,
17388,
23243,
14759,
12743,
0,
0,
0,
0,
0,
0,
0,
0,
0,
0,
0,
14791,
65535,
33840,
65503,
35921,
14791,
50744,
54970,
50712,
23243,
35953,
65503,
65535,
65535,
21838,
23983,
23984,
21162,
14823,
0,
0,
0,
0,
0,
0,
0,
0,
0,
0,
0,
0,
0,
0,
14791,
35953,
65535,
14824,
0,
14791,
14791,
14823,
65535,
65535,
65535,
65535,
24016,
23984,
24016,
24016,
23984,
24016,
14824,
0,
0,
0,
0,
0,
0,
0,
0,
0,
0,
0,
0,
0,
0,
12678,
14791,
0,
0,
0,
0,
0,
14791,
65535,
63454,
65535,
65535,
21806,
23919,
23243,
21130,
14791,
0,
0,
0,
0,
0,
0,
0,
0,
0,
0,
0,
0,
0,
0,
0,
0,
0,
0,
0,
0,
0,
0,
0,
14791,
14791,
65535,
24016,
21838,
23983,
24016,
21806,
14823,
0,
0,
0,
0,
0,
0,
0,
0,
0,
0,
0,
0,
0,
0,
0,
0,
0,
0,
0,
0,
0,
0,
0,
0,
0,
14791,
14791,
14791,
14791,
14791,
14824,
0,
0,
0,
0,
0,
0,
0,
0,
0,
0,
0,
0,
0,
0,
0,
0,
0,
0,
0,
0,
0,
0,
0,
0,
0,
0,
0,
0,
0,
0,
0,
0,
0,
0,
0,
0,
0,
0,
0,
0,
0,
0,
0,
0,
0,
0,
0,
0,
0,
0,
0,
0,
0,
0,
0,
0,
0,
0,
0,
0,
0,
0,
0,
0,
0,
0,
0,
0,
0,
0,
0,
0,
0,
0,
0,
0,
0,
0,
0,
0,
0,
0,
0,
0,
0,
0,
0,
0,
0,
0,
0,
0,
0,
0,
0,
0,
0,
0,
0,
0,
0,
0,
0,
0,
0,
0,
0,
0,
0,
0,
0,
0,
0,
0,
0,
0,
0,
0,
0,
0,
0,
0,
0,
0,
0,
0,
0,
0,
0,
0,
0,
0,
0,
0,
0,
0,
0,
0,
0,
0,
0,
0,
0,
0,
0,
0,
0,
0,
0,
0,
0,
0,
0,
0,
0,
0,
0,
0,
0,
0,
0,
0,
0,
0,
0,
0,
0,
0,
0,
0,
0,
0,
0,
0,
0,
0,
0,
0,
0,
0,
0,
0,
0,
0,
0,
0,
0,
0,
0,
0,
0,
0,
0,
0,
0,
0,
0,
0,
0,
0,
