2020
0,
0,
0,
0,
0,
0,
0,
0,
0,
0,
0,
0,
0,
0,
0,
0,
0,
0,
0,
0,
0,
0,
0,
0,
0,
0,
0,
0,
0,
0,
0,
0,
0,
0,
0,
0,
0,
0,
0,
0,
0,
0,
0,
0,
0,
0,
0,
0,
0,
0,
0,
0,
0,
0,
0,
0,
0,
0,
0,
0,
0,
0,
0,
0,
0,
0,
0,
0,
0,
0,
0,
0,
0,
0,
0,
0,
0,
0,
0,
0,
0,
0,
0,
0,
0,
0,
0,
0,
0,
0,
0,
0,
0,
0,
0,
0,
0,
0,
0,
0,
0,
0,
0,
0,
0,
0,
0,
0,
0,
0,
0,
0,
0,
0,
0,
0,
0,
0,
0,
0,
0,
0,
0,
0,
0,
0,
0,
0,
0,
0,
0,
0,
0,
0,
0,
0,
0,
0,
0,
0,
0,
0,
0,
0,
0,
0,
0,
0,
0,
0,
0,
0,
0,
0,
0,
0,
0,
0,
0,
0,
0,
0,
0,
0,
0,
0,
0,
0,
0,
0,
12678,
12710,
12710,
0,
0,
0,
0,
12710,
12710,
0,
0,
0,
0,
0,
0,
0,
0,
0,
0,
0,
0,
0,
0,
0,
0,
0,
0,
0,
0,
0,
12710,
12710,
38766,
40911,
23722,
14791,
0,
0,
12710,
34542,
28044,
14791,
0,
0,
0,
0,
0,
0,
0,
0,
0,
0,
0,
0,
0,
0,
0,
0,
0,
0,
0,
12710,
14791,
34510,
23243,
40911,
40879,
40879,
14823,
0,
14759,
23243,
23243,
46316,
12710,
14791,
0,
0,
0,
0,
0,
0,
0,
0,
0,
0,
0,
0,
0,
0,
0,
0,
0,
12678,
34542,
30253,
23658,
25835,
21130,
38670,
25835,
12678,
21162,
59022,
61137,
46283,
65427,
19049,
12743,
0,
12678,
14791,
0,
0,
0,
0,
0,
0,
0,
0,
0,
0,
0,
0,
12710,
32397,
34542,
23754,
38734,
23275,
38734,
40847,
30221,
21162,
40847,
64752,
60591,
65427,
48396,
63282,
46316,
12742,
28076,
34510,
14791,
0,
0,
0,
0,
0,
0,
0,
0,
0,
0,
0,
12710,
25835,
34542,
23754,
40879,
30221,
23243,
40879,
40879,
23243,
65535,
64752,
23243,
64752,
64784,
62704,
65459,
46348,
30189,
34510,
14823,
0,
0,
0,
0,
0,
0,
0,
0,
0,
0,
0,
0,
12678,
23243,
21130,
23690,
40879,
30253,
21162,
40879,
25931,
21162,
62704,
19049,
21162,
23243,
39728,
62671,
65362,
19049,
14791,
0,
0,
0,
0,
0,
0,
0,
0,
0,
0,
0,
0,
12710,
46283,
48396,
44203,
21162,
34542,
21162,
40847,
40911,
38702,
23243,
30221,
60559,
23243,
46002,
41841,
64752,
65459,
44171,
14823,
0,
0,
0,
0,
0,
0,
0,
0,
0,
0,
0,
14791,
59022,
46316,
59054,
46283,
46316,
23275,
40847,
40879,
40911,
40814,
23243,
65535,
65535,
23243,
46002,
43922,
64784,
65459,
46315,
65459,
14823,
0,
0,
0,
0,
0,
0,
0,
0,
12678,
12678,
23243,
44171,
52717,
48396,
52717,
42091,
23243,
21130,
38670,
40879,
36557,
21130,
23211,
12710,
65535,
64752,
58478,
63314,
46283,
61169,
65395,
12743,
0,
0,
0,
0,
0,
0,
0,
0,
14791,
65427,
59054,
23243,
56974,
48396,
56942,
46316,
23243,
30189,
23243,
40911,
40814,
23243,
65535,
65535,
40879,
48364,
46283,
65459,
48364,
46283,
14823,
0,
0,
0,
0,
0,
0,
0,
0,
0,
0,
14758,
59054,
56942,
23243,
59054,
46283,
23243,
30221,
23243,
40879,
40911,
40814,
23243,
34542,
40846,
30221,
48396,
65395,
65459,
65459,
46283,
25835,
12710,
14791,
0,
0,
0,
0,
0,
0,
0,
12710,
61169,
65491,
52717,
21130,
23243,
21130,
28012,
23243,
36589,
38670,
40879,
36557,
21162,
65459,
30253,
65362,
65427,
42091,
63314,
21162,
21609,
25835,
32397,
30220,
14791,
0,
0,
0,
0,
0,
0,
0,
14758,
65459,
12710,
12710,
34542,
23754,
40847,
30221,
23243,
40879,
40911,
40814,
23243,
65491,
65395,
65459,
59022,
21162,
23243,
40879,
21162,
30221,
34542,
32397,
14823,
0,
0,
0,
0,
0,
0,
0,
12678,
14823,
0,
0,
14791,
23722,
40814,
40911,
28076,
23243,
40911,
28076,
23243,
59054,
63314,
65427,
23275,
38734,
34510,
30221,
21162,
23243,
30221,
32365,
14823,
0,
0,
0,
0,
0,
0,
0,
0,
0,
0,
12678,
25835,
30253,
23690,
40879,
21130,
38670,
40879,
21130,
54797,
59022,
52716,
54861,
23243,
36589,
28076,
28108,
21130,
56942,
12710,
12710,
0,
0,
0,
0,
0,
0,
0,
0,
0,
0,
0,
14790,
34542,
34478,
25803,
23275,
40847,
40879,
30221,
23210,
59022,
59054,
56941,
46316,
23275,
40814,
30221,
23243,
56941,
59022,
14823,
0,
0,
0,
0,
0,
0,
0,
0,
0,
0,
0,
0,
0,
12710,
32397,
32397,
25835,
21162,
40847,
23243,
12678,
14758,
59054,
44203,
46316,
59022,
21162,
23243,
48364,
54829,
14823,
0,
0,
0,
0,
0,
0,
0,
0,
0,
0,
0,
0,
0,
0,
12710,
12678,
36590,
40879,
36557,
12678,
14823,
0,
0,
12710,
12678,
12710,
59022,
42090,
46283,
56909,
52684,
14791,
0,
0,
0,
0,
0,
0,
0,
0,
0,
0,
0,
0,
0,
0,
0,
0,
12710,
12710,
14791,
0,
0,
0,
0,
0,
0,
0,
12710,
12710,
14791,
59022,
14791,
0,
0,
0,
0,
0,
0,
0,
0,
0,
0,
0,
0,
0,
0,
0,
0,
0,
0,
0,
0,
0,
0,
0,
0,
0,
0,
0,
0,
0,
12710,
14791,
0,
0,
0,
0,
0,
0,
0,
0,
0,
0,
0,
0,
0,
0,
0,
0,
0,
0,
0,
0,
0,
0,
0,
0,
0,
0,
0,
0,
0,
0,
0,
0,
0,
0,
0,
0,
0,
0,
0,
0,
0,
0,
0,
0,
0,
0,
0,
0,
0,
0,
0,
0,
0,
0,
0,
0,
0,
0,
0,
0,
0,
0,
0,
0,
0,
0,
0,
0,
0,
0,
0,
0,
0,
0,
0,
0,
0,
0,
0,
0,
0,
0,
0,
0,
0,
0,
0,
0,
0,
0,
0,
0,
0,
0,
0,
0,
0,
0,
0,
0,
0,
0,
0,
0,
0,
0,
0,
0,
0,
0,
0,
0,
0,
0,
0,
0,
0,
0,
0,
0,
0,
0,
0,
0,
0,
0,
0,
0,
0,
0,
0,
0,
0,
0,
0,
0,
0,
0,
0,
0,
0,
0,
0,
0,
0,
0,
0,
0,
0,
0,
0,
0,
0,
0,
0,
0,
0,
0,
0,
0,
0,
0,
0,
0,
0,
0,
0,
0,
0,
0,
0,
0,
0,
0,
0,
0,
0,
0,
0,
0,
0,
0,
0,
0,
0,
0,
0,
0,
0,
0,
0,
0,
0,
0,
0,
0,
0,
0,
0,
0,
