2020
0,
0,
0,
0,
0,
0,
0,
0,
0,
0,
0,
0,
0,
0,
0,
0,
0,
0,
0,
0,
0,
0,
0,
0,
0,
0,
0,
0,
0,
0,
0,
0,
0,
0,
0,
0,
0,
0,
0,
0,
0,
0,
0,
0,
0,
0,
0,
0,
0,
0,
0,
0,
0,
0,
0,
0,
0,
0,
0,
0,
0,
0,
0,
0,
0,
0,
0,
0,
0,
0,
0,
0,
0,
0,
0,
0,
0,
0,
0,
0,
0,
0,
0,
0,
0,
0,
0,
0,
0,
0,
0,
0,
0,
0,
0,
0,
0,
0,
0,
0,
0,
0,
0,
0,
0,
0,
0,
0,
12678,
10597,
10597,
12711,
0,
0,
0,
0,
0,
0,
0,
0,
0,
0,
0,
0,
0,
0,
0,
0,
0,
0,
0,
0,
0,
0,
0,
0,
0,
0,
12678,
12710,
37770,
37770,
31496,
31496,
12678,
0,
0,
0,
0,
0,
0,
0,
0,
0,
0,
0,
0,
0,
0,
0,
0,
0,
0,
0,
0,
0,
0,
0,
0,
12710,
38033,
29383,
37770,
35657,
21029,
23141,
29383,
12678,
0,
0,
0,
0,
0,
0,
0,
0,
0,
0,
0,
0,
0,
0,
0,
0,
0,
0,
0,
0,
0,
0,
12646,
40146,
35952,
27335,
37770,
33609,
33609,
31496,
20997,
12678,
0,
0,
0,
0,
0,
0,
0,
0,
0,
0,
0,
0,
0,
0,
0,
0,
0,
0,
0,
0,
0,
12678,
40146,
31496,
31496,
31528,
37770,
37770,
37770,
12678,
31496,
12711,
0,
0,
0,
0,
0,
0,
0,
0,
0,
0,
0,
0,
0,
0,
0,
0,
0,
0,
0,
0,
12710,
38065,
35952,
31496,
29416,
35952,
31528,
35657,
12678,
0,
12678,
0,
0,
0,
0,
0,
0,
0,
0,
0,
0,
0,
0,
0,
0,
0,
0,
0,
0,
0,
0,
10597,
40146,
38033,
35920,
40146,
35952,
35920,
40146,
12678,
0,
0,
0,
0,
12678,
10597,
12678,
0,
10597,
12678,
0,
0,
0,
0,
0,
0,
0,
0,
0,
0,
0,
0,
0,
12710,
40178,
40178,
40146,
31528,
40146,
40146,
12711,
0,
12678,
12678,
12678,
12710,
37770,
31528,
37770,
12678,
23109,
23109,
12711,
0,
0,
0,
0,
0,
0,
0,
0,
0,
0,
0,
12678,
35920,
40146,
38033,
35952,
40146,
35952,
19017,
12678,
12678,
29580,
54970,
48631,
19049,
31496,
58792,
29416,
65129,
19017,
21029,
12711,
0,
0,
0,
0,
0,
0,
0,
0,
0,
0,
0,
12678,
35920,
40146,
38033,
35920,
21130,
19049,
35920,
37770,
19049,
27335,
21162,
48631,
48631,
21130,
58824,
60904,
65129,
56744,
19049,
12711,
0,
0,
0,
0,
0,
0,
0,
0,
0,
0,
12678,
21162,
40146,
40146,
21130,
21130,
21162,
40146,
40146,
64628,
21130,
65535,
31496,
21130,
21130,
65129,
65129,
65129,
65129,
48329,
12711,
0,
0,
0,
0,
0,
0,
0,
0,
0,
0,
0,
12678,
38033,
35920,
31693,
47920,
45839,
21162,
35952,
35952,
40178,
33609,
19049,
65535,
27335,
29383,
21162,
58824,
60904,
65129,
42056,
44168,
12711,
0,
0,
0,
0,
0,
0,
0,
0,
0,
0,
0,
12678,
12645,
31693,
29612,
29580,
40146,
38033,
29580,
65535,
12678,
35689,
65535,
29383,
19049,
65503,
19049,
60937,
48329,
44136,
46217,
12711,
0,
0,
0,
0,
0,
0,
0,
0,
0,
0,
0,
0,
0,
12678,
12678,
12710,
40178,
31725,
65503,
12710,
65503,
37770,
21162,
31496,
21162,
65535,
65503,
21162,
48361,
23109,
48329,
12678,
12678,
12711,
0,
0,
0,
0,
0,
0,
0,
0,
0,
0,
0,
0,
0,
0,
12710,
29580,
57115,
12678,
59228,
33609,
21130,
27335,
35952,
40146,
59164,
19049,
23141,
27335,
21029,
21130,
27335,
35689,
12711,
0,
0,
0,
0,
0,
0,
0,
0,
0,
0,
0,
12678,
10597,
12710,
38033,
29580,
40178,
35657,
35657,
37770,
19049,
38033,
40146,
19049,
35689,
31496,
27335,
29416,
21130,
27335,
23109,
12711,
0,
0,
0,
0,
0,
0,
0,
0,
0,
0,
12710,
31693,
31693,
31693,
21130,
21130,
21130,
21130,
37770,
31496,
31693,
21130,
40146,
21162,
37770,
31496,
31496,
21162,
31496,
31528,
37770,
12711,
0,
0,
0,
0,
0,
0,
0,
0,
0,
10597,
40146,
35953,
19017,
21162,
35952,
35920,
40146,
35952,
19017,
21130,
19017,
27500,
31693,
19017,
29383,
31496,
27335,
19049,
12678,
10597,
12710,
0,
0,
0,
0,
0,
0,
0,
0,
0,
0,
10597,
21162,
38065,
35952,
40146,
38033,
35952,
40178,
38033,
38032,
31496,
35952,
19049,
21130,
19049,
29416,
31496,
27335,
12710,
0,
0,
0,
0,
0,
0,
0,
0,
0,
0,
0,
0,
0,
0,
12710,
40146,
40146,
40178,
40146,
40146,
40178,
40146,
40146,
40178,
40146,
31496,
37770,
37770,
21130,
21130,
12711,
0,
0,
0,
0,
0,
0,
0,
0,
0,
0,
0,
0,
0,
0,
0,
0,
12678,
35920,
40146,
35952,
35920,
40146,
27335,
27335,
40146,
27335,
33577,
37770,
33577,
35657,
31496,
27335,
10597,
0,
0,
0,
0,
0,
0,
0,
0,
0,
0,
0,
0,
0,
0,
0,
0,
10597,
12710,
38033,
35952,
40178,
29415,
29383,
31496,
33609,
35657,
37770,
21028,
21029,
23109,
12678,
0,
0,
0,
0,
0,
0,
0,
0,
0,
0,
0,
0,
0,
0,
0,
0,
0,
0,
0,
12678,
12678,
40178,
40146,
40146,
31528,
37770,
31496,
37770,
37770,
31496,
12711,
0,
0,
0,
0,
0,
0,
0,
0,
0,
0,
0,
0,
0,
0,
0,
0,
0,
0,
0,
0,
0,
0,
12678,
10597,
12645,
37770,
33577,
33577,
23109,
20996,
21029,
12711,
0,
0,
0,
0,
0,
0,
0,
0,
0,
0,
0,
0,
0,
0,
0,
0,
0,
0,
0,
0,
0,
0,
0,
0,
0,
12678,
12678,
35689,
37770,
29416,
12710,
0,
0,
0,
0,
0,
0,
0,
0,
0,
0,
0,
0,
0,
0,
0,
0,
0,
0,
0,
0,
0,
0,
0,
0,
0,
0,
0,
0,
12678,
12678,
12711,
0,
0,
0,
0,
0,
0,
0,
0,
0,
0,
0,
0,
0,
0,
0,
0,
0,
0,
0,
0,
0,
0,
0,
0,
0,
0,
0,
0,
0,
0,
0,
0,
0,
0,
0,
0,
0,
0,
0,
0,
0,
0,
0,
0,
0,
0,
0,
0,
0,
0,
0,
0,
0,
0,
0,
0,
0,
0,
0,
0,
0,
0,
0,
0,
0,
0,
0,
0,
0,
0,
0,
0,
0,
0,
0,
0,
0,
0,
0,
0,
0,
0,
0,
0,
0,
0,
0,
0,
0,
0,
0,
0,
0,
0,
0,
0,
0,
0,
0,
0,
0,
0,
0,
0,
0,
0,
0,
0,
