2020
0,
0,
0,
0,
0,
0,
0,
0,
0,
0,
0,
0,
0,
0,
0,
0,
0,
0,
0,
0,
0,
0,
0,
0,
0,
0,
0,
0,
0,
0,
0,
0,
0,
0,
0,
0,
0,
0,
0,
0,
0,
0,
0,
0,
0,
0,
0,
0,
0,
0,
0,
0,
0,
0,
0,
0,
0,
0,
0,
0,
0,
0,
0,
0,
0,
0,
0,
0,
0,
12678,
12678,
12711,
0,
0,
0,
0,
0,
0,
0,
0,
0,
0,
12678,
12678,
0,
0,
0,
0,
0,
0,
0,
0,
0,
0,
0,
0,
0,
0,
0,
0,
0,
12646,
19017,
21130,
10597,
10597,
12711,
0,
0,
0,
10597,
12678,
0,
0,
10597,
21130,
12678,
0,
0,
0,
0,
0,
0,
0,
0,
0,
0,
0,
0,
0,
0,
0,
0,
0,
12678,
21130,
21130,
21130,
21130,
12711,
0,
12678,
16904,
16904,
12711,
0,
12678,
21130,
21130,
12711,
0,
0,
0,
0,
0,
0,
0,
0,
0,
0,
0,
0,
0,
0,
0,
0,
12678,
21162,
29833,
27753,
21130,
21130,
12678,
12678,
21130,
21130,
21130,
12710,
0,
12678,
21130,
12711,
0,
0,
0,
0,
0,
0,
0,
0,
0,
0,
0,
0,
0,
10597,
12678,
12646,
14791,
16904,
14823,
19017,
21130,
10597,
19017,
48599,
44373,
19017,
21130,
12678,
0,
12678,
19017,
12678,
0,
0,
0,
12678,
10597,
12710,
0,
0,
0,
0,
0,
0,
12678,
19049,
21130,
21162,
29993,
32074,
21130,
16904,
12678,
21162,
63390,
16936,
21130,
21130,
12711,
0,
0,
12678,
16904,
12711,
0,
12678,
12710,
38569,
36425,
29833,
12711,
0,
0,
0,
0,
0,
0,
12646,
16904,
21130,
19049,
21130,
21130,
12678,
21162,
31728,
19049,
21162,
36457,
36425,
21130,
12646,
12678,
21130,
19081,
27753,
12710,
29961,
36457,
32106,
36392,
38537,
32074,
12678,
0,
0,
0,
0,
0,
0,
12678,
36360,
34248,
21130,
14823,
14791,
12678,
19017,
19049,
65535,
59164,
27849,
32074,
10597,
19017,
21162,
57115,
34312,
38537,
34280,
36361,
63454,
57115,
36424,
38505,
12678,
0,
0,
0,
0,
0,
0,
0,
12678,
16904,
16904,
16904,
12678,
21130,
16904,
63422,
65535,
38537,
36457,
21130,
12678,
16904,
21130,
21130,
21162,
38569,
36457,
38537,
38569,
29993,
38537,
38569,
29993,
12678,
0,
0,
0,
0,
0,
12678,
21130,
19049,
21130,
16904,
12646,
12678,
21129,
36425,
32106,
36425,
19049,
12678,
16872,
16904,
21130,
27753,
36457,
38569,
27752,
36457,
38569,
36392,
38537,
38569,
36392,
12678,
0,
0,
0,
12678,
10597,
21130,
36360,
34248,
21130,
19049,
14823,
21130,
10597,
19017,
29833,
19017,
19017,
12678,
14791,
14823,
38537,
34280,
27720,
38537,
34280,
34312,
29833,
19017,
27752,
38537,
34248,
12646,
0,
0,
12678,
21130,
21130,
21130,
21130,
21130,
21130,
21130,
16904,
16936,
21130,
21130,
12678,
21130,
21130,
12678,
16904,
21130,
21162,
32074,
38537,
38537,
12678,
12678,
16936,
21130,
21162,
29865,
38505,
12678,
0,
0,
0,
12678,
12646,
21162,
38505,
36393,
21130,
21130,
16872,
16936,
19049,
19049,
12678,
19049,
12678,
16904,
16904,
29993,
38569,
61309,
63390,
12711,
0,
0,
12678,
16904,
21130,
21162,
36392,
12678,
0,
0,
0,
0,
0,
12678,
19049,
19017,
16904,
16872,
19017,
16904,
14823,
19017,
21130,
10597,
10597,
16936,
27688,
34280,
32106,
34280,
27688,
12711,
0,
12646,
21130,
19017,
19081,
29833,
25608,
12646,
0,
0,
0,
0,
0,
0,
12678,
16936,
38569,
38537,
21130,
21130,
16904,
16904,
21130,
21130,
21130,
21130,
16904,
38537,
29865,
38537,
12711,
0,
12678,
21162,
29833,
21130,
21162,
38537,
12711,
0,
0,
0,
0,
0,
0,
12678,
12678,
19017,
21130,
19049,
19049,
21130,
19049,
14823,
16904,
16904,
19049,
21130,
16903,
36392,
21130,
36360,
36425,
12678,
14823,
19049,
21130,
19017,
36457,
29833,
12678,
0,
0,
0,
0,
0,
10597,
21130,
19049,
19017,
21162,
29929,
27849,
21130,
14823,
14791,
16904,
14823,
10597,
12678,
27849,
34280,
12678,
10597,
34312,
16904,
19017,
27688,
21130,
27849,
36393,
12711,
0,
0,
0,
0,
0,
0,
0,
12678,
12678,
16904,
21130,
21130,
16904,
16904,
16904,
16904,
16904,
12711,
0,
12710,
38537,
12711,
0,
12710,
38537,
16936,
21130,
29833,
21162,
29833,
12711,
0,
0,
0,
0,
0,
0,
0,
0,
0,
0,
10597,
12678,
16904,
14823,
29833,
27720,
14823,
16904,
12678,
0,
12678,
36360,
12678,
0,
0,
12678,
16936,
19017,
19049,
21130,
12678,
0,
0,
0,
0,
0,
0,
0,
0,
0,
0,
0,
0,
0,
12646,
19017,
21130,
19017,
14791,
12711,
0,
0,
12678,
12678,
0,
0,
0,
0,
12710,
25608,
19049,
21130,
12678,
0,
0,
0,
0,
0,
0,
0,
0,
0,
0,
0,
0,
12678,
21130,
16936,
21130,
21130,
12711,
0,
0,
0,
0,
0,
0,
0,
0,
12710,
38569,
38537,
21130,
21130,
12711,
0,
0,
0,
0,
0,
0,
0,
0,
0,
0,
0,
10597,
21130,
16904,
10597,
12678,
12678,
0,
0,
0,
0,
0,
0,
0,
0,
12678,
36425,
38569,
34312,
27753,
21130,
12678,
0,
0,
0,
0,
0,
0,
0,
0,
0,
0,
0,
10597,
12678,
12678,
0,
0,
0,
0,
0,
0,
0,
0,
0,
0,
12710,
34280,
27720,
38569,
34280,
36360,
12711,
0,
0,
0,
0,
0,
0,
0,
0,
0,
0,
0,
0,
0,
0,
0,
0,
0,
0,
0,
0,
0,
0,
0,
0,
0,
12710,
29865,
38569,
38569,
38537,
29833,
12711,
0,
0,
0,
0,
0,
0,
0,
0,
0,
0,
0,
0,
0,
0,
0,
0,
0,
0,
0,
0,
0,
0,
0,
0,
0,
0,
12678,
36425,
29865,
34280,
12710,
0,
0,
0,
0,
0,
0,
0,
0,
0,
0,
0,
0,
0,
0,
0,
0,
0,
0,
0,
0,
0,
0,
0,
0,
0,
0,
0,
0,
12678,
38537,
12678,
0,
0,
0,
0,
0,
0,
0,
0,
0,
0,
0,
0,
0,
0,
0,
0,
0,
0,
0,
0,
0,
0,
0,
0,
0,
0,
0,
0,
12710,
38537,
12711,
0,
0,
0,
0,
0,
0,
0,
0,
0,
0,
0,
0,
0,
0,
0,
0,
0,
0,
0,
0,
0,
0,
0,
0,
0,
0,
0,
0,
0,
10597,
12678,
0,
0,
0,
0,
0,
0,
0,
0,
0,
0,
0,
0,
0,
0,
0,
0,
0,
0,
0,
0,
0,
0,
0,
0,
0,
0,
0,
0,
0,
0,
0,
0,
0,
0,
0,
0,
0,
0,
0,
0,
0,
0,
0,
0,
0,
0,
0,
0,
0,
0,
0,
0,
0,
0,
0,
0,
0,
0,
0,
0,
0,
0,
0,
0,
0,
0,
0,
0,
0,
0,
0,
0,
0,
0,
