2020
0,
0,
0,
0,
0,
0,
0,
0,
0,
0,
0,
0,
0,
0,
0,
0,
0,
0,
0,
0,
0,
0,
0,
0,
0,
0,
0,
0,
0,
0,
0,
0,
0,
0,
0,
0,
0,
0,
0,
0,
0,
0,
0,
0,
0,
12710,
14823,
0,
0,
0,
0,
0,
0,
0,
0,
0,
0,
0,
0,
0,
0,
0,
0,
0,
0,
0,
0,
0,
0,
0,
0,
0,
0,
0,
0,
0,
12678,
45645,
49806,
12711,
0,
0,
0,
0,
0,
0,
0,
0,
0,
0,
0,
0,
0,
0,
0,
0,
0,
0,
0,
0,
0,
0,
0,
0,
0,
0,
0,
0,
14791,
49839,
25692,
14759,
0,
0,
0,
0,
0,
0,
0,
0,
0,
0,
0,
0,
0,
0,
0,
0,
0,
0,
0,
0,
0,
0,
0,
0,
0,
0,
0,
0,
0,
12710,
25692,
23545,
12743,
0,
0,
0,
0,
0,
0,
0,
0,
0,
0,
0,
0,
0,
0,
0,
0,
0,
0,
0,
0,
0,
0,
0,
0,
0,
0,
0,
0,
0,
14791,
23513,
12711,
0,
0,
12743,
0,
0,
0,
0,
0,
0,
0,
0,
0,
0,
0,
0,
0,
0,
0,
0,
0,
0,
0,
0,
0,
0,
0,
0,
0,
14759,
14791,
23243,
14823,
0,
14791,
25659,
14823,
0,
0,
0,
0,
0,
0,
0,
0,
0,
0,
0,
0,
0,
0,
0,
0,
0,
0,
0,
0,
0,
12678,
14759,
12711,
30111,
32255,
30079,
23546,
14759,
21162,
23578,
14823,
0,
0,
0,
0,
0,
0,
0,
0,
0,
0,
0,
0,
0,
0,
0,
0,
0,
0,
0,
14759,
12710,
23513,
23275,
30079,
23513,
23243,
21130,
21162,
25691,
23513,
21162,
25659,
12711,
0,
0,
0,
0,
0,
0,
0,
0,
0,
0,
0,
0,
0,
0,
0,
0,
0,
14791,
32255,
23275,
25691,
23275,
25691,
23275,
25692,
32255,
25691,
23275,
25691,
25692,
25659,
14759,
14823,
0,
0,
0,
0,
0,
0,
0,
0,
0,
0,
0,
0,
0,
0,
0,
12711,
30047,
32255,
30079,
21162,
32255,
23545,
21162,
23243,
21162,
30079,
25691,
21162,
23546,
23243,
21130,
21162,
14823,
0,
0,
0,
0,
0,
0,
0,
0,
0,
0,
0,
0,
0,
0,
12710,
30047,
32255,
21162,
30047,
25691,
21162,
65503,
44373,
29582,
21162,
32255,
23513,
21162,
25691,
21130,
21162,
14823,
0,
0,
0,
0,
0,
0,
0,
0,
0,
0,
0,
0,
0,
14791,
42719,
23275,
42719,
23275,
42687,
23275,
65535,
14759,
65535,
31727,
23243,
32255,
25691,
23275,
25691,
23243,
23243,
14823,
0,
0,
0,
0,
0,
0,
0,
0,
0,
0,
0,
0,
0,
14791,
40575,
30047,
42687,
23545,
38430,
23275,
40179,
29614,
31727,
29582,
29614,
23275,
23513,
21162,
25691,
23512,
21162,
23243,
12711,
0,
0,
0,
0,
0,
0,
0,
0,
0,
0,
0,
0,
14791,
25626,
38463,
32255,
30111,
30079,
32255,
21162,
29614,
44405,
65535,
40179,
23275,
23545,
23578,
25691,
23513,
21162,
31727,
12711,
0,
0,
0,
0,
0,
0,
0,
0,
0,
0,
0,
0,
0,
14791,
32255,
32255,
23275,
32255,
32255,
25691,
23275,
65535,
14823,
65535,
23243,
25691,
25692,
25692,
23243,
31727,
31727,
14823,
0,
0,
0,
0,
0,
0,
0,
0,
0,
0,
0,
0,
14791,
40575,
30046,
23275,
30079,
21162,
32255,
30079,
23545,
23243,
21130,
21162,
25691,
23513,
21162,
25691,
21130,
29614,
31727,
43597,
14791,
0,
0,
0,
0,
0,
0,
0,
0,
0,
0,
0,
14791,
40575,
30047,
23275,
38495,
21162,
32255,
23546,
30079,
32255,
30079,
21162,
23243,
23545,
21163,
25691,
23513,
21162,
31727,
29582,
47758,
14823,
0,
0,
0,
0,
0,
0,
0,
0,
0,
0,
14791,
42719,
32255,
23275,
42719,
32255,
32255,
32255,
23243,
23243,
25691,
32255,
23243,
23275,
32255,
23275,
25691,
25691,
23275,
33775,
49806,
14823,
0,
0,
0,
0,
0,
0,
0,
0,
0,
0,
0,
12711,
38430,
32223,
21162,
38430,
32255,
30047,
30047,
25659,
21130,
23513,
23243,
23513,
30079,
25659,
21130,
21162,
31727,
29582,
47725,
14823,
0,
0,
0,
0,
0,
0,
0,
0,
0,
0,
0,
14759,
30079,
32255,
30079,
21162,
25692,
30111,
30079,
32255,
21162,
21162,
25692,
30079,
21163,
25691,
23513,
23578,
23243,
45677,
23211,
14823,
0,
0,
0,
0,
0,
0,
0,
0,
0,
0,
0,
0,
14791,
32255,
32255,
32223,
32255,
32255,
32255,
23275,
25659,
25659,
23243,
23243,
25691,
25691,
23243,
23243,
23243,
12710,
14823,
0,
0,
0,
0,
0,
0,
0,
0,
0,
0,
0,
0,
0,
0,
12710,
12710,
30046,
25691,
23513,
23513,
25691,
23513,
21130,
25659,
23512,
21162,
23243,
23513,
23545,
14823,
0,
0,
0,
0,
0,
0,
0,
0,
0,
0,
0,
0,
0,
0,
0,
0,
0,
0,
12678,
14791,
30079,
21162,
25692,
23513,
12678,
14791,
23545,
23578,
25691,
21130,
14791,
0,
0,
0,
0,
0,
0,
0,
0,
0,
0,
0,
0,
0,
0,
0,
0,
0,
0,
0,
0,
0,
14759,
14759,
14759,
12710,
0,
0,
12710,
14791,
32255,
32223,
14823,
0,
0,
0,
0,
0,
0,
0,
0,
0,
0,
0,
0,
0,
0,
0,
0,
0,
0,
0,
0,
0,
0,
0,
0,
0,
0,
0,
0,
0,
14791,
30046,
30079,
14823,
0,
0,
0,
0,
0,
0,
0,
0,
0,
0,
0,
0,
0,
0,
0,
0,
0,
0,
0,
0,
0,
0,
0,
0,
0,
0,
0,
0,
14791,
30079,
47726,
14823,
0,
0,
0,
0,
0,
0,
0,
0,
0,
0,
0,
0,
0,
0,
0,
0,
0,
0,
0,
0,
0,
0,
0,
0,
0,
0,
0,
14791,
62322,
49806,
49806,
14823,
0,
0,
0,
0,
0,
0,
0,
0,
0,
0,
0,
0,
0,
0,
0,
0,
0,
0,
0,
0,
0,
0,
0,
0,
0,
0,
0,
12678,
62322,
43597,
12711,
0,
0,
0,
0,
0,
0,
0,
0,
0,
0,
0,
0,
0,
0,
0,
0,
0,
0,
0,
0,
0,
0,
0,
0,
0,
0,
0,
0,
0,
14759,
12743,
0,
0,
0,
0,
0,
0,
0,
0,
0,
0,
0,
0,
0,
0,
0,
0,
0,
0,
0,
0,
0,
0,
0,
0,
0,
0,
0,
0,
0,
0,
0,
0,
0,
0,
0,
0,
0,
0,
0,
0,
0,
0,
0,
0,
0,
0,
0,
0,
0,
0,
0,
0,
0,
0,
0,
0,
0,
0,
0,
0,
0,
0,
0,
0,
0,
0,
0,
0,
0,
0,
0,
0,
0,
0,
