2020
0,
0,
0,
0,
0,
0,
0,
0,
0,
0,
0,
0,
0,
0,
0,
0,
0,
0,
0,
0,
0,
0,
0,
0,
0,
0,
0,
0,
0,
0,
0,
0,
0,
0,
0,
0,
0,
0,
0,
0,
0,
0,
0,
0,
0,
0,
0,
0,
0,
0,
0,
0,
0,
0,
0,
0,
0,
0,
0,
0,
0,
0,
0,
0,
0,
0,
0,
0,
0,
0,
0,
0,
0,
0,
0,
0,
0,
0,
0,
0,
0,
0,
0,
0,
0,
0,
0,
0,
0,
0,
0,
0,
0,
0,
0,
0,
0,
0,
0,
0,
0,
0,
0,
0,
0,
0,
0,
0,
0,
0,
0,
12678,
14759,
12711,
0,
0,
0,
0,
0,
0,
0,
0,
0,
0,
0,
0,
0,
0,
0,
0,
0,
0,
0,
0,
0,
0,
0,
0,
0,
0,
0,
0,
14791,
34367,
34367,
34335,
14759,
14823,
0,
0,
0,
0,
0,
0,
0,
0,
0,
0,
0,
0,
0,
0,
0,
0,
0,
0,
0,
0,
0,
0,
0,
0,
0,
14791,
32189,
34270,
34367,
32157,
21163,
31732,
12711,
0,
0,
0,
0,
0,
0,
0,
0,
0,
0,
0,
0,
0,
0,
0,
0,
0,
0,
0,
0,
0,
14759,
12678,
12710,
34367,
32157,
32189,
34367,
30076,
32189,
23243,
27506,
14791,
0,
0,
0,
0,
0,
0,
0,
0,
0,
0,
0,
0,
0,
0,
0,
0,
0,
0,
14759,
14791,
34367,
31733,
31732,
23275,
34335,
14759,
14759,
14759,
14791,
34367,
34367,
34335,
14823,
0,
0,
0,
0,
0,
0,
0,
0,
0,
0,
0,
0,
0,
0,
0,
0,
14791,
23278,
32190,
34367,
32157,
29619,
31732,
12743,
0,
0,
0,
0,
14759,
12678,
12710,
14823,
0,
0,
0,
0,
0,
0,
0,
0,
0,
0,
0,
0,
0,
0,
0,
12678,
31733,
25783,
32157,
34367,
32156,
29587,
31733,
29586,
12743,
0,
0,
0,
0,
0,
0,
0,
0,
0,
0,
0,
0,
0,
0,
0,
0,
0,
0,
0,
0,
0,
0,
14791,
34367,
27929,
34367,
34367,
31733,
31733,
31733,
23243,
14823,
0,
0,
14759,
14823,
0,
14759,
14823,
0,
0,
0,
0,
0,
0,
0,
0,
0,
0,
0,
0,
0,
0,
12678,
32157,
34367,
32157,
25783,
36415,
42647,
42647,
23243,
29587,
12678,
14759,
12678,
32190,
34303,
12678,
29620,
14791,
0,
0,
0,
0,
0,
0,
0,
0,
0,
0,
0,
0,
0,
0,
12678,
32156,
34367,
32157,
32157,
31732,
12710,
63455,
31732,
21130,
21162,
27929,
23246,
23278,
27929,
30076,
23278,
14791,
0,
0,
0,
0,
0,
0,
0,
0,
0,
0,
0,
0,
0,
0,
14791,
34367,
34367,
34335,
33813,
65535,
65535,
31733,
31733,
31733,
31733,
23275,
36408,
38456,
25359,
25392,
27929,
14823,
0,
0,
0,
0,
0,
0,
0,
0,
0,
0,
0,
0,
0,
0,
12710,
25751,
34367,
32157,
23246,
31733,
29587,
29587,
31732,
21130,
21162,
27929,
34198,
42711,
36376,
34165,
23278,
14791,
0,
0,
0,
0,
0,
0,
0,
0,
0,
0,
0,
0,
0,
0,
0,
12678,
34367,
32190,
23246,
25391,
29587,
29619,
25359,
21162,
27864,
27929,
34198,
44792,
36408,
42646,
14791,
0,
0,
0,
0,
0,
0,
0,
0,
0,
0,
0,
0,
0,
0,
0,
0,
14791,
25392,
34367,
34367,
34367,
23243,
23243,
23275,
27929,
27929,
25359,
25359,
25392,
38456,
46937,
36376,
14823,
0,
0,
0,
0,
0,
0,
0,
0,
0,
0,
0,
0,
0,
0,
0,
0,
14759,
23246,
25783,
34367,
32157,
32157,
34367,
25750,
23278,
31733,
29586,
23278,
36375,
23246,
23278,
14791,
0,
12710,
14791,
0,
0,
0,
0,
0,
0,
0,
0,
0,
0,
0,
0,
0,
14791,
29619,
21162,
23243,
23246,
32189,
34335,
23246,
29620,
25359,
29587,
23278,
25359,
25751,
34303,
34335,
12678,
31700,
14791,
0,
0,
0,
0,
0,
0,
0,
0,
0,
0,
0,
0,
0,
14791,
31733,
31733,
31733,
31733,
25392,
34367,
23243,
23243,
25359,
25359,
25392,
27929,
34367,
34367,
34367,
27929,
23243,
14823,
0,
0,
0,
0,
0,
0,
0,
0,
0,
0,
0,
0,
12678,
31733,
29587,
29587,
25359,
23246,
21130,
34367,
30076,
32157,
23243,
21130,
21162,
27897,
25750,
32222,
27896,
21130,
21162,
12710,
12711,
0,
0,
0,
0,
0,
0,
0,
0,
0,
0,
0,
12678,
31733,
23278,
23246,
25359,
23246,
21162,
27929,
32157,
32222,
34367,
32157,
32222,
23243,
21130,
21162,
23243,
32157,
34303,
34303,
12711,
0,
0,
0,
0,
0,
0,
0,
0,
0,
0,
0,
0,
14759,
14791,
25359,
31733,
25359,
25359,
23275,
27929,
34367,
34367,
34335,
34367,
34367,
34335,
34367,
34367,
34335,
34335,
14823,
0,
0,
0,
0,
0,
0,
0,
0,
0,
0,
0,
0,
0,
0,
0,
12678,
31733,
29586,
23246,
25359,
21130,
25783,
34367,
30076,
32189,
34335,
30076,
32222,
25359,
27506,
23278,
14791,
0,
0,
0,
0,
0,
0,
0,
0,
0,
0,
0,
0,
0,
0,
0,
0,
14791,
29587,
29619,
25359,
23246,
21162,
23275,
32157,
32222,
34335,
32157,
34303,
25359,
23246,
14791,
0,
0,
0,
0,
0,
0,
0,
0,
0,
0,
0,
0,
0,
0,
0,
0,
0,
0,
14791,
31733,
31733,
31732,
31733,
31733,
23243,
23275,
34367,
34335,
25359,
25391,
31700,
14823,
0,
0,
0,
0,
0,
0,
0,
0,
0,
0,
0,
0,
0,
0,
0,
0,
0,
0,
12678,
29587,
25359,
12678,
12678,
25359,
29586,
23246,
12710,
12678,
29620,
25359,
12711,
0,
0,
0,
0,
0,
0,
0,
0,
0,
0,
0,
0,
0,
0,
0,
0,
0,
0,
0,
0,
12710,
14823,
0,
0,
14759,
12678,
14791,
0,
0,
12710,
14823,
0,
0,
0,
0,
0,
0,
0,
0,
0,
0,
0,
0,
0,
0,
0,
0,
0,
0,
0,
0,
0,
0,
0,
0,
0,
0,
0,
0,
0,
0,
0,
0,
0,
0,
0,
0,
0,
0,
0,
0,
0,
0,
0,
0,
0,
0,
0,
0,
0,
0,
0,
0,
0,
0,
0,
0,
0,
0,
0,
0,
0,
0,
0,
0,
0,
0,
0,
0,
0,
0,
0,
0,
0,
0,
0,
0,
0,
0,
0,
0,
0,
0,
0,
0,
0,
0,
0,
0,
0,
0,
0,
0,
0,
0,
0,
0,
0,
0,
0,
0,
0,
0,
0,
0,
0,
0,
0,
0,
0,
0,
0,
0,
0,
0,
0,
0,
0,
0,
0,
0,
0,
0,
0,
0,
0,
0,
0,
0,
0,
0,
0,
0,
0,
0,
0,
0,
0,
