2020
0,
0,
0,
0,
0,
0,
0,
0,
0,
0,
0,
0,
0,
0,
0,
0,
0,
0,
0,
0,
0,
0,
0,
0,
0,
0,
0,
0,
0,
0,
0,
0,
0,
0,
0,
0,
0,
0,
0,
0,
0,
0,
0,
0,
0,
0,
0,
0,
0,
0,
0,
0,
0,
0,
0,
0,
0,
0,
0,
0,
0,
0,
0,
0,
0,
0,
0,
0,
0,
0,
0,
0,
0,
0,
0,
0,
0,
0,
0,
0,
0,
0,
0,
0,
0,
0,
0,
0,
0,
0,
0,
0,
0,
0,
0,
0,
0,
0,
0,
0,
0,
0,
0,
14823,
0,
0,
0,
0,
14791,
14791,
0,
0,
0,
0,
0,
0,
0,
14824,
0,
0,
0,
0,
0,
0,
0,
0,
0,
0,
0,
0,
0,
0,
0,
0,
14823,
33710,
12743,
0,
12678,
12710,
37904,
27339,
12710,
14824,
0,
0,
0,
0,
14791,
65535,
12743,
0,
0,
0,
0,
0,
0,
0,
0,
0,
0,
0,
0,
0,
0,
0,
14823,
37904,
37904,
14823,
46323,
46355,
37936,
37904,
31565,
27836,
14824,
0,
14791,
14791,
38463,
38463,
25756,
14824,
0,
0,
0,
0,
0,
0,
0,
0,
0,
0,
0,
0,
0,
0,
0,
14791,
37871,
25194,
37871,
44275,
37936,
29452,
23146,
38463,
41947,
14791,
37936,
23114,
38431,
38463,
36286,
14824,
0,
0,
0,
0,
0,
0,
0,
0,
0,
0,
0,
0,
0,
0,
0,
0,
12710,
37904,
35758,
35791,
46323,
21033,
36286,
38431,
39865,
23114,
37904,
33710,
23114,
38399,
63422,
14823,
0,
0,
0,
0,
0,
0,
0,
0,
0,
0,
0,
0,
0,
0,
14791,
14791,
23146,
31565,
37904,
37936,
46356,
37904,
23146,
25195,
38431,
23146,
25194,
31532,
31565,
23146,
14824,
0,
0,
0,
0,
0,
0,
0,
0,
0,
0,
0,
0,
0,
0,
14759,
37936,
35791,
37871,
25194,
35791,
37871,
23146,
21033,
37904,
37904,
21033,
23146,
31532,
21033,
31532,
31532,
29419,
14824,
0,
0,
0,
0,
0,
0,
0,
0,
0,
0,
0,
0,
0,
0,
14791,
12710,
21033,
37904,
35758,
23082,
37936,
40049,
35791,
37904,
33711,
25723,
23146,
27339,
29452,
29452,
12743,
0,
14823,
0,
0,
0,
0,
0,
0,
0,
0,
0,
0,
0,
0,
0,
0,
14791,
37904,
25194,
37904,
23146,
39984,
44275,
46355,
37936,
23146,
38463,
46140,
23146,
31565,
31565,
37904,
14823,
65535,
14824,
0,
0,
0,
0,
0,
0,
0,
0,
0,
0,
0,
0,
14823,
35791,
35791,
14791,
14759,
37871,
37936,
35791,
44242,
23147,
36286,
38431,
46108,
21033,
31532,
37904,
21034,
38463,
38431,
14791,
0,
0,
0,
0,
0,
0,
0,
0,
0,
0,
0,
0,
14791,
12710,
14791,
0,
12710,
35791,
37904,
35758,
42130,
31532,
27371,
36319,
38431,
21033,
23114,
37871,
33710,
23146,
38399,
23609,
14823,
0,
0,
0,
0,
0,
0,
0,
0,
0,
0,
0,
0,
0,
14791,
14791,
25194,
31565,
37936,
37936,
46356,
37936,
37904,
25195,
38463,
23146,
37936,
37936,
23147,
38463,
40543,
65535,
14824,
0,
0,
0,
0,
0,
0,
0,
0,
0,
0,
0,
0,
12710,
35791,
37936,
35791,
23114,
37936,
35791,
37871,
46323,
21066,
38399,
23146,
29419,
37904,
37904,
29420,
27837,
38431,
14791,
0,
0,
0,
0,
0,
0,
0,
0,
0,
0,
0,
0,
0,
0,
12710,
14791,
21033,
35791,
37936,
35758,
35791,
46323,
35758,
37871,
31565,
33710,
37871,
37871,
33710,
31532,
14823,
0,
0,
0,
0,
0,
0,
0,
0,
0,
0,
0,
0,
0,
0,
0,
0,
14823,
37936,
37904,
14791,
31565,
37936,
37936,
31532,
23146,
25194,
37904,
37936,
37936,
31532,
14791,
14824,
0,
0,
0,
0,
0,
0,
0,
0,
0,
0,
0,
0,
0,
0,
0,
12710,
37936,
35791,
14823,
0,
12710,
23114,
23146,
21033,
37904,
37904,
21033,
37904,
37904,
21162,
14824,
0,
0,
0,
0,
0,
0,
0,
0,
0,
0,
0,
0,
0,
0,
0,
0,
12710,
14791,
14791,
0,
0,
0,
14759,
37904,
35758,
37871,
37904,
33710,
37871,
23146,
23609,
14824,
0,
0,
0,
0,
0,
0,
0,
0,
0,
0,
0,
0,
0,
0,
0,
0,
0,
0,
0,
0,
0,
14791,
31565,
37936,
37904,
25194,
37936,
23146,
37936,
27836,
14824,
0,
0,
0,
0,
0,
0,
0,
0,
0,
0,
0,
0,
0,
0,
0,
0,
0,
0,
0,
0,
0,
14791,
27371,
35791,
37904,
21162,
25755,
23147,
23609,
23146,
38399,
34174,
14791,
14823,
0,
0,
0,
0,
0,
0,
0,
0,
0,
0,
0,
0,
0,
0,
0,
0,
0,
0,
0,
14823,
35758,
35791,
23276,
23642,
25755,
25788,
23642,
38399,
38399,
34174,
38431,
14823,
0,
0,
0,
0,
0,
0,
0,
0,
0,
0,
0,
0,
0,
0,
0,
0,
0,
0,
14823,
37936,
37936,
23146,
14791,
14823,
27836,
14791,
14823,
27869,
38463,
38463,
38463,
14824,
0,
0,
0,
0,
0,
0,
0,
0,
0,
0,
0,
0,
0,
0,
0,
0,
0,
0,
14759,
37936,
33710,
14791,
0,
12710,
14823,
0,
0,
14759,
14791,
34174,
14824,
0,
0,
0,
0,
0,
0,
0,
0,
0,
0,
0,
0,
0,
0,
0,
0,
0,
0,
0,
14791,
37936,
35758,
14823,
0,
0,
0,
0,
0,
0,
0,
14791,
0,
0,
0,
0,
0,
0,
0,
0,
0,
0,
0,
0,
0,
0,
0,
0,
0,
0,
0,
0,
0,
14823,
37904,
14824,
0,
0,
0,
0,
0,
0,
0,
0,
0,
0,
0,
0,
0,
0,
0,
0,
0,
0,
0,
0,
0,
0,
0,
0,
0,
0,
0,
0,
0,
14823,
33710,
14791,
0,
0,
0,
0,
0,
0,
0,
0,
0,
0,
0,
0,
0,
0,
0,
0,
0,
0,
0,
0,
0,
0,
0,
0,
0,
0,
0,
0,
0,
0,
14791,
0,
0,
0,
0,
0,
0,
0,
0,
0,
0,
0,
0,
0,
0,
0,
0,
0,
0,
0,
0,
0,
0,
0,
0,
0,
0,
0,
0,
0,
0,
0,
0,
0,
0,
0,
0,
0,
0,
0,
0,
0,
0,
0,
0,
0,
0,
0,
0,
0,
0,
0,
0,
0,
0,
0,
0,
0,
0,
0,
0,
0,
0,
0,
0,
0,
0,
0,
0,
0,
0,
0,
0,
0,
0,
0,
0,
0,
0,
0,
0,
0,
0,
0,
0,
0,
0,
0,
0,
0,
0,
0,
0,
0,
0,
0,
0,
0,
0,
0,
0,
0,
0,
0,
0,
0,
0,
0,
0,
0,
0,
0,
0,
0,
0,
