2020
0,
0,
0,
0,
0,
0,
0,
0,
0,
0,
0,
0,
0,
0,
0,
0,
0,
0,
0,
0,
0,
0,
0,
0,
0,
0,
0,
0,
0,
0,
0,
0,
0,
0,
0,
0,
0,
0,
0,
0,
0,
0,
0,
0,
0,
0,
0,
0,
0,
0,
0,
0,
0,
0,
0,
0,
0,
0,
0,
0,
0,
0,
0,
0,
0,
0,
0,
0,
0,
0,
0,
0,
0,
0,
0,
0,
0,
0,
0,
0,
0,
0,
0,
0,
0,
0,
0,
0,
0,
0,
0,
0,
0,
0,
0,
0,
0,
0,
0,
0,
0,
0,
0,
10597,
12711,
0,
0,
12678,
10597,
12678,
0,
0,
10597,
12678,
0,
0,
0,
0,
0,
0,
0,
0,
0,
0,
0,
0,
0,
0,
0,
0,
0,
0,
0,
12678,
12678,
43994,
21130,
12646,
12645,
51657,
19050,
33273,
12678,
12678,
58619,
48157,
12678,
0,
0,
0,
0,
0,
0,
0,
0,
0,
0,
0,
0,
0,
0,
0,
0,
0,
12710,
48189,
48189,
21130,
51657,
62220,
62220,
21162,
65503,
21130,
37435,
48157,
48157,
12711,
0,
0,
0,
0,
0,
0,
0,
0,
0,
0,
0,
0,
0,
0,
0,
0,
0,
0,
12646,
48189,
60699,
19049,
64861,
56011,
19049,
52857,
59196,
19049,
62220,
45480,
19049,
12678,
12678,
0,
0,
0,
0,
0,
0,
0,
0,
0,
0,
0,
0,
0,
0,
0,
0,
12678,
58618,
48157,
21130,
56011,
62220,
19049,
19049,
65535,
19049,
19049,
62220,
56011,
47528,
21162,
48599,
12710,
0,
0,
0,
0,
0,
0,
0,
0,
0,
0,
0,
0,
0,
0,
12710,
48189,
48157,
37435,
62220,
21130,
21162,
17874,
17874,
13421,
21162,
65503,
21162,
62220,
62220,
21130,
52825,
21130,
12678,
12711,
0,
0,
0,
0,
0,
0,
0,
0,
0,
0,
0,
0,
12678,
43995,
41914,
60172,
19049,
15696,
17874,
13324,
57115,
65535,
59196,
59164,
42260,
19017,
56011,
52825,
8839,
11276,
13389,
11212,
12678,
0,
0,
0,
0,
0,
0,
0,
0,
0,
0,
0,
0,
12678,
43962,
21162,
17809,
11244,
21162,
61309,
59196,
52857,
61309,
61277,
65535,
19049,
56011,
10952,
8839,
10920,
13389,
11244,
12710,
0,
0,
0,
0,
0,
0,
0,
0,
0,
0,
0,
0,
0,
12678,
62220,
21130,
21162,
65535,
65535,
52825,
65535,
13389,
21162,
65535,
21130,
62220,
21130,
21162,
17874,
10952,
13389,
13389,
12711,
0,
12678,
12711,
0,
0,
0,
0,
0,
0,
0,
0,
0,
12645,
62252,
58950,
19049,
65503,
48599,
57115,
13421,
15696,
12678,
52825,
45480,
56011,
21162,
15696,
15729,
17874,
8839,
11276,
13389,
10597,
13324,
12711,
0,
0,
0,
0,
0,
0,
0,
0,
12678,
58091,
62220,
60172,
19049,
65535,
50744,
61309,
13421,
17841,
61309,
51657,
58091,
58091,
51657,
19049,
21130,
17874,
10919,
10920,
10952,
11276,
12711,
0,
0,
0,
0,
0,
0,
0,
0,
0,
12678,
62220,
64893,
64861,
62220,
21162,
52825,
13389,
17906,
65503,
42260,
51689,
65222,
62220,
51689,
52857,
65503,
21162,
13389,
13389,
10952,
10952,
12678,
12711,
0,
0,
0,
0,
0,
0,
0,
0,
12646,
56011,
62252,
58619,
19017,
21130,
11244,
15696,
42292,
46550,
19049,
62220,
56011,
56011,
21130,
12678,
59228,
65503,
19017,
10919,
10952,
11244,
17809,
17842,
12678,
0,
0,
0,
0,
0,
0,
0,
0,
12646,
62220,
21130,
17777,
17874,
17809,
19049,
21130,
63390,
61309,
21130,
21097,
58091,
12678,
0,
12710,
65535,
19049,
17841,
13389,
10597,
12710,
17874,
15696,
12678,
0,
0,
0,
0,
0,
0,
0,
12678,
21162,
62220,
21130,
21130,
21130,
62220,
51657,
21162,
65535,
65535,
65503,
12711,
0,
0,
0,
12678,
10952,
17874,
13389,
12711,
0,
12678,
12678,
12678,
0,
0,
0,
0,
0,
0,
12678,
41914,
48157,
35321,
56011,
62220,
56011,
56011,
65222,
56011,
19017,
65535,
57115,
19017,
12678,
0,
0,
12710,
11243,
11244,
12711,
0,
0,
0,
0,
0,
0,
0,
0,
0,
0,
0,
12678,
43995,
48157,
46076,
35353,
62220,
60139,
58091,
62220,
60139,
49609,
21130,
21098,
46076,
37403,
12646,
12678,
10952,
10920,
17809,
12711,
0,
0,
0,
0,
0,
0,
0,
0,
0,
0,
0,
0,
12678,
64893,
48157,
37402,
62220,
60172,
49609,
62220,
60172,
37403,
48189,
62812,
46108,
48189,
46108,
48157,
64861,
10952,
17842,
12711,
0,
0,
0,
0,
0,
0,
0,
0,
0,
0,
0,
0,
12646,
48157,
43995,
41914,
37403,
33272,
19017,
62220,
56011,
19017,
48157,
41914,
43962,
48157,
33272,
8839,
10952,
11244,
15696,
12711,
0,
0,
0,
0,
0,
0,
0,
0,
0,
0,
0,
0,
0,
12678,
12678,
60699,
48157,
46076,
43995,
21130,
19049,
12678,
12678,
46075,
35354,
64861,
10920,
17841,
13421,
15729,
12710,
0,
0,
0,
0,
0,
0,
0,
0,
0,
0,
0,
0,
0,
0,
0,
0,
12678,
48189,
48156,
62780,
48157,
12711,
0,
0,
12678,
12678,
12710,
17841,
17874,
13421,
17809,
12711,
0,
0,
0,
0,
0,
0,
0,
0,
0,
0,
0,
0,
0,
0,
0,
0,
0,
12678,
10597,
12646,
48157,
41914,
12678,
0,
0,
0,
12710,
15696,
11276,
17874,
12678,
0,
0,
0,
0,
0,
0,
0,
0,
0,
0,
0,
0,
0,
0,
0,
0,
0,
0,
0,
0,
0,
12678,
12711,
0,
0,
0,
0,
12710,
13389,
17842,
12711,
0,
0,
0,
0,
0,
0,
0,
0,
0,
0,
0,
0,
0,
0,
0,
0,
0,
0,
0,
0,
0,
0,
0,
0,
0,
0,
12678,
12678,
17874,
12678,
12711,
0,
0,
0,
0,
0,
0,
0,
0,
0,
0,
0,
0,
0,
0,
0,
0,
0,
0,
0,
0,
0,
0,
0,
0,
0,
0,
12678,
15696,
15696,
12711,
0,
0,
0,
0,
0,
0,
0,
0,
0,
0,
0,
0,
0,
0,
0,
0,
0,
0,
0,
0,
0,
0,
0,
0,
0,
0,
0,
0,
12678,
12678,
12710,
0,
0,
0,
0,
0,
0,
0,
0,
0,
0,
0,
0,
0,
0,
0,
0,
0,
0,
0,
0,
0,
0,
0,
0,
0,
0,
0,
0,
0,
0,
0,
0,
0,
0,
0,
0,
0,
0,
0,
0,
0,
0,
0,
0,
0,
0,
0,
0,
0,
0,
0,
0,
0,
0,
0,
0,
0,
0,
0,
0,
0,
0,
0,
0,
0,
0,
0,
0,
0,
0,
0,
0,
0,
0,
0,
0,
0,
0,
0,
0,
0,
0,
0,
0,
0,
0,
0,
0,
0,
0,
0,
0,
0,
0,
0,
0,
0,
0,
0,
0,
0,
0,
0,
0,
0,
0,
0,
0,
0,
0,
0,
