2020
0,
0,
0,
0,
0,
0,
0,
0,
0,
0,
0,
0,
0,
0,
0,
0,
0,
0,
0,
0,
0,
0,
0,
0,
0,
0,
0,
0,
0,
0,
0,
0,
0,
0,
0,
0,
0,
0,
0,
0,
0,
0,
0,
0,
0,
0,
0,
0,
0,
0,
0,
0,
0,
0,
0,
0,
0,
0,
0,
0,
0,
0,
0,
0,
0,
0,
0,
0,
0,
0,
0,
0,
12710,
14823,
0,
0,
14759,
14823,
0,
0,
0,
0,
0,
0,
0,
0,
0,
0,
0,
0,
0,
0,
0,
0,
0,
0,
0,
0,
0,
0,
0,
0,
0,
14759,
52922,
57180,
12710,
12710,
59229,
52922,
12743,
0,
0,
0,
0,
0,
0,
0,
0,
0,
0,
0,
0,
0,
0,
0,
0,
0,
0,
0,
0,
0,
0,
0,
0,
12710,
52890,
48728,
65503,
44438,
57181,
50809,
12711,
0,
0,
0,
0,
0,
0,
0,
0,
0,
0,
0,
0,
0,
0,
0,
0,
0,
0,
0,
0,
0,
0,
0,
0,
0,
14823,
65535,
14823,
65535,
23243,
31727,
57180,
14759,
14823,
0,
0,
0,
0,
0,
0,
0,
0,
0,
0,
0,
0,
0,
0,
0,
0,
0,
0,
0,
0,
0,
0,
12710,
38131,
31727,
29614,
21715,
23829,
21162,
31695,
57181,
52922,
14791,
0,
0,
0,
0,
0,
0,
0,
0,
0,
0,
0,
0,
0,
0,
0,
0,
0,
0,
0,
0,
14791,
52922,
52890,
31727,
29614,
28283,
23829,
21130,
12710,
57181,
52890,
12743,
0,
0,
0,
0,
0,
0,
0,
0,
0,
0,
0,
0,
0,
0,
0,
0,
0,
0,
0,
0,
14791,
57181,
57181,
42325,
31727,
31727,
23275,
31727,
33808,
42325,
42325,
14823,
0,
0,
0,
0,
0,
0,
0,
0,
0,
0,
0,
0,
0,
0,
0,
0,
0,
0,
0,
0,
14791,
38164,
38131,
59229,
40212,
63422,
48696,
29614,
55003,
31727,
12743,
0,
0,
0,
0,
0,
0,
0,
0,
0,
0,
0,
0,
0,
0,
0,
0,
0,
0,
0,
0,
0,
0,
12678,
12710,
42325,
52922,
44470,
65535,
52890,
52922,
57180,
12711,
0,
0,
0,
0,
0,
0,
0,
0,
0,
0,
0,
0,
0,
0,
0,
0,
0,
0,
0,
0,
0,
0,
0,
0,
14791,
57181,
57180,
23243,
23275,
57181,
57180,
23243,
14823,
0,
14759,
14823,
0,
0,
0,
0,
0,
0,
0,
0,
0,
0,
0,
0,
0,
0,
0,
0,
0,
0,
0,
0,
14791,
21162,
21162,
59229,
52890,
21162,
23243,
52890,
55002,
14759,
44438,
46550,
14823,
0,
0,
0,
0,
0,
0,
0,
0,
0,
0,
0,
0,
0,
0,
0,
0,
0,
0,
12710,
48696,
44470,
21162,
57181,
52890,
52922,
57181,
52890,
54970,
23275,
44438,
44470,
14823,
0,
0,
0,
0,
0,
0,
0,
0,
0,
0,
0,
0,
0,
0,
0,
0,
0,
14791,
48696,
48696,
14759,
14759,
23243,
57181,
57181,
17489,
17489,
17489,
57180,
23243,
23275,
48696,
14823,
0,
0,
0,
0,
0,
0,
0,
0,
0,
0,
0,
0,
0,
0,
0,
0,
12710,
27599,
48696,
12710,
21162,
42357,
52890,
15343,
30494,
21651,
15343,
17489,
52890,
55002,
23243,
12711,
0,
0,
0,
0,
0,
0,
0,
0,
0,
0,
0,
0,
0,
0,
0,
0,
0,
12678,
48696,
21163,
55002,
59229,
52922,
15343,
23829,
21683,
21716,
17489,
52922,
55035,
23243,
21130,
14791,
0,
0,
0,
0,
0,
0,
0,
0,
0,
0,
0,
0,
0,
0,
0,
14791,
23275,
48696,
23275,
57181,
59229,
57180,
17489,
17489,
23829,
17489,
17489,
42325,
42325,
23275,
48696,
48696,
14823,
0,
0,
0,
0,
0,
0,
0,
0,
0,
0,
0,
0,
0,
14791,
44470,
44438,
48696,
21162,
38131,
42325,
52890,
52922,
17489,
15311,
17424,
57180,
29582,
21162,
29744,
44438,
46583,
14823,
0,
0,
0,
0,
0,
0,
0,
0,
0,
0,
0,
0,
0,
14791,
46550,
44470,
48696,
27631,
21162,
23275,
38131,
55002,
57181,
52922,
55035,
57181,
52890,
21162,
29777,
44438,
46583,
14823,
0,
0,
0,
0,
0,
0,
0,
0,
0,
0,
0,
0,
0,
14791,
48696,
48696,
48696,
48696,
29777,
48696,
23243,
57181,
59229,
42325,
42357,
59229,
57180,
23275,
48696,
29777,
29744,
14823,
0,
0,
0,
0,
0,
0,
0,
0,
0,
0,
0,
0,
0,
14791,
27599,
27599,
48696,
44438,
27599,
48696,
21130,
38099,
42325,
21130,
21162,
42325,
36018,
21162,
48663,
12678,
14791,
0,
0,
0,
0,
0,
0,
0,
0,
0,
0,
0,
0,
0,
0,
0,
12710,
12710,
31825,
46550,
44470,
29777,
44470,
21162,
23275,
44470,
46551,
23243,
21162,
46583,
48664,
12711,
0,
0,
0,
0,
0,
0,
0,
0,
0,
0,
0,
0,
0,
0,
0,
0,
0,
0,
14791,
48696,
48696,
48696,
29744,
29777,
48696,
12710,
14791,
31825,
48664,
48696,
48696,
48664,
14823,
0,
0,
0,
0,
0,
0,
0,
0,
0,
0,
0,
0,
0,
0,
0,
0,
12710,
48696,
44438,
44438,
48696,
44438,
44438,
29744,
12678,
12710,
48696,
44438,
44470,
48664,
27566,
14791,
0,
0,
0,
0,
0,
0,
0,
0,
0,
0,
0,
0,
0,
0,
0,
0,
12710,
31825,
46550,
44470,
29777,
27631,
44470,
48696,
44470,
46583,
48696,
12710,
29712,
29744,
12711,
0,
0,
0,
0,
0,
0,
0,
0,
0,
0,
0,
0,
0,
0,
0,
0,
0,
0,
14791,
29744,
29744,
14759,
12710,
48696,
48696,
48696,
48664,
14823,
0,
14759,
14823,
0,
0,
0,
0,
0,
0,
0,
0,
0,
0,
0,
0,
0,
0,
0,
0,
0,
0,
0,
0,
12678,
12711,
0,
12678,
27599,
29744,
27599,
27631,
14823,
0,
0,
0,
0,
0,
0,
0,
0,
0,
0,
0,
0,
0,
0,
0,
0,
0,
0,
0,
0,
0,
0,
0,
0,
0,
0,
0,
12710,
14759,
12710,
14791,
0,
0,
0,
0,
0,
0,
0,
0,
0,
0,
0,
0,
0,
0,
0,
0,
0,
0,
0,
0,
0,
0,
0,
0,
0,
0,
0,
0,
0,
0,
0,
0,
0,
0,
0,
0,
0,
0,
0,
0,
0,
0,
0,
0,
0,
0,
0,
0,
0,
0,
0,
0,
0,
0,
0,
0,
0,
0,
0,
0,
0,
0,
0,
0,
0,
0,
0,
0,
0,
0,
0,
0,
0,
0,
0,
0,
0,
0,
0,
0,
0,
0,
0,
0,
0,
0,
0,
0,
0,
0,
0,
0,
0,
0,
0,
0,
0,
0,
0,
0,
0,
0,
0,
0,
0,
0,
0,
0,
0,
0,
