2020
0,
0,
0,
0,
0,
0,
0,
0,
0,
0,
0,
0,
0,
0,
0,
0,
0,
0,
0,
0,
0,
0,
0,
0,
0,
0,
0,
0,
0,
0,
0,
0,
0,
0,
0,
0,
0,
0,
0,
0,
0,
0,
0,
0,
0,
0,
0,
0,
0,
12710,
12743,
0,
0,
0,
0,
0,
0,
0,
0,
0,
0,
0,
0,
0,
0,
0,
0,
0,
0,
0,
0,
0,
0,
0,
0,
0,
0,
0,
0,
0,
12710,
58799,
12743,
0,
0,
0,
0,
0,
0,
0,
0,
0,
0,
0,
0,
0,
0,
0,
0,
0,
0,
0,
0,
0,
0,
0,
0,
0,
0,
0,
0,
14791,
54638,
12678,
0,
0,
0,
0,
0,
0,
0,
0,
0,
0,
0,
0,
0,
0,
0,
0,
0,
0,
0,
0,
0,
0,
0,
0,
0,
12710,
12710,
12710,
14791,
60944,
60944,
12743,
0,
12710,
12743,
0,
0,
0,
0,
0,
0,
0,
0,
0,
0,
0,
0,
0,
0,
0,
0,
0,
0,
0,
0,
0,
12710,
21162,
50284,
46123,
56751,
60944,
12710,
0,
14791,
61042,
12711,
0,
0,
0,
0,
0,
0,
0,
0,
0,
0,
0,
0,
0,
0,
0,
0,
0,
0,
0,
0,
0,
12710,
46091,
39754,
12678,
37641,
60944,
12678,
12710,
65332,
12678,
0,
0,
0,
0,
0,
0,
0,
0,
0,
0,
0,
0,
0,
0,
0,
0,
0,
0,
0,
0,
0,
14791,
50284,
50284,
41834,
65535,
50284,
39754,
14791,
65333,
65332,
12710,
0,
0,
0,
0,
0,
0,
0,
0,
0,
0,
0,
0,
0,
0,
0,
0,
0,
0,
12710,
12678,
12678,
23243,
21162,
46123,
50284,
12678,
12678,
14791,
63123,
65235,
39754,
12710,
0,
0,
0,
0,
0,
0,
0,
0,
0,
0,
0,
0,
0,
0,
0,
0,
0,
12678,
23243,
21130,
21130,
14791,
46091,
44043,
14791,
54670,
54639,
14791,
61042,
37673,
12743,
0,
0,
0,
0,
0,
0,
0,
0,
0,
0,
0,
0,
0,
0,
0,
0,
0,
14759,
23243,
23243,
12710,
12743,
0,
12710,
14791,
60944,
60944,
60944,
60944,
41834,
65332,
12743,
0,
0,
0,
0,
0,
0,
0,
0,
0,
0,
0,
0,
0,
0,
0,
0,
0,
12678,
12678,
12743,
0,
12678,
12710,
21162,
56719,
60944,
44043,
21162,
60944,
46091,
37673,
12710,
0,
0,
0,
0,
0,
0,
0,
0,
0,
0,
0,
0,
0,
0,
0,
0,
0,
0,
0,
12710,
12678,
29614,
33840,
31695,
21162,
60944,
54638,
12710,
65535,
46091,
46091,
12743,
0,
0,
0,
12678,
12710,
12743,
0,
0,
0,
0,
0,
0,
0,
0,
0,
0,
0,
0,
14791,
33840,
33840,
33840,
23243,
23243,
50284,
60944,
41834,
65535,
50284,
50284,
50284,
12710,
12743,
0,
14791,
50316,
65332,
12743,
0,
0,
0,
0,
0,
0,
0,
0,
0,
0,
0,
12710,
29614,
33840,
31695,
21130,
33840,
31695,
12678,
60944,
54670,
46091,
50284,
44043,
12710,
48236,
12678,
12710,
65332,
61042,
12711,
0,
12678,
12711,
0,
0,
0,
0,
0,
0,
0,
0,
0,
12710,
12678,
12710,
12710,
31695,
33840,
12678,
0,
14791,
46091,
46123,
23243,
21130,
21162,
48236,
12710,
65235,
65300,
12710,
0,
14791,
61042,
12711,
0,
0,
0,
0,
0,
0,
0,
0,
0,
0,
0,
0,
14791,
33840,
12743,
0,
0,
0,
12710,
14791,
60944,
60944,
60944,
12710,
65332,
65332,
50284,
12710,
14791,
50415,
12710,
12743,
0,
0,
0,
0,
0,
0,
0,
0,
0,
0,
0,
14791,
31695,
12710,
0,
0,
0,
12710,
12710,
56719,
60944,
54670,
56751,
50284,
37641,
63155,
12743,
0,
14758,
48367,
12678,
0,
0,
0,
0,
0,
0,
0,
0,
0,
0,
0,
0,
12710,
12710,
0,
0,
12678,
12710,
33840,
21130,
21162,
60944,
56719,
37673,
23243,
46091,
12710,
23243,
12678,
48334,
12743,
0,
12710,
12743,
0,
0,
0,
0,
0,
0,
0,
0,
0,
0,
0,
0,
0,
14791,
33840,
33840,
23243,
33840,
23243,
60944,
60944,
60944,
14791,
48236,
14759,
23243,
48367,
12743,
0,
14791,
65332,
12743,
0,
0,
0,
0,
0,
0,
0,
0,
0,
0,
12743,
12678,
12678,
33840,
31695,
21130,
33840,
21130,
54670,
60944,
54638,
37673,
65535,
21130,
21130,
23211,
12678,
0,
14791,
58962,
21162,
46155,
12710,
0,
0,
0,
0,
0,
0,
0,
0,
12710,
65239,
65142,
21130,
23243,
21162,
31695,
33840,
21130,
21162,
60944,
46091,
46155,
50284,
21130,
46155,
23243,
21130,
12710,
23243,
61042,
48236,
65268,
12710,
0,
0,
0,
0,
0,
0,
0,
0,
14791,
65272,
65272,
64947,
64623,
23243,
33840,
23243,
60944,
60944,
23243,
23243,
23243,
23243,
48236,
23243,
23243,
23243,
65332,
65332,
12710,
12710,
12743,
0,
0,
0,
0,
0,
0,
0,
0,
0,
0,
14758,
43721,
41641,
23243,
31695,
21130,
60944,
44043,
54670,
60944,
54638,
56719,
50284,
44011,
46091,
23211,
21130,
12678,
12743,
0,
0,
0,
0,
0,
0,
0,
0,
0,
0,
0,
0,
12710,
65272,
65142,
64850,
23243,
21162,
62510,
23243,
56719,
56751,
60944,
56719,
46155,
50284,
44043,
12678,
12710,
12710,
0,
0,
0,
0,
0,
0,
0,
0,
0,
0,
0,
0,
0,
0,
14791,
65272,
65272,
65239,
64623,
47882,
47882,
64623,
23243,
60944,
41834,
50284,
48236,
12710,
12743,
0,
0,
0,
0,
0,
0,
0,
0,
0,
0,
0,
0,
0,
0,
0,
0,
0,
0,
14791,
63062,
41641,
47882,
60430,
60430,
64623,
60397,
12678,
12710,
12678,
12710,
0,
0,
0,
0,
0,
0,
0,
0,
0,
0,
0,
0,
0,
0,
0,
0,
0,
0,
0,
0,
0,
14759,
65142,
65272,
64590,
64590,
64623,
12711,
0,
0,
0,
0,
0,
0,
0,
0,
0,
0,
0,
0,
0,
0,
0,
0,
0,
0,
0,
0,
0,
0,
0,
0,
0,
14791,
65239,
65272,
64979,
12710,
12710,
0,
0,
0,
0,
0,
0,
0,
0,
0,
0,
0,
0,
0,
0,
0,
0,
0,
0,
0,
0,
0,
0,
0,
0,
0,
0,
0,
12678,
12710,
12710,
0,
0,
0,
0,
0,
0,
0,
0,
0,
0,
0,
0,
0,
0,
0,
0,
0,
0,
0,
0,
0,
0,
0,
0,
0,
0,
0,
0,
0,
0,
0,
0,
0,
0,
0,
0,
0,
0,
0,
0,
0,
0,
0,
0,
0,
0,
0,
0,
0,
0,
0,
0,
0,
0,
0,
0,
0,
0,
0,
0,
0,
0,
0,
0,
0,
0,
0,
0,
0,
0,
0,
0,
0,
0,
0,
0,
0,
0,
0,
0,
0,
0,
0,
0,
0,
