2020
0,
0,
0,
0,
0,
0,
0,
0,
0,
0,
0,
0,
0,
0,
0,
0,
0,
0,
0,
12678,
12678,
12710,
0,
0,
0,
0,
0,
0,
0,
0,
0,
0,
0,
0,
0,
0,
0,
0,
0,
0,
0,
0,
0,
0,
0,
0,
0,
0,
0,
12678,
10598,
13309,
13309,
12678,
0,
0,
0,
0,
0,
0,
0,
0,
0,
0,
0,
0,
0,
0,
0,
0,
0,
0,
0,
0,
0,
0,
0,
0,
0,
0,
12678,
13375,
23770,
13342,
12711,
0,
0,
0,
0,
0,
0,
0,
0,
0,
0,
0,
0,
0,
0,
0,
0,
0,
0,
0,
0,
0,
0,
0,
0,
0,
0,
12678,
12710,
25916,
13309,
12711,
0,
0,
0,
0,
0,
0,
0,
0,
0,
0,
0,
0,
0,
0,
0,
0,
0,
0,
0,
0,
0,
0,
0,
0,
0,
10597,
12678,
8853,
13309,
13342,
11195,
12710,
0,
0,
0,
0,
0,
0,
0,
0,
0,
0,
0,
0,
0,
0,
0,
0,
0,
0,
0,
0,
0,
0,
0,
0,
12678,
13342,
10967,
13310,
13343,
13343,
13309,
10967,
12711,
0,
0,
0,
12710,
0,
0,
0,
0,
0,
0,
0,
0,
0,
0,
0,
0,
0,
0,
0,
0,
0,
0,
12678,
10934,
10967,
13375,
13310,
13343,
13375,
13310,
13342,
12711,
0,
0,
12710,
46114,
12711,
0,
0,
0,
0,
0,
0,
0,
0,
0,
0,
0,
0,
0,
0,
0,
0,
10598,
25916,
11195,
11228,
13342,
11195,
13309,
13342,
11195,
12710,
0,
0,
0,
12678,
56547,
12710,
0,
0,
0,
0,
0,
0,
0,
0,
0,
0,
0,
0,
0,
0,
0,
12678,
25884,
13375,
13310,
13343,
13343,
13310,
10967,
13343,
13309,
12711,
0,
0,
12710,
48226,
60739,
12711,
0,
0,
0,
0,
0,
0,
0,
0,
0,
0,
0,
0,
0,
0,
0,
12678,
13342,
13375,
13277,
13342,
10967,
13277,
13342,
10967,
13277,
13342,
12678,
12678,
48194,
41760,
58659,
12711,
0,
0,
0,
0,
0,
0,
0,
0,
0,
0,
0,
0,
0,
0,
12710,
11195,
11228,
13343,
11195,
10933,
13342,
11195,
13309,
10967,
11195,
13309,
21129,
41954,
41728,
60739,
12678,
0,
0,
0,
0,
0,
0,
0,
0,
0,
0,
0,
0,
0,
0,
0,
12710,
13310,
13343,
13375,
13310,
10967,
10967,
13310,
10967,
10967,
13310,
13343,
13343,
21129,
64899,
62851,
12710,
0,
0,
0,
0,
0,
0,
0,
0,
0,
0,
0,
0,
0,
0,
12678,
13375,
13309,
13342,
13375,
13277,
13342,
21162,
60739,
21130,
13343,
13277,
13343,
13343,
13277,
21130,
12711,
0,
0,
0,
0,
0,
0,
0,
0,
0,
0,
0,
0,
0,
0,
0,
10598,
13343,
11195,
11228,
13343,
11195,
11228,
21130,
56579,
13309,
13342,
11195,
13309,
13309,
19017,
32318,
21130,
0,
0,
0,
0,
0,
0,
0,
0,
0,
0,
0,
0,
0,
0,
0,
12678,
21162,
25356,
25356,
13375,
13342,
21162,
64899,
21130,
13343,
13375,
13342,
21130,
21162,
25356,
25916,
34399,
12711,
0,
0,
0,
0,
0,
0,
0,
0,
0,
0,
0,
0,
0,
0,
0,
12678,
12678,
21130,
25356,
23275,
21130,
64899,
19049,
13343,
13343,
19049,
25356,
25388,
32253,
34399,
25883,
12678,
0,
0,
0,
0,
0,
0,
0,
0,
0,
0,
0,
0,
0,
0,
0,
0,
10598,
13276,
21130,
19017,
58659,
21130,
23243,
23275,
21130,
30139,
32285,
23275,
23243,
32318,
12710,
0,
0,
0,
0,
0,
0,
0,
0,
0,
0,
0,
0,
0,
0,
0,
0,
12710,
13343,
13343,
13375,
21130,
64899,
21130,
21130,
21162,
34431,
42718,
34431,
34399,
12710,
34399,
12711,
0,
0,
0,
0,
0,
0,
0,
0,
0,
0,
0,
0,
0,
0,
0,
0,
12710,
11228,
13309,
13343,
19049,
60739,
21130,
11228,
21130,
34399,
30172,
34366,
34398,
58912,
34398,
12711,
0,
0,
0,
0,
0,
0,
0,
0,
0,
0,
0,
0,
0,
0,
0,
0,
12678,
19017,
23243,
25356,
19017,
58659,
21130,
19017,
32285,
25884,
30139,
32285,
32285,
19017,
12710,
0,
12678,
0,
0,
0,
0,
0,
0,
0,
0,
0,
0,
0,
0,
0,
0,
12678,
48194,
12678,
12678,
21130,
21130,
21162,
64899,
21130,
25916,
25916,
25884,
34431,
34431,
25883,
12678,
12710,
62819,
12711,
0,
0,
0,
0,
0,
0,
0,
0,
0,
0,
0,
0,
10597,
44034,
12711,
0,
12678,
13343,
11228,
21129,
64899,
19049,
34366,
25916,
30172,
25883,
25883,
23243,
21162,
62851,
58627,
12711,
0,
0,
0,
0,
0,
0,
0,
0,
0,
0,
0,
0,
10597,
41954,
12711,
0,
10630,
13343,
23243,
19049,
62819,
19017,
19082,
34398,
23705,
23803,
32285,
19017,
13342,
60739,
37536,
12678,
12678,
0,
0,
0,
0,
0,
0,
0,
0,
0,
0,
12710,
48194,
12678,
0,
0,
0,
12678,
21130,
21162,
64899,
21130,
21162,
34431,
34399,
34431,
25356,
21130,
13375,
13375,
21162,
25916,
12711,
0,
0,
0,
0,
0,
0,
0,
0,
0,
0,
12678,
10597,
0,
0,
0,
0,
0,
12677,
60739,
21130,
23243,
21130,
34399,
30172,
25356,
25356,
19049,
13342,
21130,
23243,
25356,
12710,
0,
0,
0,
0,
0,
0,
0,
0,
0,
0,
0,
0,
0,
0,
0,
0,
0,
12645,
58659,
21130,
23243,
23275,
21130,
23243,
23275,
21130,
23705,
21130,
25356,
23705,
12711,
0,
0,
0,
0,
0,
0,
0,
0,
0,
0,
0,
0,
0,
0,
0,
0,
0,
0,
12710,
64899,
12678,
25356,
12678,
12678,
21130,
12710,
25916,
25884,
25356,
12678,
12711,
0,
0,
0,
0,
0,
0,
0,
0,
0,
0,
0,
0,
0,
0,
0,
0,
0,
0,
12710,
58627,
12710,
0,
12678,
0,
0,
10598,
25883,
25883,
10597,
12711,
0,
0,
0,
0,
0,
0,
0,
0,
0,
0,
0,
0,
0,
0,
0,
0,
0,
0,
0,
0,
12710,
56547,
12678,
0,
0,
0,
0,
0,
12678,
12710,
0,
0,
0,
0,
0,
0,
0,
0,
0,
0,
0,
0,
0,
0,
0,
0,
0,
0,
0,
0,
0,
12710,
64899,
12711,
0,
0,
0,
0,
0,
0,
0,
0,
0,
0,
0,
0,
0,
0,
0,
0,
0,
0,
0,
0,
0,
0,
0,
0,
0,
0,
0,
0,
0,
12646,
12711,
0,
0,
0,
0,
0,
0,
0,
0,
0,
0,
0,
0,
0,
0,
0,
0,
0,
0,
0,
0,
0,
0,
0,
0,
0,
0,
0,
0,
0,
0,
0,
0,
0,
0,
0,
0,
0,
0,
0,
0,
0,
0,
0,
0,
0,
0,
0,
0,
0,
0,
0,
0,
