2020
0,
0,
0,
0,
0,
0,
0,
0,
0,
0,
0,
0,
0,
0,
0,
0,
0,
0,
0,
0,
0,
0,
0,
0,
0,
0,
0,
0,
0,
0,
0,
0,
0,
0,
0,
0,
0,
0,
0,
0,
0,
0,
0,
0,
0,
0,
0,
0,
0,
0,
0,
0,
0,
0,
0,
0,
0,
0,
0,
0,
0,
0,
0,
0,
0,
0,
0,
0,
0,
0,
0,
0,
0,
0,
0,
0,
0,
0,
0,
0,
12711,
12711,
12711,
0,
0,
0,
0,
0,
0,
0,
0,
0,
0,
0,
0,
0,
0,
0,
0,
0,
0,
0,
0,
0,
0,
0,
0,
0,
0,
0,
12743,
12743,
31565,
31565,
31565,
12711,
0,
0,
0,
0,
0,
0,
0,
0,
0,
0,
0,
0,
0,
0,
0,
0,
0,
0,
0,
0,
0,
0,
0,
0,
0,
12743,
54088,
31565,
48599,
65503,
31565,
65503,
12711,
0,
0,
0,
0,
0,
0,
0,
0,
0,
0,
0,
0,
0,
0,
0,
0,
0,
0,
0,
0,
0,
0,
0,
12711,
31565,
54088,
31565,
65535,
65535,
31565,
65535,
12678,
0,
0,
0,
0,
0,
0,
0,
0,
0,
0,
0,
0,
0,
0,
0,
0,
0,
0,
12743,
12711,
12711,
0,
0,
12678,
52549,
54088,
31565,
31597,
65535,
31565,
12710,
0,
0,
12711,
12711,
0,
0,
0,
0,
0,
0,
0,
0,
0,
0,
0,
0,
0,
0,
12743,
54088,
54088,
54088,
12711,
12711,
52101,
52101,
31565,
54088,
31565,
21162,
21130,
21130,
12711,
12711,
31565,
65503,
12711,
0,
0,
0,
0,
0,
0,
0,
0,
0,
0,
0,
12743,
12743,
54088,
54088,
54088,
54088,
54088,
65029,
65029,
65029,
52101,
21130,
21130,
52549,
52549,
31565,
54088,
31565,
31565,
48631,
12678,
0,
0,
0,
0,
0,
0,
0,
0,
0,
0,
12743,
54088,
54088,
54088,
54088,
54088,
54088,
41670,
41670,
52133,
65061,
65029,
21130,
52549,
31597,
31597,
31565,
54088,
54088,
31565,
65535,
12678,
0,
0,
0,
0,
0,
0,
0,
0,
0,
0,
0,
12678,
54088,
54088,
12678,
21130,
41670,
21130,
65503,
65503,
62565,
65061,
65029,
31597,
31565,
63365,
63365,
31565,
54088,
31565,
21162,
12678,
0,
0,
0,
0,
0,
0,
0,
0,
0,
0,
0,
0,
12678,
12678,
31565,
31565,
21130,
65503,
62565,
54120,
41670,
62565,
65061,
31565,
63365,
52581,
52581,
63365,
54088,
21130,
12678,
0,
0,
0,
0,
0,
0,
0,
0,
0,
0,
0,
0,
12711,
31565,
31565,
31565,
31565,
31565,
31597,
54088,
54088,
62533,
41670,
54120,
31565,
52581,
63397,
52581,
63397,
54088,
12678,
0,
0,
0,
0,
0,
0,
0,
0,
0,
0,
0,
0,
0,
0,
12678,
12678,
21130,
52101,
62533,
31565,
54088,
31565,
62565,
41670,
65029,
31565,
31597,
31597,
52581,
31597,
54088,
12678,
0,
0,
0,
0,
0,
0,
0,
0,
0,
0,
0,
0,
0,
0,
0,
12678,
52101,
62533,
21130,
31565,
31565,
54088,
62565,
41670,
65061,
62533,
31565,
63365,
52581,
63365,
52549,
54088,
12711,
0,
0,
0,
0,
0,
0,
0,
0,
0,
0,
0,
0,
0,
0,
12678,
52101,
21130,
31565,
31565,
12678,
62533,
52101,
41670,
65061,
65061,
31565,
63397,
52581,
52581,
63397,
54088,
12678,
0,
0,
0,
0,
0,
0,
0,
0,
0,
0,
0,
0,
0,
0,
0,
12678,
31565,
31565,
21130,
65503,
62565,
41670,
62533,
65061,
65061,
31565,
31597,
63397,
63397,
31597,
54088,
12678,
0,
0,
0,
0,
0,
0,
0,
0,
0,
0,
0,
0,
0,
0,
12711,
21130,
31565,
31565,
21130,
54120,
65535,
65503,
65061,
65061,
65061,
31565,
31565,
31597,
31597,
31565,
54088,
12678,
0,
0,
0,
0,
0,
0,
0,
0,
0,
0,
0,
0,
0,
12743,
31565,
31565,
31565,
21130,
62533,
62533,
52133,
31597,
65061,
65061,
31597,
31565,
52549,
52549,
31565,
54088,
54088,
54088,
12711,
0,
0,
0,
0,
0,
0,
0,
0,
0,
0,
0,
0,
0,
12678,
12678,
12678,
52101,
62565,
52101,
31565,
31565,
65061,
54120,
31565,
52549,
21162,
21162,
21130,
54088,
54088,
31565,
21130,
12711,
12711,
0,
0,
0,
0,
0,
0,
0,
0,
0,
0,
0,
0,
0,
0,
12678,
54088,
21130,
65029,
65029,
65061,
21130,
31565,
21162,
31565,
31565,
65503,
21130,
21130,
54088,
31565,
31565,
65503,
12711,
0,
0,
0,
0,
0,
0,
0,
0,
0,
0,
0,
0,
12711,
12678,
21130,
54088,
65061,
65061,
52133,
52101,
21130,
31565,
31565,
65503,
65535,
21130,
48599,
21130,
31565,
31565,
48631,
12678,
0,
0,
0,
0,
0,
0,
0,
0,
0,
0,
0,
12711,
54088,
54088,
54088,
65029,
65061,
31597,
52101,
63365,
54088,
31565,
31565,
65535,
48631,
31565,
48631,
21130,
31565,
31565,
65535,
12678,
0,
0,
0,
0,
0,
0,
0,
0,
0,
0,
0,
12678,
54088,
54088,
65029,
65061,
65061,
21130,
63365,
31597,
54088,
31565,
31565,
31597,
31597,
31565,
21162,
31565,
31565,
12678,
12710,
0,
0,
0,
0,
0,
0,
0,
0,
0,
0,
0,
12743,
54088,
54088,
54088,
54120,
54120,
54120,
54088,
12710,
31565,
31565,
54088,
31565,
31565,
31565,
54088,
12678,
12678,
12678,
0,
0,
0,
0,
0,
0,
0,
0,
0,
0,
0,
0,
12743,
54088,
54088,
54088,
12678,
54088,
54088,
12678,
12678,
0,
12678,
21130,
31565,
54088,
54088,
54088,
12678,
0,
0,
0,
0,
0,
0,
0,
0,
0,
0,
0,
0,
0,
0,
0,
0,
12678,
12678,
12678,
0,
12678,
12678,
0,
0,
0,
0,
12678,
12678,
12678,
21130,
21130,
21130,
12711,
0,
0,
0,
0,
0,
0,
0,
0,
0,
0,
0,
0,
0,
0,
0,
0,
0,
0,
0,
0,
0,
0,
0,
0,
0,
0,
0,
12678,
21130,
21130,
12678,
12678,
0,
0,
0,
0,
0,
0,
0,
0,
0,
0,
0,
0,
0,
0,
0,
0,
0,
0,
0,
0,
0,
0,
0,
0,
0,
0,
0,
12678,
12678,
21130,
12678,
0,
0,
0,
0,
0,
0,
0,
0,
0,
0,
0,
0,
0,
0,
0,
0,
0,
0,
0,
0,
0,
0,
0,
0,
0,
0,
0,
0,
0,
0,
12678,
0,
0,
0,
0,
0,
0,
0,
0,
0,
0,
0,
0,
0,
0,
0,
0,
0,
0,
0,
0,
0,
0,
0,
0,
0,
0,
0,
0,
0,
0,
0,
0,
0,
0,
0,
0,
0,
0,
0,
0,
0,
0,
0,
0,
0,
0,
0,
0,
0,
0,
0,
0,
0,
0,
0,
0,
0,
0,
0,
0,
0,
0,
0,
0,
0,
0,
0,
0,
0,
0,
0,
0,
0,
0,
0,
