2020
0,
0,
0,
0,
0,
0,
0,
0,
0,
0,
0,
0,
0,
0,
0,
0,
0,
0,
0,
0,
0,
0,
0,
0,
0,
0,
0,
0,
0,
0,
0,
0,
0,
0,
0,
0,
0,
0,
0,
0,
0,
0,
0,
0,
0,
0,
0,
0,
0,
0,
0,
0,
0,
0,
0,
0,
0,
0,
0,
0,
0,
0,
0,
0,
0,
0,
0,
0,
0,
0,
0,
14790,
14790,
14790,
0,
0,
0,
0,
0,
0,
0,
0,
0,
0,
14790,
14790,
0,
0,
0,
0,
0,
0,
0,
0,
0,
0,
0,
0,
0,
0,
0,
0,
14790,
47820,
47820,
47820,
14790,
0,
0,
0,
0,
0,
0,
0,
0,
14790,
21130,
58190,
14790,
14790,
0,
0,
0,
0,
0,
0,
0,
0,
0,
0,
0,
0,
0,
14790,
47820,
12678,
12678,
12678,
47820,
14790,
0,
0,
14790,
14790,
0,
0,
14790,
65235,
21130,
58190,
21130,
65235,
14790,
0,
0,
0,
0,
0,
0,
0,
0,
0,
0,
0,
0,
12678,
12678,
0,
0,
0,
12678,
47820,
14790,
21162,
65235,
65235,
14790,
0,
12678,
21162,
58190,
58190,
21130,
65267,
65235,
14790,
0,
0,
0,
0,
0,
0,
0,
0,
0,
0,
0,
0,
0,
0,
0,
0,
12678,
47820,
65235,
65235,
65267,
65267,
65235,
14790,
21130,
47820,
47820,
21130,
65235,
65267,
65267,
12678,
0,
0,
0,
0,
0,
0,
0,
0,
0,
0,
0,
0,
0,
0,
0,
14790,
65235,
65235,
65267,
65267,
65267,
65267,
65267,
21130,
47820,
47820,
21130,
65235,
65267,
65267,
65267,
52620,
14790,
0,
0,
0,
0,
0,
0,
0,
0,
0,
0,
0,
0,
14791,
14791,
52620,
65235,
47852,
47852,
47852,
65267,
65267,
65267,
52620,
21130,
21130,
52620,
21162,
65267,
65267,
65267,
52652,
12678,
0,
0,
0,
0,
0,
0,
0,
0,
0,
0,
14790,
14791,
52620,
65235,
65235,
47820,
58190,
58190,
58190,
65267,
12710,
21162,
52652,
21130,
21130,
21162,
65235,
65267,
65267,
65267,
52652,
12678,
0,
0,
0,
0,
0,
0,
0,
0,
0,
0,
12678,
65235,
65267,
65267,
65267,
58190,
58190,
21130,
65235,
12710,
65503,
47559,
52652,
52620,
52620,
65235,
65267,
65267,
65267,
52652,
52652,
12678,
0,
0,
0,
0,
0,
0,
0,
0,
0,
0,
0,
12710,
12710,
14758,
65235,
47820,
23210,
65235,
52652,
12678,
12710,
52620,
52652,
52652,
65267,
65267,
65267,
65267,
65267,
52652,
52652,
12678,
0,
0,
0,
0,
0,
0,
0,
0,
0,
0,
0,
0,
0,
0,
14758,
47820,
21130,
58222,
21162,
21130,
21130,
21162,
21162,
21162,
21162,
21162,
65267,
65267,
52652,
52652,
12710,
0,
0,
0,
0,
0,
0,
0,
0,
0,
0,
0,
0,
0,
0,
0,
0,
14726,
56142,
21130,
47820,
47820,
47820,
47820,
47820,
58190,
58190,
58190,
21162,
21162,
52652,
52652,
12678,
0,
0,
0,
0,
0,
0,
0,
0,
0,
0,
0,
0,
14790,
14790,
0,
0,
12678,
58190,
12678,
12678,
12678,
12678,
21130,
21130,
21130,
58190,
58190,
58190,
58190,
21162,
12710,
0,
0,
0,
0,
0,
0,
0,
0,
0,
0,
0,
0,
0,
12678,
58190,
14790,
14790,
56142,
21130,
14758,
0,
0,
12678,
58190,
58190,
25488,
21130,
21130,
58190,
58190,
58190,
12678,
0,
0,
0,
0,
0,
0,
0,
0,
0,
0,
0,
0,
0,
0,
12678,
58190,
56142,
21130,
14791,
0,
0,
0,
12678,
25488,
58190,
25488,
25951,
12678,
12678,
58190,
58190,
58190,
14790,
0,
0,
0,
0,
0,
0,
0,
0,
0,
0,
0,
0,
0,
0,
12678,
12678,
12678,
0,
0,
0,
0,
12678,
25951,
25488,
25488,
25983,
12678,
0,
12678,
58190,
58190,
12678,
0,
0,
0,
0,
0,
0,
0,
0,
0,
0,
0,
0,
0,
0,
0,
0,
0,
0,
0,
0,
0,
0,
12678,
25951,
25488,
47820,
12678,
0,
12678,
58190,
58190,
58190,
14790,
0,
0,
0,
0,
0,
0,
0,
0,
0,
0,
0,
0,
0,
0,
0,
0,
14790,
14790,
14790,
0,
0,
12678,
25983,
25488,
25488,
47820,
14790,
12678,
58190,
47820,
58190,
12678,
0,
0,
0,
0,
0,
0,
0,
0,
0,
0,
0,
0,
0,
0,
14758,
14790,
21130,
25951,
58190,
14790,
0,
0,
12678,
25488,
25951,
25488,
25488,
25951,
21130,
58190,
12678,
12678,
0,
0,
0,
0,
0,
0,
0,
0,
0,
0,
0,
0,
0,
14791,
25951,
25950,
21130,
21162,
25951,
58190,
14790,
0,
0,
12678,
25983,
25951,
25488,
25983,
21130,
58190,
12678,
0,
0,
0,
0,
0,
0,
0,
0,
0,
0,
0,
0,
0,
0,
0,
12711,
25983,
58190,
58190,
21162,
25951,
12678,
0,
0,
0,
12678,
25488,
47820,
25488,
12678,
12678,
0,
0,
0,
0,
0,
0,
0,
0,
0,
0,
0,
0,
0,
0,
0,
0,
12678,
12678,
21130,
25951,
25951,
25983,
25951,
14790,
14790,
14790,
25488,
47820,
47820,
25488,
12678,
0,
0,
0,
0,
0,
0,
0,
0,
0,
0,
0,
0,
0,
0,
0,
0,
14790,
25951,
58190,
58190,
21162,
21162,
25488,
25983,
25951,
25488,
25951,
25488,
47820,
21130,
12678,
0,
0,
0,
0,
0,
0,
0,
0,
0,
0,
0,
0,
0,
0,
0,
0,
0,
0,
12710,
21130,
58190,
58190,
25951,
25951,
12678,
12678,
25951,
25983,
25951,
12678,
12678,
0,
0,
0,
0,
0,
0,
0,
0,
0,
0,
0,
0,
0,
0,
0,
0,
0,
0,
0,
12678,
25950,
21130,
21130,
25983,
21162,
12678,
0,
12678,
12678,
12678,
0,
0,
0,
0,
0,
0,
0,
0,
0,
0,
0,
0,
0,
0,
0,
0,
0,
0,
0,
0,
14791,
25951,
25951,
58190,
56142,
12678,
12678,
0,
0,
0,
0,
0,
0,
0,
0,
0,
0,
0,
0,
0,
0,
0,
0,
0,
0,
0,
0,
0,
0,
0,
0,
0,
0,
12678,
12678,
12678,
12678,
0,
0,
0,
0,
0,
0,
0,
0,
0,
0,
0,
0,
0,
0,
0,
0,
0,
0,
0,
0,
0,
0,
0,
0,
0,
0,
0,
0,
0,
0,
0,
0,
0,
0,
0,
0,
0,
0,
0,
0,
0,
0,
0,
0,
0,
0,
0,
0,
0,
0,
0,
0,
0,
0,
0,
0,
0,
0,
0,
0,
0,
0,
0,
0,
0,
0,
0,
0,
0,
0,
0,
0,
0,
0,
0,
0,
0,
0,
0,
0,
0,
0,
0,
0,
0,
0,
0,
0,
0,
0,
0,
0,
0,
0,
0,
0,
0,
0,
0,
0,
0,
0,
0,
0,
0,
0,
0,
0,
0,
0,
0,
0,
0,
0,
0,
