2020
0,
0,
0,
0,
0,
0,
0,
0,
0,
0,
0,
0,
0,
0,
0,
0,
0,
0,
0,
0,
0,
0,
0,
0,
0,
0,
0,
0,
0,
0,
0,
0,
0,
0,
0,
0,
0,
0,
0,
0,
0,
0,
0,
0,
0,
0,
0,
0,
0,
0,
0,
0,
0,
0,
0,
0,
0,
0,
0,
0,
0,
0,
0,
0,
0,
0,
0,
0,
0,
0,
0,
0,
0,
0,
0,
0,
0,
0,
0,
0,
0,
0,
0,
0,
0,
0,
0,
0,
0,
0,
0,
0,
0,
0,
0,
0,
0,
0,
0,
0,
0,
0,
0,
0,
0,
0,
0,
0,
0,
0,
0,
0,
0,
0,
0,
0,
0,
0,
0,
0,
0,
0,
0,
0,
0,
0,
0,
0,
0,
0,
0,
0,
0,
0,
0,
0,
0,
0,
0,
0,
0,
0,
0,
0,
0,
0,
0,
0,
0,
0,
0,
0,
0,
0,
0,
0,
0,
0,
0,
0,
0,
0,
0,
0,
0,
0,
0,
0,
0,
0,
0,
0,
0,
0,
0,
0,
0,
0,
0,
0,
0,
0,
0,
0,
0,
0,
0,
0,
0,
0,
0,
0,
0,
0,
0,
0,
0,
0,
0,
0,
0,
0,
0,
0,
0,
0,
0,
0,
0,
0,
0,
0,
0,
0,
0,
0,
0,
0,
0,
0,
0,
0,
0,
0,
0,
0,
0,
0,
0,
0,
0,
0,
0,
0,
0,
0,
0,
0,
0,
0,
0,
12710,
12678,
12743,
0,
0,
0,
0,
0,
0,
0,
0,
0,
0,
0,
0,
0,
0,
0,
0,
0,
0,
0,
0,
0,
0,
0,
0,
0,
0,
0,
12710,
14759,
29559,
29526,
29559,
14759,
12743,
0,
0,
0,
0,
0,
0,
0,
0,
0,
0,
0,
0,
0,
0,
0,
0,
0,
0,
0,
0,
0,
0,
0,
0,
14791,
53934,
64530,
56015,
23211,
65535,
31639,
48459,
12710,
14791,
0,
14823,
0,
0,
0,
0,
0,
0,
0,
0,
0,
0,
0,
0,
0,
0,
0,
0,
12678,
14759,
12678,
12678,
56015,
60369,
27413,
29559,
60626,
64498,
21073,
27413,
27446,
21162,
12678,
50540,
12743,
0,
0,
0,
0,
0,
0,
0,
0,
0,
0,
0,
0,
12710,
14759,
14791,
65535,
65535,
65535,
65535,
65535,
29526,
38013,
31607,
56015,
64885,
65535,
23211,
29559,
29559,
23243,
52620,
14823,
0,
0,
0,
0,
0,
0,
0,
0,
0,
0,
14759,
14791,
65535,
65535,
65535,
21162,
23243,
21162,
23211,
23275,
37980,
38013,
38014,
18993,
21073,
23243,
21162,
29527,
21074,
27446,
23243,
14791,
0,
0,
0,
0,
0,
0,
0,
0,
0,
12710,
65535,
63454,
12678,
14791,
21130,
27413,
40094,
35866,
35899,
65535,
63422,
35899,
29559,
60369,
53934,
56015,
18960,
29526,
61235,
18960,
29526,
12743,
0,
0,
0,
0,
0,
0,
0,
0,
14791,
65535,
65535,
14791,
0,
14759,
38013,
38013,
40126,
65535,
65535,
23243,
23243,
31607,
64595,
56015,
64595,
45741,
56015,
21106,
54700,
63347,
29559,
29559,
14791,
0,
0,
0,
0,
0,
0,
0,
0,
12710,
14823,
0,
0,
0,
12710,
21162,
65535,
21162,
23243,
40094,
37980,
29526,
56015,
64498,
45709,
56015,
53934,
21073,
21106,
61202,
29559,
29559,
61202,
14823,
0,
0,
0,
0,
0,
0,
0,
0,
0,
0,
0,
0,
12678,
65503,
23243,
35867,
35899,
40094,
35866,
35899,
21073,
51854,
53934,
45709,
21130,
29494,
29526,
27413,
29526,
21073,
46347,
14791,
0,
0,
0,
0,
0,
0,
0,
0,
0,
0,
12710,
14759,
65535,
23243,
40094,
38013,
40094,
29559,
38013,
40094,
40094,
21073,
21074,
21074,
29527,
29559,
29559,
21073,
21106,
54700,
63347,
14823,
0,
0,
0,
0,
0,
0,
0,
0,
0,
14759,
65535,
65535,
0,
21162,
40094,
27445,
29526,
40094,
35899,
37980,
40094,
35899,
38013,
40094,
27413,
29526,
29527,
27413,
29559,
12710,
12710,
0,
0,
0,
0,
0,
0,
0,
0,
0,
14823,
65503,
65503,
14759,
12678,
35867,
14759,
12678,
35899,
40094,
35866,
35899,
38013,
35866,
37980,
38013,
35866,
29494,
29526,
27412,
12743,
0,
0,
0,
0,
0,
0,
0,
0,
0,
0,
0,
0,
12710,
14791,
0,
12710,
14791,
0,
0,
14791,
40094,
38013,
40094,
40094,
38013,
40094,
29559,
29527,
29559,
21074,
21073,
14823,
0,
0,
0,
0,
0,
0,
0,
0,
0,
0,
0,
0,
0,
0,
0,
0,
0,
0,
0,
0,
14759,
12710,
37980,
40094,
35899,
38013,
40094,
27413,
29526,
29526,
12710,
0,
0,
0,
0,
0,
0,
0,
0,
0,
0,
0,
0,
0,
0,
0,
0,
0,
0,
0,
0,
0,
0,
0,
12710,
38013,
12678,
12710,
29527,
27412,
12710,
12743,
0,
0,
0,
0,
0,
0,
0,
0,
0,
0,
0,
0,
0,
0,
0,
0,
0,
0,
0,
0,
0,
0,
0,
0,
0,
14823,
0,
0,
14759,
14823,
0,
0,
0,
0,
0,
0,
0,
0,
0,
0,
0,
0,
0,
0,
0,
0,
0,
0,
0,
0,
0,
0,
0,
0,
0,
0,
0,
0,
0,
0,
0,
0,
0,
0,
0,
0,
0,
0,
0,
0,
0,
0,
0,
0,
0,
0,
0,
0,
0,
0,
0,
0,
0,
0,
0,
0,
0,
0,
0,
0,
0,
0,
0,
0,
0,
0,
0,
0,
0,
0,
0,
0,
0,
0,
0,
0,
0,
0,
0,
0,
0,
0,
0,
0,
0,
0,
0,
0,
0,
0,
0,
0,
0,
0,
0,
0,
0,
0,
0,
0,
0,
0,
0,
0,
0,
0,
0,
0,
0,
0,
0,
0,
0,
0,
0,
0,
0,
0,
0,
0,
0,
0,
0,
0,
0,
0,
0,
0,
0,
0,
0,
0,
0,
0,
0,
0,
0,
0,
0,
0,
0,
0,
0,
0,
0,
0,
0,
0,
0,
0,
0,
0,
0,
0,
0,
0,
0,
0,
0,
0,
0,
0,
0,
0,
0,
0,
0,
0,
0,
0,
0,
0,
0,
0,
0,
0,
0,
0,
0,
0,
0,
0,
0,
0,
0,
0,
0,
0,
0,
0,
0,
0,
0,
0,
0,
0,
0,
0,
0,
0,
0,
0,
0,
0,
0,
0,
0,
0,
0,
0,
0,
0,
0,
0,
0,
0,
0,
0,
0,
0,
0,
0,
0,
0,
0,
0,
0,
0,
0,
0,
0,
0,
0,
0,
0,
0,
0,
0,
0,
0,
0,
0,
0,
0,
0,
0,
0,
0,
0,
0,
0,
0,
0,
0,
0,
0,
0,
0,
0,
0,
0,
0,
0,
0,
0,
0,
