2020
0,
0,
0,
0,
0,
0,
0,
0,
0,
0,
0,
0,
0,
0,
0,
0,
0,
0,
0,
0,
0,
0,
0,
0,
0,
0,
0,
0,
0,
0,
0,
0,
0,
0,
0,
0,
0,
0,
0,
0,
0,
0,
0,
0,
0,
0,
0,
0,
0,
0,
0,
0,
0,
0,
0,
0,
0,
0,
0,
0,
0,
0,
0,
0,
0,
0,
0,
0,
0,
0,
0,
0,
0,
0,
0,
0,
0,
0,
0,
0,
0,
0,
0,
0,
0,
0,
0,
0,
0,
0,
0,
0,
0,
0,
0,
0,
0,
0,
0,
0,
0,
0,
0,
0,
0,
0,
0,
0,
0,
0,
0,
0,
0,
0,
0,
0,
0,
0,
0,
0,
0,
0,
0,
0,
0,
0,
0,
0,
0,
0,
0,
0,
0,
0,
0,
0,
0,
0,
0,
0,
0,
0,
0,
0,
0,
0,
0,
0,
0,
0,
0,
0,
0,
0,
0,
0,
0,
0,
0,
0,
0,
0,
0,
0,
0,
0,
0,
0,
0,
0,
0,
0,
0,
0,
0,
0,
0,
0,
14791,
14823,
0,
0,
0,
0,
0,
0,
0,
0,
0,
0,
0,
0,
0,
0,
0,
0,
0,
0,
0,
0,
0,
0,
0,
0,
0,
0,
0,
0,
0,
14791,
32349,
14791,
0,
0,
0,
0,
0,
0,
0,
0,
0,
0,
0,
0,
0,
0,
0,
0,
0,
0,
0,
0,
0,
0,
0,
0,
14790,
14790,
14790,
14790,
14791,
19737,
19769,
12678,
14823,
0,
0,
0,
0,
0,
0,
0,
0,
0,
0,
0,
0,
0,
0,
0,
0,
0,
0,
0,
0,
0,
0,
14791,
46943,
44894,
19768,
61197,
21130,
19769,
19769,
32349,
14791,
0,
0,
0,
0,
0,
0,
0,
0,
0,
0,
0,
0,
0,
0,
0,
0,
0,
0,
0,
0,
0,
0,
12710,
46975,
46975,
32382,
63277,
61197,
21162,
19737,
14791,
0,
14790,
14790,
14823,
0,
0,
0,
0,
0,
0,
0,
0,
0,
0,
0,
0,
0,
0,
14790,
14790,
14790,
14790,
14791,
19769,
46975,
32350,
21162,
63277,
63277,
21162,
19769,
12678,
14791,
19737,
19737,
19736,
14790,
14823,
0,
0,
0,
0,
0,
0,
0,
0,
0,
0,
0,
14790,
62218,
62218,
62218,
60170,
47464,
32382,
32382,
32382,
32350,
21817,
63277,
61197,
21162,
19411,
52620,
32350,
61197,
19443,
19736,
14791,
0,
0,
0,
0,
0,
0,
0,
0,
0,
0,
0,
0,
12678,
47432,
62218,
47464,
32350,
32382,
32350,
12711,
32382,
19769,
63277,
63277,
21162,
52620,
52652,
63277,
63277,
61197,
19411,
14791,
0,
0,
0,
0,
0,
0,
0,
0,
0,
0,
14790,
14790,
62218,
62218,
62250,
19769,
32382,
32350,
47464,
62250,
65503,
52652,
63277,
63277,
21162,
19768,
63277,
63277,
63277,
63245,
14791,
0,
0,
0,
0,
0,
0,
0,
0,
0,
0,
14790,
62218,
62218,
62218,
62218,
62250,
32382,
32350,
12711,
65503,
65503,
21817,
63277,
63277,
63277,
21162,
19769,
63277,
32382,
32381,
63277,
50572,
14823,
0,
0,
0,
0,
0,
0,
0,
0,
0,
0,
12678,
12678,
47432,
47432,
62250,
32382,
32382,
32349,
12710,
21162,
52652,
63277,
63245,
21162,
19769,
19769,
32382,
32382,
32382,
63277,
52620,
14791,
0,
0,
0,
0,
0,
0,
0,
0,
0,
0,
0,
0,
14726,
62218,
47464,
19769,
32382,
32382,
32350,
32350,
65502,
52652,
52652,
19769,
19769,
19769,
19769,
63277,
63277,
52620,
21162,
14791,
0,
0,
0,
0,
0,
0,
0,
0,
0,
0,
0,
0,
12678,
12678,
12678,
12710,
19769,
32382,
32382,
32382,
32382,
32350,
19769,
19769,
19737,
21162,
63277,
52652,
32382,
32350,
19737,
21130,
14790,
14823,
0,
0,
0,
0,
0,
0,
0,
0,
0,
0,
0,
0,
0,
0,
12678,
45416,
19443,
32382,
32350,
19769,
19769,
19769,
32382,
32349,
21162,
32382,
32382,
32382,
32350,
19411,
19736,
14791,
0,
0,
0,
0,
0,
0,
0,
0,
0,
0,
0,
0,
0,
0,
12678,
62218,
12678,
12678,
47465,
19443,
19769,
32382,
32382,
32382,
32349,
21163,
32382,
32382,
32382,
19443,
32350,
14791,
0,
0,
0,
0,
0,
0,
0,
0,
0,
0,
0,
0,
0,
0,
0,
14791,
0,
12678,
62218,
12678,
12711,
32382,
32382,
32350,
21163,
19737,
19769,
32350,
19411,
21130,
14791,
0,
0,
0,
0,
0,
0,
0,
0,
0,
0,
0,
0,
0,
0,
0,
0,
0,
0,
0,
14791,
0,
0,
12711,
32350,
19769,
32349,
21162,
19411,
21162,
12678,
14791,
0,
0,
0,
0,
0,
0,
0,
0,
0,
0,
0,
0,
0,
0,
0,
0,
0,
0,
0,
0,
0,
0,
0,
12678,
21163,
32350,
21162,
21162,
19737,
14791,
0,
0,
0,
0,
0,
0,
0,
0,
0,
0,
0,
0,
0,
0,
0,
0,
0,
0,
0,
0,
0,
0,
0,
0,
14790,
47432,
45384,
21162,
21130,
19736,
14791,
0,
0,
0,
0,
0,
0,
0,
0,
0,
0,
0,
0,
0,
0,
0,
0,
0,
0,
0,
0,
0,
0,
0,
0,
0,
0,
12678,
12678,
12678,
19736,
14791,
0,
0,
0,
0,
0,
0,
0,
0,
0,
0,
0,
0,
0,
0,
0,
0,
0,
0,
0,
0,
0,
0,
0,
0,
0,
0,
0,
0,
0,
12678,
14791,
0,
0,
0,
0,
0,
0,
0,
0,
0,
0,
0,
0,
0,
0,
0,
0,
0,
0,
0,
0,
0,
0,
0,
0,
0,
0,
0,
0,
0,
0,
0,
0,
0,
0,
0,
0,
0,
0,
0,
0,
0,
0,
0,
0,
0,
0,
0,
0,
0,
0,
0,
0,
0,
0,
0,
0,
0,
0,
0,
0,
0,
0,
0,
0,
0,
0,
0,
0,
0,
0,
0,
0,
0,
0,
0,
0,
0,
0,
0,
0,
0,
0,
0,
0,
0,
0,
0,
0,
0,
0,
0,
0,
0,
0,
0,
0,
0,
0,
0,
0,
0,
0,
0,
0,
0,
0,
0,
0,
0,
0,
0,
0,
0,
0,
0,
0,
0,
0,
0,
0,
0,
0,
0,
0,
0,
0,
0,
0,
0,
0,
0,
0,
0,
0,
0,
0,
0,
0,
0,
0,
0,
0,
0,
0,
0,
0,
0,
0,
0,
0,
0,
0,
0,
0,
0,
0,
0,
0,
0,
0,
0,
0,
0,
0,
0,
0,
0,
0,
0,
0,
0,
0,
0,
0,
0,
0,
0,
0,
0,
0,
0,
0,
0,
0,
0,
0,
0,
0,
0,
0,
0,
0,
0,
0,
0,
0,
0,
0,
0,
0,
0,
0,
0,
