2020
0,
0,
0,
0,
0,
0,
0,
0,
0,
0,
0,
0,
0,
0,
0,
0,
0,
0,
0,
0,
0,
0,
0,
0,
0,
0,
0,
0,
0,
0,
0,
0,
0,
0,
0,
0,
0,
0,
0,
0,
0,
0,
0,
0,
0,
0,
0,
0,
0,
0,
12678,
12710,
0,
0,
0,
0,
0,
0,
0,
0,
0,
0,
0,
0,
0,
0,
0,
0,
0,
0,
0,
0,
0,
0,
0,
0,
0,
0,
0,
0,
0,
14759,
31542,
33623,
12710,
12710,
0,
0,
0,
0,
0,
0,
0,
0,
0,
0,
0,
0,
0,
0,
0,
0,
0,
0,
0,
0,
0,
0,
0,
0,
0,
0,
14759,
33624,
21162,
23243,
33624,
14791,
0,
0,
0,
0,
0,
0,
0,
0,
0,
0,
0,
0,
0,
0,
0,
0,
0,
0,
0,
0,
0,
0,
0,
0,
0,
0,
12678,
23243,
37817,
39930,
12711,
0,
0,
0,
0,
0,
0,
0,
0,
0,
0,
0,
0,
0,
0,
0,
0,
0,
0,
0,
0,
0,
0,
0,
0,
0,
0,
12710,
42011,
42044,
39930,
33623,
12710,
12710,
0,
0,
0,
0,
0,
0,
0,
0,
0,
0,
0,
0,
0,
0,
0,
0,
0,
0,
0,
0,
0,
0,
0,
0,
0,
12711,
42012,
44092,
42011,
23243,
33624,
31542,
14791,
0,
0,
0,
0,
0,
0,
0,
0,
0,
0,
0,
0,
0,
0,
0,
0,
0,
0,
0,
0,
0,
0,
0,
0,
0,
12678,
42012,
37817,
39931,
33623,
29429,
31542,
12710,
0,
0,
0,
0,
0,
0,
0,
0,
0,
0,
0,
0,
0,
0,
0,
12710,
12710,
12711,
0,
0,
0,
0,
0,
0,
0,
14791,
42011,
42044,
33623,
12710,
14791,
0,
0,
0,
0,
0,
0,
0,
0,
0,
0,
0,
0,
0,
0,
0,
0,
14759,
33624,
33623,
12710,
14791,
0,
12710,
14791,
0,
0,
14791,
42011,
33623,
14791,
0,
0,
0,
0,
0,
0,
0,
0,
0,
0,
0,
0,
0,
0,
0,
0,
0,
0,
0,
14759,
29461,
29461,
23243,
12678,
31510,
33623,
12678,
12678,
0,
12678,
12710,
0,
0,
0,
0,
0,
0,
0,
0,
0,
0,
0,
0,
0,
0,
0,
0,
0,
0,
0,
0,
14759,
21162,
23243,
52728,
65535,
50615,
33624,
33591,
33623,
14791,
0,
0,
0,
0,
0,
0,
0,
0,
0,
0,
0,
0,
0,
0,
0,
0,
0,
0,
0,
0,
12710,
12711,
44092,
39931,
41979,
44092,
31542,
12710,
23243,
31542,
33623,
33623,
12710,
0,
14791,
0,
0,
0,
0,
0,
0,
0,
0,
0,
0,
0,
0,
0,
0,
0,
12678,
14791,
37817,
37817,
42044,
37817,
37817,
42044,
37817,
39898,
42044,
37817,
31510,
23243,
41970,
12710,
23211,
12678,
0,
0,
0,
0,
0,
0,
0,
0,
0,
0,
0,
0,
0,
14759,
42011,
44092,
42012,
42011,
33624,
33623,
42011,
44092,
42011,
42012,
44092,
42011,
33623,
33624,
23211,
48244,
46196,
21162,
14791,
0,
0,
0,
0,
0,
0,
0,
0,
0,
0,
0,
0,
0,
12678,
14759,
33591,
31543,
33624,
31542,
31543,
33656,
39931,
42011,
44092,
31542,
23211,
33624,
31542,
23243,
64986,
21162,
27282,
14759,
0,
0,
0,
0,
0,
0,
0,
0,
0,
0,
0,
0,
0,
0,
12678,
12678,
33624,
29461,
29461,
33624,
37817,
39898,
42044,
31509,
63454,
33623,
21130,
46163,
64953,
58679,
21162,
12710,
0,
0,
0,
0,
0,
0,
0,
0,
0,
0,
0,
0,
0,
0,
0,
14759,
33624,
33623,
33624,
33656,
42012,
42044,
42044,
12710,
14759,
33624,
23243,
48245,
64986,
64953,
23243,
27282,
14759,
0,
0,
0,
0,
0,
0,
0,
0,
0,
0,
0,
0,
0,
0,
12710,
33624,
31542,
31543,
44092,
39931,
42011,
33624,
21162,
65535,
52696,
31542,
23243,
48245,
62840,
23243,
27282,
12710,
0,
0,
0,
0,
0,
0,
0,
0,
0,
0,
0,
0,
0,
0,
12678,
33624,
29461,
29462,
42044,
37817,
39898,
23243,
46421,
65503,
65535,
21130,
46131,
46196,
21098,
25201,
25201,
12678,
12711,
0,
0,
0,
0,
0,
0,
0,
0,
0,
0,
0,
0,
0,
0,
12710,
42012,
33624,
44092,
42012,
33624,
23275,
65535,
65535,
52696,
23243,
46196,
23243,
27250,
27282,
14791,
42012,
33624,
14791,
0,
0,
0,
0,
0,
0,
0,
0,
0,
0,
0,
0,
0,
14791,
39898,
39930,
42044,
39898,
21163,
33624,
31510,
31543,
33624,
21130,
23211,
33624,
25169,
12711,
42012,
37849,
23243,
23211,
12678,
0,
0,
0,
0,
0,
0,
0,
0,
0,
0,
0,
0,
0,
12678,
37817,
42044,
29461,
31510,
33624,
29461,
31510,
23243,
29461,
31542,
33623,
23120,
12710,
39931,
21130,
42011,
31543,
29429,
14791,
0,
0,
0,
0,
0,
0,
0,
0,
0,
0,
0,
0,
14759,
42044,
44092,
33623,
33624,
33624,
33623,
33624,
33624,
33623,
33624,
27282,
14759,
42044,
44092,
42012,
44092,
33624,
12710,
14823,
0,
0,
0,
0,
0,
0,
0,
0,
0,
0,
0,
0,
12678,
39930,
42044,
31510,
31543,
33624,
31510,
31543,
33624,
31510,
33623,
27282,
12678,
42011,
42012,
37849,
23243,
14759,
0,
0,
0,
0,
0,
0,
0,
0,
0,
0,
0,
0,
0,
0,
12678,
37817,
33624,
29461,
31510,
23243,
29461,
21162,
33623,
29461,
21162,
27250,
23120,
12710,
41979,
37817,
42011,
31542,
12678,
0,
0,
0,
0,
0,
0,
0,
0,
0,
0,
0,
0,
0,
12710,
42044,
33624,
33624,
23243,
33624,
33624,
23243,
14759,
33624,
23243,
27282,
27282,
27282,
14791,
42044,
44092,
44092,
33623,
14823,
0,
0,
0,
0,
0,
0,
0,
0,
0,
0,
0,
12710,
39898,
31542,
33623,
12678,
12710,
33624,
31509,
12710,
0,
12678,
12710,
27282,
25169,
27250,
12710,
12678,
12710,
12710,
12678,
0,
0,
0,
0,
0,
0,
0,
0,
0,
0,
0,
0,
12710,
37817,
31510,
14791,
0,
12678,
33623,
12678,
0,
0,
0,
0,
12711,
25168,
25201,
12711,
0,
0,
0,
0,
0,
0,
0,
0,
0,
0,
0,
0,
0,
0,
0,
0,
12710,
33624,
12710,
0,
0,
14759,
33624,
14791,
0,
0,
0,
0,
14759,
27282,
14791,
0,
0,
0,
0,
0,
0,
0,
0,
0,
0,
0,
0,
0,
0,
0,
0,
0,
12710,
12710,
0,
0,
0,
0,
14791,
0,
0,
0,
0,
0,
0,
12678,
0,
0,
0,
0,
0,
0,
0,
0,
0,
0,
0,
0,
0,
0,
0,
0,
0,
0,
0,
0,
0,
0,
0,
0,
0,
0,
0,
0,
0,
0,
0,
0,
0,
0,
0,
0,
0,
0,
0,
0,
0,
0,
