2020
0,
0,
0,
0,
0,
0,
0,
0,
0,
10597,
10597,
12711,
0,
0,
0,
0,
0,
0,
0,
0,
0,
0,
0,
0,
0,
0,
0,
0,
0,
0,
0,
0,
0,
0,
0,
0,
0,
0,
0,
12646,
12710,
62950,
60870,
65030,
12646,
12678,
0,
12646,
12710,
0,
0,
0,
0,
12678,
0,
0,
0,
0,
0,
0,
0,
0,
0,
0,
0,
0,
0,
0,
0,
0,
12678,
59846,
61894,
59846,
59878,
65062,
62950,
62950,
12678,
59846,
61894,
12678,
12710,
0,
12710,
50406,
12711,
0,
0,
0,
0,
0,
0,
0,
0,
0,
0,
0,
0,
0,
0,
0,
0,
12645,
61894,
55717,
55717,
61926,
56677,
58757,
65030,
29095,
55717,
61894,
53637,
12645,
50438,
46213,
12678,
0,
10630,
0,
0,
0,
0,
0,
0,
0,
0,
0,
0,
0,
0,
0,
0,
0,
12678,
59846,
59846,
33479,
33479,
63422,
33479,
33224,
61894,
61894,
59846,
61926,
65062,
50406,
33224,
12710,
41897,
12711,
0,
0,
0,
0,
0,
0,
0,
0,
0,
0,
0,
0,
12678,
12678,
65062,
62950,
33479,
50413,
48301,
12678,
17718,
21000,
12678,
33479,
59846,
65030,
65030,
33224,
43978,
43978,
31399,
12711,
0,
0,
0,
0,
0,
0,
0,
0,
0,
0,
10597,
12710,
58757,
56677,
65062,
58757,
58757,
65062,
56677,
58757,
50381,
44108,
10597,
12678,
19017,
58757,
33224,
43398,
31144,
33224,
37737,
12678,
0,
0,
0,
0,
0,
0,
0,
0,
0,
12710,
62950,
65062,
62950,
59846,
61926,
62982,
62982,
65062,
62950,
59846,
50413,
48301,
12678,
33511,
48300,
21130,
61894,
47559,
49607,
49607,
12710,
0,
0,
0,
0,
0,
0,
0,
0,
0,
0,
0,
12678,
61894,
33224,
60870,
65062,
62950,
62918,
61894,
31399,
48300,
43978,
21097,
43978,
50413,
46220,
21130,
61894,
45478,
49607,
49607,
45478,
12710,
0,
0,
0,
0,
0,
0,
0,
0,
0,
0,
0,
12710,
58757,
56677,
65030,
55717,
55717,
33511,
44108,
44108,
12710,
15507,
39817,
33479,
29318,
19049,
62982,
46213,
47526,
47559,
10630,
0,
0,
0,
0,
0,
0,
0,
0,
0,
0,
0,
0,
12710,
62982,
59846,
61894,
59846,
33479,
50413,
48301,
43978,
65535,
63390,
33479,
43978,
21097,
61926,
65062,
50406,
52486,
12711,
0,
0,
12711,
0,
0,
0,
0,
0,
0,
0,
0,
0,
12678,
65030,
59846,
57766,
61894,
59846,
31399,
33511,
46220,
19049,
21130,
21000,
41898,
21130,
57766,
59846,
33256,
48326,
52486,
52486,
12646,
21032,
50381,
12678,
0,
0,
0,
0,
0,
0,
0,
0,
12645,
59846,
10597,
10597,
33224,
55717,
55717,
61894,
19017,
19017,
21162,
56677,
31143,
61894,
55685,
55717,
49607,
46213,
48326,
50438,
29095,
48268,
41897,
12678,
0,
0,
0,
0,
0,
0,
0,
0,
12678,
12711,
0,
0,
12678,
33224,
61894,
61894,
61894,
65030,
65062,
65030,
65030,
33224,
59846,
49607,
49607,
33224,
52518,
52518,
33224,
50381,
50381,
12711,
0,
0,
0,
0,
0,
0,
0,
0,
0,
0,
0,
0,
0,
12678,
59814,
61894,
57798,
62950,
65062,
60870,
62950,
33224,
45478,
47559,
49607,
31176,
52486,
33256,
46220,
12678,
12710,
0,
0,
0,
0,
0,
0,
0,
0,
0,
0,
0,
0,
0,
0,
12645,
55717,
61926,
58725,
58757,
65030,
56677,
31143,
49607,
43430,
45478,
33224,
25226,
12646,
12678,
10630,
0,
0,
0,
0,
0,
0,
0,
0,
0,
0,
0,
0,
0,
0,
0,
12678,
61894,
65030,
65062,
65030,
65030,
61894,
33224,
27339,
33224,
33224,
33224,
12678,
12710,
0,
0,
0,
0,
0,
0,
0,
0,
0,
0,
0,
0,
0,
0,
0,
0,
0,
12645,
61894,
57766,
57766,
61894,
55718,
31143,
33224,
25258,
25258,
12711,
0,
0,
0,
0,
0,
0,
0,
0,
0,
0,
0,
0,
0,
0,
0,
0,
0,
0,
0,
0,
0,
0,
12678,
10597,
10597,
33224,
29095,
25226,
27339,
25226,
14758,
16839,
10630,
0,
0,
0,
0,
0,
0,
0,
0,
0,
0,
0,
0,
0,
0,
0,
0,
0,
0,
0,
0,
0,
0,
0,
0,
12678,
27339,
27339,
27339,
27339,
27339,
27339,
21130,
12711,
0,
0,
12711,
0,
0,
0,
0,
0,
0,
0,
0,
0,
0,
0,
0,
0,
0,
0,
12646,
10597,
12711,
0,
12646,
12678,
25258,
25258,
27339,
19049,
19049,
21162,
46188,
41897,
12678,
12645,
41898,
12711,
0,
0,
0,
0,
0,
0,
0,
0,
0,
0,
0,
0,
0,
12678,
18919,
25226,
21000,
10597,
18919,
21000,
10597,
25226,
21162,
44108,
46188,
33479,
29318,
39817,
43978,
39785,
31399,
12710,
0,
0,
0,
0,
0,
0,
0,
0,
0,
0,
0,
0,
12678,
27339,
27339,
12678,
27339,
21000,
21000,
12711,
0,
12678,
33479,
33511,
50413,
50413,
50381,
43978,
43978,
43978,
43978,
12711,
0,
0,
0,
0,
0,
0,
0,
0,
0,
0,
0,
0,
12646,
27339,
12678,
0,
12678,
12646,
12646,
0,
12678,
46220,
50381,
46188,
12678,
12710,
39785,
41897,
33479,
10597,
12710,
0,
0,
0,
0,
0,
0,
0,
0,
0,
0,
0,
0,
12678,
25226,
12711,
0,
0,
0,
0,
0,
0,
0,
10597,
12678,
12678,
0,
0,
10597,
10597,
12710,
0,
0,
0,
0,
0,
0,
0,
0,
0,
0,
0,
0,
0,
0,
12678,
27339,
12711,
0,
0,
0,
0,
0,
0,
0,
0,
0,
0,
0,
0,
0,
0,
0,
0,
0,
0,
0,
0,
0,
0,
0,
0,
0,
0,
0,
0,
0,
12678,
25226,
12711,
0,
0,
0,
0,
0,
0,
0,
0,
0,
0,
0,
0,
0,
0,
0,
0,
0,
0,
0,
0,
0,
0,
0,
0,
0,
0,
0,
0,
0,
12678,
25226,
50381,
12678,
0,
0,
10597,
10597,
0,
0,
0,
0,
0,
0,
0,
0,
0,
0,
0,
0,
0,
0,
0,
0,
0,
0,
0,
0,
0,
0,
0,
0,
0,
12710,
50413,
50381,
12678,
12710,
43978,
12711,
0,
0,
0,
0,
0,
0,
0,
0,
0,
0,
0,
0,
0,
0,
0,
0,
0,
0,
0,
0,
0,
0,
0,
0,
0,
12645,
33479,
46188,
46188,
43978,
12678,
0,
0,
0,
0,
0,
0,
0,
0,
0,
0,
0,
0,
0,
0,
0,
0,
0,
0,
0,
0,
0,
0,
0,
0,
0,
0,
10597,
43978,
10597,
10597,
12678,
0,
0,
0,
0,
0,
0,
0,
0,
0,
0,
0,
0,
0,
0,
0,
0,
0,
0,
0,
0,
0,
0,
0,
0,
0,
0,
0,
12678,
12711,
0,
0,
0,
0,
0,
0,
0,
0,
0,
0,
0,
0,
0,
0,
0,
0,
0,
0,
0,
0,
0,
0,
0,
0,
0,
0,
