2020
0,
0,
0,
0,
0,
0,
0,
0,
0,
0,
0,
0,
0,
0,
0,
0,
0,
0,
0,
0,
0,
0,
0,
0,
0,
0,
0,
0,
0,
0,
0,
0,
0,
0,
0,
0,
0,
0,
0,
0,
0,
0,
0,
0,
0,
0,
0,
0,
0,
0,
14791,
14856,
0,
0,
0,
0,
0,
0,
0,
0,
0,
0,
0,
0,
0,
0,
0,
0,
0,
0,
0,
0,
0,
0,
0,
0,
0,
0,
0,
0,
0,
12711,
19184,
21460,
14791,
0,
0,
0,
0,
0,
0,
0,
0,
0,
0,
0,
0,
0,
0,
0,
0,
0,
0,
0,
0,
0,
0,
0,
0,
0,
0,
0,
0,
12710,
21428,
21428,
14791,
0,
0,
0,
0,
0,
0,
0,
0,
0,
0,
0,
0,
0,
0,
0,
0,
0,
0,
0,
0,
0,
0,
14791,
14856,
0,
0,
0,
14791,
19216,
21493,
14856,
0,
0,
0,
0,
0,
0,
0,
0,
0,
0,
0,
0,
0,
0,
0,
0,
0,
0,
0,
0,
0,
0,
14791,
19119,
21428,
14791,
14791,
0,
14791,
19347,
21460,
14824,
0,
14791,
14824,
0,
0,
0,
0,
0,
0,
0,
0,
0,
0,
0,
0,
0,
0,
0,
0,
0,
0,
0,
14791,
21162,
19151,
21461,
19315,
14791,
14791,
19314,
14823,
0,
12711,
29882,
21460,
14791,
0,
0,
0,
0,
0,
0,
0,
0,
0,
0,
0,
0,
0,
0,
0,
0,
0,
14791,
25356,
21461,
25356,
21493,
21461,
21493,
19216,
21461,
14856,
0,
14823,
29915,
29915,
14856,
0,
0,
0,
0,
0,
0,
0,
0,
0,
0,
0,
0,
0,
0,
0,
0,
0,
14791,
25356,
21395,
23275,
21461,
19347,
19184,
25356,
27736,
21460,
14791,
27736,
29883,
29882,
14791,
0,
0,
0,
0,
0,
0,
0,
0,
0,
0,
0,
0,
0,
0,
0,
0,
0,
14759,
19216,
21162,
19151,
21461,
19118,
23275,
21461,
27736,
27801,
27834,
27736,
29882,
14824,
0,
0,
0,
0,
0,
0,
0,
0,
0,
0,
0,
0,
0,
0,
0,
0,
0,
0,
0,
14791,
19216,
21493,
21493,
19216,
29915,
29915,
29915,
23541,
29915,
29915,
25356,
14856,
0,
0,
0,
0,
0,
0,
0,
0,
0,
0,
0,
0,
0,
0,
0,
0,
0,
0,
0,
14791,
19315,
21396,
21461,
27736,
27802,
29882,
19315,
23275,
21460,
23211,
63295,
14824,
0,
0,
0,
0,
0,
0,
0,
0,
0,
0,
0,
0,
0,
0,
0,
0,
0,
0,
0,
14791,
19315,
21395,
21461,
27736,
27801,
29882,
21162,
27801,
23275,
27736,
63295,
48508,
14791,
0,
0,
0,
0,
0,
0,
0,
0,
0,
0,
0,
0,
0,
0,
0,
0,
0,
0,
0,
14791,
23541,
29915,
29915,
29915,
29915,
25356,
29915,
25356,
29915,
29915,
50589,
14856,
0,
0,
0,
0,
0,
0,
0,
0,
0,
0,
0,
0,
0,
0,
0,
0,
0,
0,
0,
0,
14791,
29882,
27736,
27802,
29882,
19315,
23275,
21460,
27736,
29882,
48508,
14791,
0,
0,
0,
0,
0,
0,
0,
0,
0,
0,
0,
0,
0,
0,
0,
0,
0,
0,
0,
0,
14791,
29883,
27736,
29882,
29883,
27736,
21460,
29882,
27736,
21461,
14824,
0,
0,
0,
0,
0,
0,
0,
0,
0,
0,
0,
0,
0,
0,
0,
0,
0,
0,
0,
0,
0,
14823,
29915,
29915,
29915,
29915,
29915,
29915,
29915,
29915,
29915,
14856,
0,
0,
0,
0,
0,
0,
0,
0,
0,
0,
0,
0,
0,
0,
0,
0,
0,
0,
0,
0,
0,
14791,
29882,
27736,
27802,
29882,
27736,
27802,
29882,
27736,
29882,
21460,
14791,
0,
0,
0,
0,
0,
0,
0,
0,
0,
0,
0,
0,
0,
0,
0,
0,
0,
0,
0,
0,
14791,
29883,
27736,
29882,
29883,
27736,
29882,
29882,
27736,
29882,
29882,
14791,
0,
0,
0,
0,
0,
0,
0,
0,
0,
0,
0,
0,
0,
0,
0,
0,
0,
0,
0,
0,
14791,
23541,
29915,
29915,
23541,
29915,
29915,
29915,
29915,
29915,
29915,
14856,
0,
0,
0,
0,
0,
0,
0,
0,
0,
0,
0,
0,
0,
0,
0,
0,
0,
0,
14791,
12711,
46683,
50876,
19347,
27801,
19184,
25656,
27801,
27801,
25656,
21461,
27801,
19314,
14824,
0,
0,
0,
0,
0,
0,
0,
0,
0,
0,
0,
0,
0,
0,
0,
0,
14791,
50909,
46650,
48763,
14791,
19119,
29882,
19216,
27736,
29882,
29882,
19347,
23308,
21461,
27736,
14824,
0,
0,
0,
0,
0,
0,
0,
0,
0,
0,
0,
0,
0,
0,
0,
14823,
50909,
61375,
50876,
14856,
0,
14791,
14823,
29915,
19184,
29915,
29915,
23276,
29915,
25356,
29882,
14856,
0,
0,
0,
0,
0,
0,
0,
0,
0,
0,
0,
0,
0,
0,
0,
14759,
57182,
59295,
14791,
0,
0,
0,
0,
14791,
12711,
27801,
27801,
21162,
29882,
23275,
27703,
14824,
0,
0,
0,
0,
0,
0,
0,
0,
0,
0,
0,
0,
0,
0,
0,
14791,
57215,
59327,
14791,
0,
0,
0,
0,
0,
0,
14791,
29882,
19347,
23308,
21461,
27768,
14824,
0,
0,
0,
0,
0,
0,
0,
0,
0,
0,
0,
0,
0,
0,
0,
14823,
61375,
50909,
14824,
0,
0,
0,
0,
0,
0,
14823,
29915,
29882,
23541,
29915,
29882,
14856,
0,
0,
0,
0,
0,
0,
0,
0,
0,
0,
0,
0,
0,
0,
14824,
55102,
55102,
14856,
0,
0,
0,
0,
0,
0,
0,
14791,
27801,
25656,
29882,
27801,
27703,
14824,
0,
0,
0,
0,
0,
0,
0,
0,
0,
0,
0,
0,
0,
14791,
61375,
57214,
14824,
0,
0,
0,
0,
0,
0,
0,
0,
0,
14791,
27769,
29915,
29882,
14791,
0,
0,
0,
0,
0,
0,
0,
0,
0,
0,
0,
0,
0,
0,
14791,
14791,
14824,
0,
0,
0,
0,
0,
0,
0,
0,
0,
0,
0,
14791,
29915,
29915,
14824,
0,
0,
0,
0,
0,
0,
0,
0,
0,
0,
0,
0,
0,
0,
0,
0,
0,
0,
0,
0,
0,
0,
0,
0,
0,
0,
0,
0,
12711,
27801,
21428,
14791,
0,
0,
0,
0,
0,
0,
0,
0,
0,
0,
0,
0,
0,
0,
0,
0,
0,
0,
0,
0,
0,
0,
0,
0,
0,
0,
0,
0,
0,
14791,
14824,
0,
0,
0,
0,
0,
0,
0,
0,
0,
0,
0,
0,
0,
0,
0,
0,
0,
0,
0,
0,
0,
0,
0,
0,
0,
0,
0,
0,
0,
0,
0,
0,
0,
0,
0,
0,
0,
0,
0,
0,
0,
