2020
0,
0,
0,
0,
0,
0,
0,
0,
0,
0,
0,
0,
0,
0,
0,
0,
0,
0,
0,
0,
0,
0,
0,
0,
0,
0,
0,
0,
0,
0,
0,
0,
0,
0,
0,
0,
0,
0,
0,
0,
0,
0,
0,
0,
0,
0,
0,
0,
0,
0,
0,
0,
0,
0,
0,
0,
0,
0,
0,
0,
0,
0,
0,
0,
0,
0,
0,
0,
0,
0,
0,
0,
0,
0,
0,
0,
0,
0,
0,
0,
0,
0,
0,
0,
0,
0,
0,
0,
0,
0,
0,
0,
0,
0,
0,
0,
0,
0,
0,
0,
0,
0,
0,
0,
0,
0,
0,
0,
0,
0,
0,
14823,
0,
0,
0,
0,
0,
0,
0,
0,
0,
0,
0,
0,
0,
0,
0,
0,
0,
0,
0,
0,
0,
0,
0,
0,
0,
0,
0,
0,
0,
0,
12710,
48631,
14759,
0,
12678,
12710,
12711,
0,
0,
0,
0,
0,
0,
0,
0,
0,
0,
0,
0,
0,
0,
0,
0,
0,
0,
0,
0,
0,
0,
0,
0,
14759,
12710,
48663,
14759,
12710,
65535,
65535,
27469,
14791,
0,
0,
0,
0,
0,
0,
0,
0,
0,
0,
0,
0,
0,
0,
0,
0,
0,
0,
0,
0,
14759,
14759,
14791,
38034,
23275,
52857,
52857,
23243,
23243,
29614,
29614,
35953,
14823,
0,
0,
0,
0,
0,
0,
0,
0,
0,
0,
0,
0,
0,
0,
0,
0,
14759,
12678,
12678,
38034,
33808,
33808,
23243,
21130,
35921,
52825,
21130,
52619,
65535,
63422,
29582,
35953,
12711,
0,
0,
0,
0,
0,
0,
0,
0,
0,
0,
0,
0,
0,
0,
12678,
38034,
33840,
33840,
23243,
21130,
21162,
65391,
21130,
21162,
23243,
21130,
12710,
23243,
27469,
29582,
35953,
12711,
0,
0,
0,
0,
0,
0,
0,
0,
0,
0,
0,
0,
0,
14759,
23243,
38034,
35953,
23275,
65391,
23243,
23275,
65391,
23243,
23243,
38034,
35953,
38034,
29614,
23243,
23243,
35953,
14823,
0,
0,
0,
0,
0,
0,
0,
0,
0,
0,
0,
0,
0,
12710,
63422,
23243,
33808,
21162,
65391,
21130,
21130,
23243,
33808,
33840,
35953,
33808,
33840,
35953,
33808,
35921,
23243,
31727,
14791,
0,
0,
0,
0,
0,
0,
0,
0,
0,
0,
0,
14791,
65535,
65503,
52857,
33840,
33840,
23243,
21130,
21162,
35953,
33840,
35921,
29614,
27469,
27501,
29614,
27469,
23243,
29614,
27469,
14791,
0,
0,
0,
0,
0,
0,
0,
0,
0,
0,
0,
14791,
23275,
65535,
23243,
35953,
35953,
38034,
35953,
35953,
38034,
29614,
29614,
29614,
23275,
65535,
23243,
23275,
65535,
65535,
29582,
14823,
0,
0,
0,
0,
0,
0,
0,
0,
0,
0,
0,
0,
12678,
12678,
35953,
33808,
33808,
35953,
33808,
33808,
29614,
27469,
21130,
23275,
63422,
65503,
23243,
48427,
21162,
29614,
31727,
21162,
14791,
0,
0,
0,
0,
0,
0,
0,
0,
0,
0,
0,
0,
0,
14791,
35921,
35921,
38034,
35921,
21162,
23243,
23242,
65359,
23243,
48663,
65535,
23243,
14758,
65391,
29614,
27501,
35953,
14791,
0,
0,
0,
0,
0,
0,
0,
0,
0,
0,
0,
0,
0,
14791,
35953,
35953,
38034,
23275,
65391,
23243,
23275,
65391,
23243,
23275,
65535,
38034,
65391,
23275,
65535,
65535,
29614,
14823,
0,
0,
0,
0,
0,
0,
0,
0,
0,
0,
0,
0,
0,
0,
12678,
33808,
35953,
21130,
61102,
23243,
33808,
21130,
23243,
21130,
65503,
50776,
21130,
35921,
29582,
27437,
27501,
14791,
0,
0,
0,
0,
0,
0,
0,
0,
0,
0,
0,
0,
0,
14759,
21162,
35921,
38034,
35921,
21162,
23243,
35921,
35921,
38034,
21162,
50776,
65535,
21162,
35953,
35953,
21162,
14791,
0,
0,
0,
0,
0,
0,
0,
0,
0,
0,
0,
0,
0,
0,
14791,
65535,
23243,
38034,
35953,
35953,
38034,
35953,
29614,
23243,
23243,
23275,
65535,
23243,
23243,
23243,
35953,
29614,
14823,
0,
0,
0,
0,
0,
0,
0,
0,
0,
0,
0,
0,
12710,
65535,
63454,
46550,
35953,
33808,
33808,
23243,
21130,
21162,
54732,
48426,
21162,
65535,
21130,
35921,
29582,
27469,
48663,
48663,
12711,
0,
0,
0,
0,
0,
0,
0,
0,
0,
0,
0,
12710,
23275,
65535,
21162,
38034,
35921,
21162,
23243,
27501,
29582,
54764,
50539,
65327,
23243,
33840,
35953,
35953,
27501,
29582,
29582,
12743,
0,
0,
0,
0,
0,
0,
0,
0,
0,
0,
0,
0,
14759,
14791,
35953,
35953,
14759,
35953,
23243,
29582,
29582,
31662,
65359,
65391,
65391,
21162,
23243,
29614,
29582,
29614,
52825,
14791,
0,
0,
0,
0,
0,
0,
0,
0,
0,
0,
0,
0,
0,
0,
12678,
14823,
0,
12678,
52825,
21130,
33840,
65391,
61101,
63182,
23243,
31727,
35921,
35953,
27437,
12678,
14791,
0,
0,
0,
0,
0,
0,
0,
0,
0,
0,
0,
0,
0,
0,
0,
0,
0,
0,
12710,
23243,
21162,
35921,
38034,
63214,
65327,
23243,
21162,
23243,
23243,
12743,
0,
0,
0,
0,
0,
0,
0,
0,
0,
0,
0,
0,
0,
0,
0,
0,
0,
0,
0,
0,
0,
14791,
50744,
23275,
65423,
65359,
65391,
54764,
52619,
23243,
52857,
50712,
14823,
0,
0,
0,
0,
0,
0,
0,
0,
0,
0,
0,
0,
0,
0,
0,
0,
0,
0,
0,
0,
0,
12678,
12678,
14791,
61101,
63182,
23243,
27437,
27501,
23243,
21130,
14791,
0,
0,
0,
0,
0,
0,
0,
0,
0,
0,
0,
0,
0,
0,
0,
0,
0,
0,
0,
0,
0,
0,
0,
0,
12710,
23243,
35953,
29582,
29614,
52825,
14791,
0,
0,
0,
0,
0,
0,
0,
0,
0,
0,
0,
0,
0,
0,
0,
0,
0,
0,
0,
0,
0,
0,
0,
0,
14791,
35921,
35953,
29614,
12710,
14759,
14823,
0,
0,
0,
0,
0,
0,
0,
0,
0,
0,
0,
0,
0,
0,
0,
0,
0,
0,
0,
0,
0,
0,
0,
0,
0,
0,
12678,
12678,
14791,
0,
0,
0,
0,
0,
0,
0,
0,
0,
0,
0,
0,
0,
0,
0,
0,
0,
0,
0,
0,
0,
0,
0,
0,
0,
0,
0,
0,
0,
0,
0,
0,
0,
0,
0,
0,
0,
0,
0,
0,
0,
0,
0,
0,
0,
0,
0,
0,
0,
0,
0,
0,
0,
0,
0,
0,
0,
0,
0,
0,
0,
0,
0,
0,
0,
0,
0,
0,
0,
0,
0,
0,
0,
0,
0,
0,
0,
0,
0,
0,
0,
0,
0,
0,
0,
0,
0,
0,
0,
0,
0,
0,
0,
0,
0,
0,
0,
0,
0,
0,
0,
0,
0,
0,
0,
0,
0,
0,
