2020
0,
0,
0,
0,
0,
0,
0,
0,
0,
0,
0,
0,
0,
0,
0,
0,
0,
0,
0,
0,
0,
0,
0,
0,
0,
0,
0,
0,
0,
0,
0,
0,
0,
0,
0,
0,
0,
0,
0,
0,
0,
0,
0,
0,
0,
0,
0,
0,
0,
0,
0,
0,
0,
0,
0,
0,
0,
0,
0,
0,
0,
0,
0,
0,
0,
0,
0,
0,
0,
0,
0,
0,
0,
0,
0,
0,
0,
0,
0,
0,
0,
0,
0,
0,
0,
0,
0,
0,
0,
0,
0,
0,
0,
0,
0,
0,
0,
0,
0,
0,
0,
0,
0,
0,
0,
0,
0,
0,
0,
0,
0,
0,
0,
0,
0,
0,
0,
0,
0,
0,
0,
0,
0,
0,
0,
0,
0,
0,
0,
0,
0,
0,
0,
0,
0,
0,
0,
0,
0,
0,
0,
0,
0,
0,
0,
0,
0,
0,
0,
0,
0,
0,
0,
0,
0,
0,
0,
0,
0,
0,
0,
0,
0,
0,
0,
0,
0,
0,
0,
0,
0,
0,
0,
12678,
12678,
12711,
0,
0,
0,
0,
0,
0,
0,
0,
0,
0,
0,
0,
0,
0,
0,
0,
0,
0,
0,
0,
0,
0,
0,
0,
0,
0,
0,
0,
10629,
25995,
28204,
21578,
10597,
12678,
12678,
0,
0,
0,
0,
0,
0,
0,
0,
0,
0,
0,
0,
0,
0,
0,
0,
0,
0,
0,
0,
0,
0,
0,
12646,
12710,
26091,
26059,
23755,
19049,
19049,
21162,
52720,
12678,
12678,
12678,
0,
0,
0,
0,
0,
0,
0,
0,
0,
0,
0,
0,
0,
0,
0,
0,
0,
0,
0,
12710,
65495,
65527,
21130,
21130,
33771,
65502,
54053,
48427,
33739,
48395,
21162,
54865,
12678,
0,
0,
0,
0,
0,
0,
0,
0,
0,
0,
0,
0,
0,
0,
0,
0,
0,
12710,
59196,
57076,
33771,
59189,
57108,
21162,
42122,
44202,
48427,
42122,
31626,
65503,
35817,
19049,
12711,
0,
0,
0,
0,
0,
0,
0,
0,
0,
0,
0,
0,
0,
0,
0,
12678,
33771,
61341,
31659,
65535,
63389,
61334,
65527,
21129,
46314,
48427,
46282,
37962,
65527,
61276,
37962,
48395,
12678,
0,
0,
0,
0,
0,
0,
0,
0,
0,
0,
0,
0,
0,
12710,
63414,
48427,
63414,
46347,
65535,
63454,
63446,
65527,
21130,
46347,
48427,
46347,
48395,
33771,
63382,
40010,
48427,
12710,
0,
0,
0,
0,
0,
0,
0,
0,
0,
0,
0,
0,
12710,
59221,
57108,
65495,
50639,
57108,
56945,
59196,
59157,
56913,
29546,
44202,
65502,
47812,
44202,
33771,
50607,
35849,
46347,
12678,
0,
0,
0,
0,
0,
0,
0,
0,
0,
0,
0,
0,
12710,
63414,
61301,
65527,
63382,
61301,
65527,
63382,
54800,
33771,
46282,
46314,
48427,
46282,
37930,
33771,
52720,
37930,
48427,
44234,
12711,
0,
0,
0,
0,
0,
0,
0,
0,
0,
0,
0,
12710,
56913,
63414,
65527,
63446,
63414,
65527,
63447,
63454,
65527,
21130,
46347,
21130,
21130,
33739,
56945,
37930,
48395,
48427,
46314,
48395,
12711,
0,
0,
0,
0,
0,
0,
0,
0,
0,
0,
0,
12678,
50607,
65495,
59189,
57108,
65527,
59189,
59157,
65535,
57108,
19049,
23787,
25963,
19049,
33739,
42122,
31626,
33739,
42122,
44234,
12711,
0,
0,
0,
0,
0,
0,
0,
0,
0,
0,
12710,
65495,
63414,
65527,
63446,
63414,
65527,
63446,
54833,
65527,
54832,
21130,
21130,
23723,
28172,
21162,
46314,
21162,
56913,
19049,
12711,
0,
0,
0,
0,
0,
0,
0,
0,
0,
0,
0,
0,
12678,
46347,
56945,
63446,
63414,
65527,
63446,
63414,
33739,
21130,
23755,
28204,
28140,
28172,
21130,
21130,
56913,
56945,
46314,
12711,
0,
0,
0,
0,
0,
0,
0,
0,
0,
0,
0,
0,
12678,
57108,
65495,
59189,
57108,
65527,
59189,
59157,
65535,
19017,
25995,
28172,
25963,
19049,
56913,
50607,
52687,
54865,
50575,
12710,
0,
0,
0,
0,
0,
0,
0,
0,
0,
0,
0,
0,
12710,
63414,
65535,
63446,
63414,
65527,
54865,
63422,
65527,
46315,
21130,
21130,
21130,
56913,
56945,
54832,
48395,
56945,
54800,
12711,
0,
0,
0,
0,
0,
0,
0,
0,
0,
0,
0,
0,
0,
12678,
65535,
63390,
61309,
65527,
63382,
46314,
48427,
52752,
63382,
65527,
61302,
54833,
56945,
52720,
33739,
56913,
12678,
0,
0,
0,
0,
0,
0,
0,
0,
0,
0,
0,
0,
0,
0,
12678,
65495,
59196,
57115,
65527,
59189,
59157,
65527,
57108,
59157,
65527,
57115,
59189,
56913,
50607,
29546,
12711,
0,
0,
0,
0,
0,
0,
0,
0,
0,
0,
0,
0,
0,
0,
0,
0,
12710,
63446,
63414,
65527,
63446,
63414,
56945,
63414,
63414,
65527,
63422,
65495,
56945,
46314,
56913,
12711,
0,
0,
0,
0,
0,
0,
0,
0,
0,
0,
0,
0,
0,
0,
0,
0,
0,
12678,
12678,
65527,
63382,
61334,
48427,
61302,
54832,
65535,
61309,
63414,
56913,
12646,
12710,
0,
0,
0,
0,
0,
0,
0,
0,
0,
0,
0,
0,
0,
0,
0,
0,
0,
0,
0,
0,
12678,
10597,
10597,
12710,
57076,
12678,
65535,
57108,
50639,
12711,
0,
0,
0,
0,
0,
0,
0,
0,
0,
0,
0,
0,
0,
0,
0,
0,
0,
0,
0,
0,
0,
0,
0,
0,
0,
0,
12678,
0,
12678,
12678,
12711,
0,
0,
0,
0,
0,
0,
0,
0,
0,
0,
0,
0,
0,
0,
0,
0,
0,
0,
0,
0,
0,
0,
0,
0,
0,
0,
0,
0,
0,
0,
0,
0,
0,
0,
0,
0,
0,
0,
0,
0,
0,
0,
0,
0,
0,
0,
0,
0,
0,
0,
0,
0,
0,
0,
0,
0,
0,
0,
0,
0,
0,
0,
0,
0,
0,
0,
0,
0,
0,
0,
0,
0,
0,
0,
0,
0,
0,
0,
0,
0,
0,
0,
0,
0,
0,
0,
0,
0,
0,
0,
0,
0,
0,
0,
0,
0,
0,
0,
0,
0,
0,
0,
0,
0,
0,
0,
0,
0,
0,
0,
0,
0,
0,
0,
0,
0,
0,
0,
0,
0,
0,
0,
0,
0,
0,
0,
0,
0,
0,
0,
0,
0,
0,
0,
0,
0,
0,
0,
0,
0,
0,
0,
0,
0,
0,
0,
0,
0,
0,
0,
0,
0,
0,
0,
0,
0,
0,
0,
0,
0,
0,
0,
0,
0,
0,
0,
0,
0,
0,
0,
0,
0,
0,
0,
0,
0,
0,
0,
0,
0,
0,
0,
0,
0,
0,
0,
0,
0,
0,
0,
0,
0,
0,
0,
0,
0,
0,
0,
0,
0,
0,
0,
0,
0,
