2020
0,
0,
0,
0,
0,
0,
0,
0,
0,
0,
0,
0,
0,
0,
0,
0,
0,
0,
0,
0,
0,
0,
0,
0,
0,
0,
0,
0,
0,
0,
0,
0,
0,
0,
0,
0,
0,
0,
0,
0,
0,
0,
0,
0,
0,
0,
0,
0,
0,
0,
0,
0,
0,
0,
0,
0,
0,
0,
0,
0,
0,
0,
0,
0,
0,
0,
0,
0,
0,
0,
0,
0,
0,
0,
0,
0,
0,
0,
0,
0,
12678,
12710,
14791,
12743,
0,
0,
0,
0,
0,
0,
0,
0,
0,
0,
0,
0,
0,
0,
0,
0,
0,
0,
0,
0,
0,
0,
0,
0,
0,
0,
14791,
14791,
42303,
33820,
42335,
33820,
14824,
0,
0,
0,
0,
0,
0,
0,
0,
0,
0,
0,
0,
0,
0,
0,
0,
0,
0,
0,
0,
0,
0,
0,
0,
12711,
40190,
42303,
40157,
40190,
42303,
38109,
40190,
14824,
0,
0,
0,
0,
0,
0,
0,
0,
0,
0,
0,
0,
0,
0,
0,
0,
0,
0,
0,
0,
0,
0,
14791,
12710,
21162,
23276,
29626,
40157,
42303,
38076,
40157,
14823,
0,
0,
0,
12743,
0,
0,
0,
0,
0,
0,
0,
0,
0,
0,
0,
0,
0,
0,
0,
0,
0,
14791,
64599,
64631,
42335,
52767,
23275,
14791,
14791,
33820,
42303,
14824,
0,
0,
14823,
65535,
14824,
0,
0,
0,
0,
0,
0,
0,
0,
0,
0,
0,
0,
0,
0,
14791,
14791,
54975,
59231,
48543,
48575,
50719,
14791,
0,
0,
12678,
14791,
0,
0,
14791,
33820,
29625,
14823,
0,
0,
0,
0,
0,
0,
0,
0,
0,
0,
0,
0,
0,
12710,
58827,
31706,
54943,
52767,
46462,
40157,
52767,
21162,
14791,
0,
0,
0,
0,
12678,
14791,
23275,
29593,
14791,
0,
0,
0,
0,
0,
0,
0,
0,
0,
0,
0,
14791,
14791,
23276,
33820,
59199,
52767,
52767,
52767,
52767,
23275,
25324,
42303,
14791,
14791,
14791,
14791,
33820,
33820,
33820,
23275,
14824,
0,
0,
0,
0,
0,
0,
0,
0,
0,
0,
14758,
65453,
48542,
21162,
52767,
48542,
48542,
33820,
38109,
48542,
23275,
21162,
21162,
42303,
38076,
40190,
42303,
29625,
65535,
42302,
12743,
0,
0,
0,
0,
0,
0,
0,
0,
0,
0,
0,
12710,
23275,
21162,
46462,
52767,
48542,
31674,
52767,
46462,
60405,
33820,
21162,
21162,
25323,
41514,
43562,
45675,
52016,
45643,
42303,
29593,
14791,
0,
0,
0,
0,
0,
0,
0,
0,
0,
14791,
25323,
58826,
65453,
52767,
52767,
52767,
52767,
52767,
64598,
14791,
44383,
65535,
25323,
47723,
47723,
47723,
58258,
64599,
64599,
58258,
42303,
14824,
0,
0,
0,
0,
0,
0,
0,
0,
14791,
56714,
63244,
65535,
63276,
46462,
52767,
48542,
48542,
42335,
58356,
60437,
52767,
21162,
23210,
47723,
41514,
43563,
64598,
58324,
56177,
45676,
38076,
14823,
0,
0,
0,
0,
0,
0,
0,
0,
14823,
65420,
65535,
65452,
65356,
63275,
52767,
40190,
48543,
42335,
29626,
31706,
52767,
48542,
23211,
47723,
43562,
45643,
64598,
60405,
58258,
65535,
38076,
14823,
0,
0,
0,
0,
0,
0,
0,
0,
14823,
65484,
65452,
65484,
65452,
58827,
33820,
52767,
52767,
52767,
52767,
52767,
52767,
52767,
52767,
23275,
47723,
47724,
64599,
64599,
64599,
58258,
42303,
14824,
0,
0,
0,
0,
0,
0,
0,
0,
0,
14790,
63243,
65452,
54601,
21162,
52767,
48542,
48542,
23275,
46462,
48542,
52767,
48542,
65356,
65452,
21162,
21162,
23275,
52016,
56178,
42302,
12743,
0,
0,
0,
0,
0,
0,
0,
0,
0,
0,
0,
12710,
23275,
23243,
63276,
52767,
48575,
31706,
25324,
48542,
48543,
33820,
48542,
65388,
58826,
21162,
31707,
33820,
21162,
23243,
33820,
12678,
12710,
14823,
0,
0,
0,
0,
0,
0,
0,
0,
0,
0,
14823,
65452,
65452,
65453,
33820,
23275,
52767,
59199,
42303,
33820,
23275,
23275,
23276,
33820,
33820,
25324,
42303,
42303,
23275,
23275,
33852,
65535,
14824,
0,
0,
0,
0,
0,
0,
0,
0,
0,
14791,
63243,
63211,
58794,
12678,
12711,
59231,
63211,
52553,
23275,
29625,
31706,
33820,
29625,
31706,
42302,
38076,
40190,
42270,
21162,
48607,
31707,
12743,
0,
0,
0,
0,
0,
0,
0,
0,
0,
0,
12710,
12710,
14824,
0,
14790,
65485,
65535,
63275,
23276,
31706,
40190,
23276,
29626,
31707,
33820,
38077,
42270,
33820,
29626,
50687,
65535,
12743,
0,
0,
0,
0,
0,
0,
0,
0,
0,
0,
0,
0,
0,
0,
14823,
65452,
23275,
23275,
23275,
23276,
42303,
42303,
23275,
33820,
33820,
23275,
23276,
33820,
33820,
52767,
33820,
14823,
0,
0,
0,
0,
0,
0,
0,
0,
0,
0,
0,
0,
0,
0,
0,
14791,
21162,
21162,
42303,
21162,
40157,
52767,
29625,
21162,
23275,
46462,
48575,
14791,
12710,
31739,
65535,
12743,
0,
0,
0,
0,
0,
0,
0,
0,
0,
0,
0,
0,
0,
0,
14790,
65484,
63276,
40157,
42303,
29626,
23243,
52767,
46494,
50655,
52767,
46494,
50687,
14823,
0,
12710,
14823,
0,
0,
0,
0,
0,
0,
0,
0,
0,
0,
0,
0,
0,
0,
14823,
65452,
65484,
65453,
42303,
33820,
33820,
25324,
52767,
50687,
52767,
52767,
50687,
33820,
14824,
0,
0,
0,
0,
0,
0,
0,
0,
0,
0,
0,
0,
0,
0,
0,
0,
0,
12678,
63243,
65452,
52521,
52553,
33820,
21162,
48543,
52767,
29625,
48543,
33820,
46430,
14791,
0,
0,
0,
0,
0,
0,
0,
0,
0,
0,
0,
0,
0,
0,
0,
0,
0,
0,
14791,
65388,
58826,
56681,
56714,
58826,
12710,
12710,
14791,
12710,
12710,
14791,
14791,
0,
0,
0,
0,
0,
0,
0,
0,
0,
0,
0,
0,
0,
0,
0,
0,
0,
0,
0,
0,
14791,
58826,
58794,
58794,
14824,
0,
0,
0,
0,
0,
0,
0,
0,
0,
0,
0,
0,
0,
0,
0,
0,
0,
0,
0,
0,
0,
0,
0,
0,
0,
0,
0,
0,
14791,
12678,
12743,
0,
0,
0,
0,
0,
0,
0,
0,
0,
0,
0,
0,
0,
0,
0,
0,
0,
0,
0,
0,
0,
0,
0,
0,
0,
0,
0,
0,
0,
0,
0,
0,
0,
0,
0,
0,
0,
0,
0,
0,
0,
0,
0,
0,
0,
0,
0,
0,
0,
0,
0,
0,
0,
0,
0,
0,
0,
0,
0,
0,
0,
0,
0,
0,
0,
0,
0,
0,
0,
0,
0,
0,
0,
0,
0,
0,
0,
0,
0,
0,
0,
0,
0,
0,
0,
0,
0,
0,
0,
0,
0,
0,
0,
0,
0,
0,
0,
0,
0,
0,
0,
0,
0,
0,
0,
0,
0,
0,
0,
0,
0,
0,
0,
