2020
0,
0,
0,
0,
0,
0,
0,
0,
0,
0,
0,
0,
0,
0,
0,
0,
0,
0,
0,
0,
0,
0,
0,
0,
0,
0,
0,
0,
0,
0,
0,
0,
0,
0,
0,
0,
0,
14758,
14758,
14758,
0,
0,
14758,
0,
0,
14758,
0,
0,
0,
0,
0,
0,
0,
0,
0,
0,
0,
0,
0,
0,
0,
0,
0,
0,
0,
0,
0,
0,
0,
12678,
65503,
48598,
14758,
14758,
48598,
14758,
14758,
48598,
14758,
0,
0,
0,
0,
0,
0,
0,
0,
0,
0,
0,
0,
0,
0,
0,
0,
0,
0,
0,
0,
0,
0,
12678,
65535,
65535,
65503,
48598,
21162,
48598,
48598,
21162,
48598,
12710,
0,
0,
0,
0,
0,
0,
0,
0,
0,
0,
0,
0,
0,
0,
0,
0,
0,
0,
0,
0,
0,
12678,
65535,
65535,
65535,
21162,
65503,
37938,
47829,
21130,
48630,
12678,
0,
0,
0,
0,
0,
0,
0,
0,
0,
0,
0,
0,
0,
0,
0,
0,
0,
0,
0,
0,
0,
12678,
65535,
65535,
48630,
21130,
65535,
47829,
12678,
65503,
48630,
12678,
0,
0,
0,
0,
0,
0,
0,
0,
0,
0,
0,
0,
0,
0,
0,
0,
0,
0,
0,
0,
0,
12678,
48630,
65535,
21162,
65503,
65535,
12678,
62218,
48630,
37938,
12678,
0,
0,
0,
0,
0,
0,
0,
0,
0,
0,
0,
0,
0,
0,
0,
0,
0,
0,
0,
0,
0,
0,
12710,
65535,
21130,
65535,
48630,
12678,
12678,
48630,
12678,
0,
0,
0,
0,
0,
0,
0,
0,
0,
0,
0,
0,
0,
0,
0,
0,
0,
0,
0,
0,
0,
0,
0,
12678,
65535,
21130,
21162,
48630,
48598,
21130,
12710,
0,
0,
12710,
12710,
0,
14758,
14758,
14758,
0,
12710,
0,
0,
0,
0,
0,
0,
0,
0,
0,
0,
0,
0,
0,
0,
12678,
65535,
21130,
56924,
21162,
21162,
56924,
12678,
14758,
12710,
21130,
21130,
14758,
21130,
56924,
37906,
12710,
48598,
12710,
0,
0,
0,
0,
0,
0,
0,
0,
0,
0,
0,
0,
0,
12678,
65535,
65503,
21162,
56924,
56924,
56956,
12678,
21130,
21130,
21130,
21130,
12678,
56924,
56956,
56924,
21130,
48630,
12678,
0,
0,
0,
0,
0,
0,
0,
0,
0,
0,
0,
0,
0,
0,
12710,
65535,
21130,
56956,
56956,
56956,
48471,
12678,
21130,
21130,
12678,
56924,
56956,
56956,
56956,
37906,
21162,
12678,
0,
0,
0,
0,
0,
0,
0,
0,
0,
0,
0,
0,
0,
14758,
12678,
65535,
37906,
21162,
56956,
47829,
56956,
12678,
21130,
12678,
12678,
21162,
21162,
21162,
56956,
37938,
37906,
12678,
0,
0,
0,
0,
0,
0,
0,
0,
0,
0,
0,
0,
14758,
48471,
21130,
65535,
48598,
21130,
56956,
47829,
47829,
37906,
12678,
0,
12678,
47829,
56924,
56924,
21162,
37938,
47829,
12678,
0,
0,
0,
0,
0,
0,
0,
0,
0,
0,
0,
0,
12678,
48503,
21130,
48630,
48630,
21130,
47829,
56924,
47829,
37938,
21130,
12710,
21130,
21130,
47829,
47829,
47829,
21130,
47829,
12678,
0,
0,
0,
0,
0,
0,
0,
0,
0,
0,
0,
14758,
48471,
37938,
21130,
21162,
48630,
21130,
21130,
21162,
56924,
47829,
37906,
21130,
37906,
21130,
21130,
56924,
56924,
47829,
12678,
0,
0,
0,
0,
0,
0,
0,
0,
0,
0,
0,
0,
12678,
48503,
37938,
21130,
48598,
21162,
47829,
47829,
56924,
21162,
21130,
47829,
21130,
37938,
21130,
65503,
21162,
47829,
56924,
12678,
0,
0,
0,
0,
0,
0,
0,
0,
0,
0,
0,
14758,
48471,
37938,
21130,
48598,
21162,
56924,
47829,
56924,
52408,
47829,
47829,
21130,
37906,
21130,
47829,
21162,
65503,
21130,
47829,
12678,
0,
0,
0,
0,
0,
0,
0,
0,
0,
0,
0,
12678,
48503,
37938,
21130,
65535,
21130,
56956,
52376,
56956,
47829,
52376,
56924,
21130,
37938,
21130,
47829,
47829,
21162,
56924,
21130,
12678,
14758,
0,
14758,
0,
0,
0,
0,
0,
0,
0,
0,
0,
12678,
12678,
12678,
65535,
21130,
47829,
62218,
62250,
21130,
56956,
56956,
56924,
21130,
65503,
21130,
47829,
47829,
21162,
56924,
37906,
21130,
12710,
48598,
12710,
0,
0,
0,
0,
0,
0,
0,
0,
0,
0,
12678,
65535,
48598,
21130,
65503,
45706,
62218,
21162,
56956,
21162,
65503,
37938,
65503,
21130,
21130,
37906,
56956,
56924,
37906,
56924,
65535,
65503,
12710,
0,
0,
0,
0,
0,
0,
0,
0,
14758,
65503,
48630,
21162,
21130,
47861,
45706,
62218,
21130,
47829,
21130,
65535,
37938,
65535,
37906,
21130,
56924,
56956,
56956,
37938,
56956,
37938,
37938,
12678,
0,
0,
0,
0,
0,
0,
0,
0,
12678,
21162,
21162,
37906,
48471,
21130,
21130,
56924,
47829,
21130,
56924,
37938,
56924,
37938,
21130,
56924,
56956,
56956,
37938,
37938,
56956,
65535,
65535,
12678,
0,
0,
0,
0,
0,
0,
0,
0,
12678,
56924,
56924,
37938,
48503,
37906,
48471,
21162,
12678,
12678,
65535,
37938,
65535,
37938,
21130,
21162,
56956,
37938,
12678,
37938,
37938,
47861,
12710,
0,
0,
0,
0,
0,
0,
0,
0,
0,
12678,
56956,
56956,
37938,
56956,
37938,
48503,
12678,
0,
0,
12710,
21130,
65535,
21130,
37906,
37906,
12710,
12678,
0,
12678,
47829,
21130,
12678,
0,
0,
0,
0,
0,
0,
0,
0,
0,
12678,
56956,
48503,
37938,
56956,
37938,
48503,
12678,
0,
0,
0,
12678,
37938,
21130,
37938,
37938,
12678,
0,
0,
0,
12678,
12678,
0,
0,
0,
0,
0,
0,
0,
0,
0,
14758,
56924,
56956,
37938,
56924,
56956,
37938,
12678,
0,
0,
0,
12710,
37906,
21130,
37906,
37938,
12678,
0,
0,
0,
0,
0,
0,
0,
0,
0,
0,
0,
0,
0,
0,
0,
12678,
56956,
56956,
37938,
56956,
56956,
12678,
0,
0,
0,
0,
12678,
56924,
47829,
37938,
37938,
12678,
0,
0,
0,
0,
0,
0,
0,
0,
0,
0,
0,
0,
0,
0,
0,
12678,
56956,
56956,
37938,
56956,
12710,
0,
0,
0,
0,
12710,
56924,
47829,
56924,
37938,
12678,
0,
0,
0,
0,
0,
0,
0,
0,
0,
0,
0,
0,
0,
0,
0,
0,
12678,
56956,
56956,
21130,
12710,
0,
0,
0,
0,
12710,
47829,
47829,
56924,
12710,
12678,
0,
0,
0,
0,
0,
0,
0,
0,
0,
0,
0,
0,
0,
0,
0,
0,
0,
12678,
12710,
12710,
0,
0,
0,
0,
0,
0,
0,
12678,
12678,
12710,
0,
0,
0,
0,
0,
0,
0,
0,
0,
0,
0,
0,
0,
0,
0,
0,
0,
0,
0,
0,
0,
0,
0,
0,
0,
0,
0,
0,
0,
0,
0,
0,
0,
0,
0,
0,
0,
0,
0,
0,
0,
0,
0,
0,
0,
0,
0,
