2020
0,
0,
0,
0,
0,
0,
0,
0,
0,
0,
0,
0,
0,
0,
0,
0,
0,
0,
0,
0,
0,
0,
0,
0,
0,
0,
0,
0,
0,
0,
0,
0,
0,
0,
0,
0,
0,
0,
0,
0,
0,
0,
0,
0,
0,
0,
0,
0,
0,
14823,
0,
0,
0,
0,
0,
0,
0,
0,
0,
0,
0,
0,
0,
0,
0,
0,
0,
0,
0,
0,
0,
0,
0,
0,
0,
0,
0,
0,
0,
0,
14759,
40276,
12711,
0,
0,
0,
0,
0,
0,
0,
0,
0,
0,
0,
0,
0,
0,
0,
0,
0,
0,
14759,
12711,
0,
0,
12678,
12743,
0,
0,
0,
0,
0,
14759,
31695,
12678,
14791,
0,
0,
0,
0,
0,
0,
0,
0,
0,
0,
0,
0,
0,
0,
0,
0,
14791,
59229,
57148,
14759,
14791,
57180,
57180,
14823,
0,
0,
0,
0,
14791,
42357,
57148,
31727,
14823,
0,
14759,
14823,
0,
0,
0,
0,
0,
0,
0,
0,
0,
0,
0,
0,
12710,
59229,
44438,
65503,
48696,
52890,
52954,
14823,
0,
0,
0,
12678,
40244,
31695,
12710,
55067,
55067,
12710,
57116,
14791,
0,
0,
0,
0,
0,
0,
0,
0,
0,
0,
0,
0,
0,
14791,
63454,
14759,
65535,
21162,
31695,
57148,
12678,
14791,
0,
12710,
31695,
14791,
0,
14791,
57148,
50841,
14791,
0,
0,
0,
0,
0,
0,
0,
0,
0,
0,
0,
0,
0,
14791,
42325,
31727,
31760,
23829,
23829,
23243,
33808,
57180,
57180,
14791,
31727,
14823,
0,
0,
0,
14791,
57148,
14823,
0,
0,
0,
0,
0,
0,
0,
0,
0,
0,
0,
0,
12710,
52922,
59229,
29582,
29614,
30493,
21651,
21162,
14791,
50842,
55002,
23243,
27501,
14791,
0,
0,
12710,
23243,
50842,
57116,
14791,
0,
0,
0,
0,
0,
0,
0,
0,
0,
0,
0,
12710,
52954,
59229,
38131,
29614,
31727,
21162,
31695,
33808,
38099,
40212,
23243,
12711,
0,
0,
12710,
40244,
57116,
21162,
57148,
14791,
0,
0,
0,
0,
0,
0,
0,
0,
0,
0,
0,
14791,
42325,
42357,
57180,
42357,
65535,
48696,
33808,
57180,
31727,
23243,
31727,
14823,
0,
0,
14791,
59229,
57180,
23275,
59229,
57180,
14823,
0,
0,
0,
0,
0,
0,
0,
0,
0,
0,
0,
12678,
14791,
38099,
52890,
48696,
59228,
52922,
57180,
50809,
21162,
31695,
12711,
0,
14759,
21130,
46551,
56141,
21130,
48664,
55035,
12711,
0,
0,
0,
0,
0,
0,
0,
0,
0,
0,
0,
0,
0,
12710,
52954,
57148,
21162,
23243,
57180,
52890,
21162,
14791,
0,
12710,
14791,
52890,
58221,
65535,
51980,
23275,
57116,
12711,
0,
0,
0,
0,
0,
0,
0,
0,
0,
0,
0,
0,
0,
12710,
23243,
23275,
57148,
57148,
23243,
23275,
57180,
57180,
14791,
48696,
23275,
57148,
60269,
64723,
58189,
23275,
59229,
57148,
14823,
0,
0,
0,
0,
0,
0,
0,
0,
0,
0,
0,
14759,
44438,
44438,
23275,
50842,
52922,
57180,
50841,
52922,
57148,
21130,
46551,
23243,
50809,
56141,
64658,
51980,
23243,
55035,
42357,
12710,
12743,
0,
0,
0,
0,
0,
0,
0,
0,
0,
12711,
48696,
46550,
12710,
14791,
23243,
57116,
57180,
15343,
15376,
17489,
52922,
23243,
23275,
38163,
57148,
58221,
52922,
23275,
57148,
21163,
57180,
57116,
12678,
0,
0,
0,
0,
0,
0,
0,
0,
14791,
31825,
48664,
14791,
23275,
42325,
57180,
17489,
30461,
23829,
17456,
17456,
57180,
57180,
23243,
57180,
59229,
57148,
23275,
48696,
48663,
14759,
14823,
0,
0,
0,
0,
0,
0,
0,
0,
0,
0,
14759,
44438,
21130,
57180,
50842,
52922,
17456,
21650,
21683,
23828,
15311,
55035,
57148,
21162,
55035,
40244,
50809,
57116,
23243,
50809,
14791,
0,
0,
0,
0,
0,
0,
0,
0,
0,
0,
12710,
23243,
46551,
21162,
59229,
55035,
55067,
17456,
15343,
23796,
17456,
15343,
40276,
42325,
21162,
23243,
29744,
52954,
42325,
23275,
52922,
14823,
0,
0,
0,
0,
0,
0,
0,
0,
0,
14791,
48696,
48696,
48696,
23243,
42325,
42325,
57180,
57180,
17456,
17456,
17489,
57148,
31727,
23243,
29744,
23243,
29744,
23243,
14759,
14791,
57148,
14823,
0,
0,
0,
0,
0,
0,
0,
0,
0,
12710,
44438,
48696,
42357,
27599,
23243,
21130,
38131,
57180,
50809,
52922,
57148,
50809,
55003,
23243,
27599,
46551,
21162,
12711,
0,
14759,
50809,
14791,
0,
0,
0,
0,
0,
0,
0,
0,
0,
14791,
46583,
48696,
46551,
46583,
31825,
46551,
23243,
59229,
55003,
40244,
42325,
55003,
57148,
23275,
44470,
29744,
29744,
12678,
14791,
48696,
52922,
14823,
0,
0,
0,
0,
0,
0,
0,
0,
0,
14791,
29744,
29744,
46615,
46616,
31825,
46583,
23243,
42325,
40244,
23243,
23275,
40244,
42325,
23275,
46551,
14759,
14823,
0,
14791,
57180,
46583,
14823,
0,
0,
0,
0,
0,
0,
0,
0,
0,
0,
12678,
14791,
27599,
44438,
48696,
27599,
44438,
23243,
21130,
44470,
46616,
21130,
23211,
48664,
42357,
14791,
0,
0,
14791,
55035,
12711,
0,
0,
0,
0,
0,
0,
0,
0,
0,
0,
0,
0,
0,
12710,
46583,
48696,
46551,
29712,
31825,
44470,
12710,
14791,
27631,
48664,
48696,
44470,
48663,
14791,
0,
14791,
57148,
12743,
0,
0,
0,
0,
0,
0,
0,
0,
0,
0,
0,
0,
14759,
46615,
48664,
48696,
46615,
48664,
48696,
29712,
12710,
14791,
46583,
48696,
48696,
46583,
29744,
14759,
14791,
48696,
57148,
14791,
0,
0,
0,
0,
0,
0,
0,
0,
0,
0,
0,
0,
14791,
27599,
44438,
48696,
27599,
27631,
48696,
42357,
44470,
48664,
42357,
21162,
29744,
27566,
14791,
0,
12710,
57115,
21162,
12711,
0,
0,
0,
0,
0,
0,
0,
0,
0,
0,
0,
0,
0,
12710,
29744,
29744,
12710,
14791,
48696,
46583,
48664,
48664,
12710,
14791,
23243,
21162,
23243,
14791,
46583,
31825,
57148,
29712,
14823,
0,
0,
0,
0,
0,
0,
0,
0,
0,
0,
0,
0,
0,
12710,
14823,
0,
14791,
29744,
29712,
29744,
29744,
14791,
0,
14791,
46583,
31760,
48696,
55035,
23243,
14791,
55035,
14823,
0,
0,
0,
0,
0,
0,
0,
0,
0,
0,
0,
0,
0,
0,
0,
0,
0,
14759,
12678,
12678,
14791,
0,
0,
0,
12710,
55035,
55035,
21130,
14791,
0,
12678,
14791,
0,
0,
0,
0,
0,
0,
0,
0,
0,
0,
0,
0,
0,
0,
0,
0,
0,
0,
0,
0,
0,
0,
0,
0,
0,
14759,
14759,
14791,
0,
0,
0,
0,
0,
0,
0,
0,
0,
0,
0,
0,
0,
0,
0,
0,
0,
0,
0,
0,
0,
0,
0,
0,
0,
0,
0,
0,
0,
0,
0,
0,
0,
0,
0,
0,
0,
0,
0,
0,
0,
0,
