2020
0,
0,
0,
0,
0,
0,
0,
0,
0,
0,
0,
0,
0,
0,
0,
0,
0,
0,
0,
0,
0,
0,
0,
0,
0,
0,
0,
0,
0,
0,
0,
0,
0,
0,
0,
0,
0,
0,
0,
0,
0,
0,
0,
0,
0,
0,
0,
0,
0,
0,
0,
0,
0,
0,
0,
0,
0,
0,
0,
0,
0,
0,
0,
0,
0,
0,
0,
0,
0,
0,
0,
0,
0,
0,
0,
0,
0,
12646,
12678,
10597,
12678,
12678,
10597,
12678,
0,
0,
0,
0,
0,
0,
0,
0,
0,
0,
0,
0,
0,
0,
0,
0,
0,
0,
0,
0,
0,
0,
0,
12678,
10598,
29268,
33430,
29268,
31348,
16904,
43365,
10597,
12710,
0,
0,
0,
0,
0,
0,
0,
0,
0,
0,
0,
0,
0,
0,
0,
0,
0,
0,
0,
0,
0,
12678,
33430,
33430,
33430,
33430,
16904,
16904,
16904,
16904,
49542,
12711,
0,
0,
0,
0,
0,
0,
0,
0,
0,
0,
0,
0,
0,
0,
0,
0,
0,
0,
0,
0,
12678,
31348,
33430,
31348,
14823,
16936,
19049,
19049,
21130,
19017,
12678,
0,
0,
0,
0,
0,
0,
0,
0,
0,
0,
0,
0,
0,
0,
0,
0,
0,
0,
0,
0,
0,
0,
10597,
12678,
10597,
19017,
21130,
19017,
19049,
21130,
10630,
0,
0,
0,
0,
0,
0,
0,
0,
0,
0,
0,
0,
0,
0,
0,
0,
0,
0,
0,
0,
0,
0,
0,
0,
0,
0,
12678,
21130,
16904,
16936,
21130,
12678,
0,
0,
0,
0,
0,
0,
0,
0,
0,
0,
0,
0,
0,
0,
0,
0,
0,
0,
0,
0,
0,
0,
0,
0,
0,
0,
0,
12678,
35173,
35206,
16904,
14823,
12678,
0,
0,
0,
0,
0,
0,
0,
0,
0,
0,
0,
0,
0,
0,
0,
0,
0,
0,
0,
0,
0,
0,
0,
0,
0,
12645,
37254,
33125,
45413,
49542,
19017,
19049,
12710,
0,
12678,
12710,
0,
0,
0,
0,
0,
0,
0,
0,
0,
0,
0,
0,
0,
0,
0,
0,
0,
0,
12678,
12678,
12678,
37254,
37254,
16904,
49542,
49542,
21130,
16936,
59196,
12678,
21130,
21130,
12711,
0,
0,
0,
0,
0,
0,
0,
0,
0,
0,
0,
0,
0,
0,
0,
12678,
12678,
17452,
19597,
14823,
14823,
16904,
45413,
45414,
24113,
19017,
19049,
16936,
40211,
16904,
21130,
10630,
0,
0,
0,
0,
0,
0,
0,
0,
0,
0,
0,
0,
0,
0,
10597,
21162,
17452,
19049,
24081,
19017,
19017,
16904,
45413,
45413,
12678,
19017,
19049,
16936,
52825,
16904,
12710,
0,
0,
0,
0,
0,
0,
0,
0,
0,
0,
0,
0,
0,
0,
0,
12710,
19597,
21162,
24081,
21130,
21130,
16904,
49542,
49574,
65191,
65159,
21130,
16936,
59196,
59196,
59196,
12711,
0,
0,
0,
0,
0,
0,
0,
0,
0,
0,
0,
0,
0,
12678,
12646,
19049,
19629,
17452,
19049,
21130,
19017,
16871,
49542,
14823,
19049,
21130,
19017,
16904,
59164,
52825,
16904,
25169,
10630,
0,
0,
0,
0,
0,
0,
0,
0,
0,
0,
0,
10597,
21130,
19049,
10597,
21130,
19049,
19049,
21162,
21903,
14823,
16936,
19049,
16904,
21130,
16872,
57051,
57115,
14823,
33429,
25169,
12678,
0,
0,
0,
0,
0,
0,
0,
0,
0,
0,
0,
12678,
12678,
12711,
0,
12678,
16936,
21162,
19629,
21130,
24081,
21130,
16904,
16904,
21130,
16904,
46486,
16936,
33430,
33430,
16904,
12711,
0,
12711,
0,
0,
0,
0,
0,
0,
0,
0,
0,
0,
0,
0,
0,
0,
10597,
17452,
16904,
14823,
21903,
21130,
14823,
42292,
16936,
40211,
16872,
21130,
14823,
16904,
21130,
19017,
12678,
35206,
12678,
0,
0,
0,
0,
0,
0,
0,
0,
0,
0,
0,
0,
12678,
19049,
17452,
21162,
21936,
19049,
16936,
42292,
44373,
46486,
42260,
16904,
21130,
19017,
21130,
16904,
14823,
21130,
16904,
12678,
0,
0,
0,
0,
0,
0,
0,
0,
0,
0,
0,
0,
12678,
21130,
19597,
24113,
21130,
21130,
12710,
46486,
33840,
46518,
46486,
16936,
21130,
21130,
21130,
16904,
49542,
16904,
37254,
12711,
0,
0,
0,
0,
0,
0,
0,
0,
0,
0,
0,
0,
12678,
19017,
19017,
21130,
19017,
10597,
0,
12646,
42292,
46486,
10597,
14823,
21130,
19017,
19049,
16904,
43365,
12646,
12710,
0,
0,
0,
0,
0,
0,
0,
0,
0,
0,
0,
0,
10597,
21130,
19049,
10597,
12678,
12678,
0,
0,
10597,
12646,
12711,
0,
12678,
21130,
14823,
16904,
33430,
12678,
0,
0,
0,
0,
0,
0,
0,
0,
0,
0,
0,
0,
0,
0,
12678,
21130,
12711,
0,
0,
0,
0,
0,
0,
0,
0,
12678,
16904,
16936,
33430,
33430,
33430,
12710,
0,
0,
0,
0,
0,
0,
0,
0,
0,
0,
0,
0,
0,
0,
10597,
12711,
0,
0,
0,
0,
0,
0,
0,
0,
0,
10598,
31348,
33430,
29267,
31349,
12710,
0,
0,
0,
0,
0,
0,
0,
0,
0,
0,
0,
0,
0,
0,
0,
0,
0,
0,
0,
0,
0,
0,
0,
0,
0,
12678,
29268,
31349,
33430,
29268,
31381,
12710,
0,
0,
0,
0,
0,
0,
0,
0,
0,
0,
0,
0,
0,
0,
0,
0,
0,
0,
0,
0,
0,
0,
0,
0,
0,
12678,
33430,
33430,
33430,
33429,
12711,
0,
0,
0,
0,
0,
0,
0,
0,
0,
0,
0,
0,
0,
0,
0,
0,
0,
0,
0,
0,
0,
0,
0,
0,
0,
12646,
33430,
29267,
31348,
33429,
10630,
0,
0,
0,
0,
0,
0,
0,
0,
0,
0,
0,
0,
0,
0,
0,
0,
0,
0,
0,
0,
0,
0,
0,
0,
0,
12678,
31381,
33430,
31348,
12678,
12711,
0,
0,
0,
0,
0,
0,
0,
0,
0,
0,
0,
0,
0,
0,
0,
0,
0,
0,
0,
0,
0,
0,
0,
0,
0,
12678,
33430,
33430,
12678,
12710,
0,
0,
0,
0,
0,
0,
0,
0,
0,
0,
0,
0,
0,
0,
0,
0,
0,
0,
0,
0,
0,
0,
0,
0,
0,
0,
0,
12678,
10597,
12678,
0,
0,
0,
0,
0,
0,
0,
0,
0,
0,
0,
0,
0,
0,
0,
0,
0,
0,
0,
0,
0,
0,
0,
0,
0,
0,
0,
0,
0,
0,
0,
0,
0,
0,
0,
0,
0,
0,
0,
0,
0,
0,
0,
0,
0,
0,
0,
0,
0,
0,
0,
0,
0,
0,
0,
0,
0,
0,
0,
0,
0,
0,
0,
0,
0,
0,
0,
0,
0,
0,
0,
0,
0,
0,
0,
0,
0,
0,
0,
