2020
0,
0,
0,
0,
0,
0,
0,
0,
0,
0,
0,
0,
0,
0,
0,
0,
0,
0,
0,
0,
0,
0,
0,
0,
0,
0,
0,
0,
0,
0,
0,
0,
0,
0,
0,
0,
0,
0,
0,
0,
0,
0,
0,
0,
0,
0,
0,
0,
0,
0,
0,
0,
0,
0,
0,
0,
0,
0,
0,
0,
0,
0,
0,
0,
0,
0,
0,
0,
0,
0,
0,
0,
0,
0,
0,
0,
0,
0,
0,
0,
0,
0,
0,
0,
0,
0,
0,
0,
0,
0,
0,
0,
0,
0,
0,
0,
0,
0,
0,
0,
0,
0,
0,
0,
0,
0,
0,
0,
0,
0,
0,
0,
12711,
0,
0,
0,
0,
0,
0,
0,
0,
0,
0,
0,
0,
0,
0,
0,
0,
0,
0,
0,
0,
0,
0,
0,
0,
0,
0,
0,
0,
0,
0,
14759,
32511,
14823,
0,
0,
0,
0,
0,
0,
0,
0,
0,
0,
0,
0,
0,
0,
0,
0,
0,
0,
0,
0,
0,
0,
0,
0,
0,
0,
0,
0,
0,
12711,
30367,
32511,
12743,
0,
0,
0,
0,
0,
0,
0,
0,
0,
0,
0,
0,
0,
0,
0,
0,
0,
0,
0,
0,
0,
0,
0,
0,
0,
0,
0,
0,
12710,
30335,
32511,
12711,
0,
0,
0,
0,
0,
0,
0,
0,
0,
0,
0,
0,
0,
0,
0,
0,
0,
0,
0,
0,
0,
0,
0,
0,
0,
0,
0,
0,
14791,
32543,
32543,
14823,
0,
0,
0,
0,
0,
0,
0,
0,
0,
0,
0,
0,
0,
0,
0,
0,
0,
0,
0,
0,
0,
0,
0,
0,
0,
0,
0,
14791,
30335,
30367,
32543,
12743,
0,
0,
0,
0,
0,
0,
0,
0,
0,
0,
0,
0,
0,
0,
0,
0,
0,
0,
0,
0,
0,
0,
0,
0,
0,
0,
12710,
32543,
30303,
30303,
14823,
0,
0,
0,
0,
0,
0,
0,
0,
0,
0,
0,
0,
0,
0,
0,
0,
0,
0,
0,
0,
0,
0,
0,
0,
0,
0,
14791,
32543,
23243,
23243,
14823,
0,
0,
0,
0,
0,
0,
0,
0,
0,
0,
0,
0,
0,
0,
0,
0,
0,
0,
0,
0,
0,
0,
12678,
14759,
0,
0,
14791,
21162,
12710,
32543,
30302,
21162,
14759,
12711,
0,
0,
0,
0,
0,
0,
0,
0,
0,
0,
0,
0,
0,
0,
0,
0,
0,
0,
0,
12710,
30303,
28060,
12711,
0,
14791,
30335,
12678,
14791,
30303,
30335,
23243,
25882,
12743,
0,
12678,
12743,
0,
0,
0,
0,
0,
0,
0,
0,
0,
0,
0,
0,
0,
0,
14791,
32543,
32543,
32543,
28060,
14791,
32543,
32543,
32543,
32543,
32543,
23243,
60172,
58156,
28092,
14791,
32543,
23243,
14759,
14823,
0,
0,
0,
0,
0,
0,
0,
0,
0,
0,
0,
0,
14791,
30399,
30303,
32543,
25914,
21162,
32543,
30335,
30335,
32543,
30303,
30335,
23275,
53963,
53995,
23275,
30302,
30367,
32511,
17362,
14791,
0,
0,
0,
0,
0,
0,
0,
0,
0,
0,
0,
14791,
28027,
30335,
28093,
25947,
25914,
23243,
30367,
30367,
32543,
17395,
30367,
32543,
21162,
64720,
64785,
25914,
32447,
23243,
17363,
14791,
0,
0,
0,
0,
0,
0,
0,
0,
0,
0,
0,
0,
14791,
28093,
28093,
28093,
28060,
23275,
32543,
32543,
23275,
28093,
32543,
23243,
60204,
64785,
64785,
28093,
32543,
19541,
23275,
28092,
14823,
0,
0,
0,
0,
0,
0,
0,
0,
0,
0,
0,
12710,
17363,
28092,
25914,
25882,
19541,
30335,
30335,
14759,
30303,
30335,
32543,
21162,
64687,
23275,
25882,
30367,
32511,
21162,
28027,
14823,
0,
0,
0,
0,
0,
0,
0,
0,
0,
0,
0,
0,
12710,
19541,
25947,
25914,
32543,
30367,
30367,
32543,
12678,
30335,
23243,
53995,
27995,
14791,
30335,
32447,
23275,
25882,
23211,
14823,
0,
0,
0,
0,
0,
0,
0,
0,
0,
0,
0,
0,
0,
14759,
14791,
32543,
32543,
32543,
32543,
19541,
19541,
19541,
28093,
28060,
14823,
0,
14791,
32543,
23243,
14759,
14823,
0,
0,
0,
0,
0,
0,
0,
0,
0,
0,
0,
0,
0,
0,
0,
0,
12710,
32543,
30335,
30303,
32511,
30302,
30303,
23243,
21130,
12678,
14823,
0,
12678,
14823,
0,
0,
0,
0,
0,
0,
0,
0,
0,
0,
0,
0,
0,
0,
0,
0,
0,
0,
0,
14759,
12711,
30367,
32543,
30335,
30367,
32543,
30335,
27995,
28093,
12678,
14791,
0,
0,
0,
0,
0,
0,
0,
0,
0,
0,
0,
0,
0,
0,
0,
0,
0,
0,
0,
0,
0,
0,
14759,
14759,
14791,
32543,
32543,
28060,
28093,
28093,
28060,
28060,
14823,
0,
0,
0,
0,
0,
0,
0,
0,
0,
0,
0,
0,
0,
0,
0,
0,
0,
0,
0,
0,
0,
0,
0,
0,
12678,
14759,
12678,
12710,
28092,
25882,
25914,
28060,
12711,
0,
0,
0,
0,
0,
0,
0,
0,
0,
0,
0,
0,
0,
0,
0,
0,
0,
0,
0,
0,
0,
0,
0,
0,
0,
12710,
21162,
14791,
25914,
27995,
14823,
0,
0,
0,
0,
0,
0,
0,
0,
0,
0,
0,
0,
0,
0,
0,
0,
0,
0,
0,
0,
0,
0,
0,
0,
0,
14791,
23243,
14823,
0,
12710,
14823,
0,
0,
0,
0,
0,
0,
0,
0,
0,
0,
0,
0,
0,
0,
0,
0,
0,
0,
0,
0,
0,
0,
0,
0,
0,
0,
14791,
21130,
12743,
0,
0,
0,
0,
0,
0,
0,
0,
0,
0,
0,
0,
0,
0,
0,
0,
0,
0,
0,
0,
0,
0,
0,
0,
0,
0,
0,
0,
0,
0,
14791,
0,
0,
0,
0,
0,
0,
0,
0,
0,
0,
0,
0,
0,
0,
0,
0,
0,
0,
0,
0,
0,
0,
0,
0,
0,
0,
0,
0,
0,
0,
0,
0,
0,
0,
0,
0,
0,
0,
0,
0,
0,
0,
0,
0,
0,
0,
0,
0,
0,
0,
0,
0,
0,
0,
0,
0,
0,
0,
0,
0,
0,
0,
0,
0,
0,
0,
0,
0,
0,
0,
0,
0,
0,
0,
0,
0,
0,
0,
0,
0,
0,
0,
0,
0,
0,
0,
0,
0,
0,
0,
0,
0,
0,
0,
0,
0,
0,
0,
0,
0,
0,
0,
0,
0,
0,
0,
0,
0,
0,
0,
0,
0,
0,
0,
0,
0,
0,
0,
0,
0,
0,
0,
0,
0,
0,
0,
0,
0,
0,
0,
0,
0,
0,
0,
0,
0,
0,
0,
0,
0,
0,
