2020
0,
0,
0,
0,
0,
0,
0,
0,
0,
0,
0,
0,
0,
0,
0,
0,
0,
0,
0,
0,
0,
0,
0,
0,
0,
0,
0,
0,
0,
0,
0,
0,
0,
0,
0,
0,
0,
0,
0,
0,
0,
0,
0,
0,
0,
0,
0,
0,
0,
0,
0,
0,
0,
0,
0,
0,
0,
0,
0,
0,
0,
0,
0,
0,
0,
0,
0,
0,
0,
0,
0,
0,
0,
0,
0,
0,
0,
0,
0,
0,
0,
0,
0,
0,
0,
0,
0,
0,
0,
0,
0,
0,
0,
0,
0,
0,
0,
0,
0,
0,
0,
0,
0,
0,
0,
0,
0,
0,
0,
0,
0,
0,
0,
0,
0,
0,
0,
0,
0,
0,
0,
0,
0,
0,
0,
0,
0,
0,
0,
0,
0,
0,
0,
0,
0,
0,
0,
0,
0,
0,
0,
0,
0,
0,
0,
0,
0,
0,
0,
0,
0,
0,
0,
0,
0,
0,
0,
0,
0,
0,
0,
0,
0,
0,
0,
0,
0,
0,
0,
0,
0,
0,
0,
12678,
12678,
12711,
0,
0,
0,
0,
0,
0,
0,
0,
0,
0,
0,
0,
0,
0,
0,
0,
0,
0,
0,
0,
0,
0,
0,
0,
0,
0,
0,
0,
12645,
54251,
60492,
39561,
12678,
0,
0,
0,
0,
0,
0,
0,
0,
0,
0,
0,
0,
0,
0,
0,
0,
0,
0,
0,
0,
0,
0,
0,
0,
0,
0,
12710,
56331,
56331,
60492,
56331,
56331,
12711,
0,
0,
0,
0,
0,
0,
0,
0,
0,
0,
0,
0,
0,
0,
0,
0,
0,
0,
0,
0,
0,
0,
0,
0,
0,
12710,
60492,
12678,
12710,
60492,
12678,
12678,
0,
0,
0,
0,
0,
0,
0,
0,
0,
0,
0,
0,
0,
0,
0,
0,
0,
0,
0,
0,
0,
0,
0,
0,
12645,
60492,
12678,
0,
0,
12678,
0,
0,
0,
0,
12678,
10597,
12646,
12711,
0,
0,
0,
0,
0,
0,
0,
0,
0,
0,
0,
0,
0,
0,
0,
0,
0,
0,
12678,
52107,
12678,
0,
0,
0,
0,
0,
0,
12678,
27271,
25158,
20998,
20998,
10597,
12710,
0,
0,
0,
0,
0,
0,
0,
0,
0,
0,
0,
0,
0,
0,
0,
0,
12678,
21130,
12678,
12711,
0,
0,
0,
12678,
12678,
43754,
64972,
27303,
64801,
52107,
27271,
20998,
12711,
0,
0,
0,
0,
0,
0,
0,
0,
0,
0,
0,
0,
0,
0,
10597,
54251,
60492,
45866,
39561,
12678,
10597,
12678,
41863,
44041,
25190,
27271,
25158,
27271,
62892,
18917,
25191,
12710,
0,
0,
0,
0,
0,
0,
0,
0,
0,
0,
0,
0,
12646,
12710,
58411,
58411,
60524,
56331,
56363,
41895,
58519,
39783,
50346,
46153,
48234,
20998,
20997,
62721,
64972,
58699,
12711,
0,
0,
0,
0,
0,
0,
0,
0,
0,
0,
0,
0,
12678,
27271,
27271,
21130,
60492,
60524,
60492,
43722,
50346,
50314,
50314,
50346,
50314,
27271,
27271,
27271,
27271,
27303,
62892,
20998,
12711,
0,
0,
0,
0,
0,
0,
0,
0,
0,
0,
12678,
25158,
25158,
60492,
47946,
54251,
60492,
39561,
58529,
64972,
44073,
46153,
50314,
37670,
25190,
27271,
54251,
25191,
27271,
56449,
25191,
12710,
0,
0,
0,
0,
0,
0,
0,
0,
0,
0,
12678,
27271,
56331,
12678,
58411,
58411,
43722,
39782,
39783,
50346,
48201,
48234,
50346,
18917,
20998,
64801,
58731,
27271,
64769,
39593,
20998,
20998,
12678,
0,
0,
0,
0,
0,
0,
0,
0,
0,
12678,
27271,
12711,
0,
12710,
60492,
60524,
60492,
21130,
12678,
12678,
12710,
41863,
20998,
20998,
21030,
27271,
27271,
27271,
20998,
21030,
27271,
12711,
0,
0,
0,
0,
0,
0,
0,
0,
0,
0,
10597,
12678,
0,
0,
10597,
12678,
54251,
54251,
12711,
0,
0,
12678,
10597,
25190,
27271,
18885,
18918,
20998,
23110,
25190,
12710,
0,
0,
0,
0,
0,
0,
0,
0,
0,
0,
0,
0,
0,
0,
0,
0,
0,
12678,
50026,
60492,
12710,
0,
0,
0,
12678,
12678,
25190,
27271,
27271,
18917,
12711,
0,
0,
0,
0,
0,
0,
0,
0,
0,
0,
0,
0,
0,
0,
0,
0,
0,
0,
0,
12678,
60492,
12710,
0,
0,
0,
0,
0,
12678,
12678,
12678,
12710,
0,
0,
0,
0,
0,
0,
0,
0,
0,
0,
0,
0,
0,
0,
0,
0,
0,
0,
0,
0,
12645,
43722,
54219,
12678,
0,
12678,
0,
0,
0,
0,
0,
0,
0,
0,
0,
0,
0,
0,
0,
0,
0,
0,
0,
0,
0,
0,
0,
0,
0,
0,
0,
0,
0,
12710,
56331,
41642,
12710,
56331,
12678,
12711,
0,
0,
0,
0,
0,
0,
0,
0,
0,
0,
0,
0,
0,
0,
0,
0,
0,
0,
0,
0,
0,
0,
0,
0,
0,
12710,
58444,
60492,
60524,
58412,
58444,
12711,
0,
0,
0,
0,
0,
0,
0,
0,
0,
0,
0,
0,
0,
0,
0,
0,
0,
0,
0,
0,
0,
0,
0,
0,
0,
0,
12645,
54251,
60492,
52171,
12678,
0,
0,
0,
0,
0,
0,
0,
0,
0,
0,
0,
0,
0,
0,
0,
0,
0,
0,
0,
0,
0,
0,
0,
0,
0,
0,
0,
0,
12678,
12678,
12710,
0,
0,
0,
0,
0,
0,
0,
0,
0,
0,
0,
0,
0,
0,
0,
0,
0,
0,
0,
0,
0,
0,
0,
0,
0,
0,
0,
0,
0,
0,
0,
0,
0,
0,
0,
0,
0,
0,
0,
0,
0,
0,
0,
0,
0,
0,
0,
0,
0,
0,
0,
0,
0,
0,
0,
0,
0,
0,
0,
0,
0,
0,
0,
0,
0,
0,
0,
0,
0,
0,
0,
0,
0,
0,
0,
0,
0,
0,
0,
0,
0,
0,
0,
0,
0,
0,
0,
0,
0,
0,
0,
0,
0,
0,
0,
0,
0,
0,
0,
0,
0,
0,
0,
0,
0,
0,
0,
0,
0,
0,
0,
0,
0,
0,
0,
0,
0,
0,
0,
0,
0,
0,
0,
0,
0,
0,
0,
0,
0,
0,
0,
0,
0,
0,
0,
0,
0,
0,
0,
0,
0,
0,
0,
0,
0,
0,
0,
0,
0,
0,
0,
0,
0,
0,
0,
0,
0,
0,
0,
0,
0,
0,
0,
0,
0,
0,
0,
0,
0,
0,
0,
0,
0,
0,
0,
0,
0,
0,
0,
0,
0,
0,
0,
0,
0,
0,
0,
0,
0,
0,
0,
0,
0,
0,
0,
0,
0,
0,
0,
0,
0,
0,
0,
0,
0,
