2020
0,
0,
0,
0,
0,
0,
0,
0,
0,
0,
0,
0,
0,
0,
0,
0,
0,
0,
0,
0,
0,
0,
0,
0,
0,
0,
0,
0,
0,
0,
0,
0,
0,
0,
0,
0,
0,
0,
0,
0,
0,
0,
0,
0,
0,
0,
0,
0,
0,
0,
0,
0,
0,
0,
0,
0,
0,
0,
0,
0,
0,
0,
0,
0,
0,
0,
0,
0,
0,
0,
0,
0,
0,
0,
0,
0,
0,
0,
0,
0,
0,
0,
0,
0,
0,
0,
0,
0,
0,
0,
0,
0,
0,
0,
0,
0,
0,
0,
0,
0,
0,
0,
0,
0,
0,
0,
0,
0,
0,
0,
0,
0,
0,
0,
0,
0,
0,
0,
0,
0,
0,
0,
0,
0,
0,
0,
0,
0,
0,
0,
0,
0,
0,
0,
0,
0,
0,
0,
0,
0,
0,
0,
0,
0,
0,
0,
12678,
12710,
12710,
0,
0,
0,
0,
0,
0,
0,
0,
0,
0,
0,
0,
0,
0,
0,
0,
0,
0,
0,
0,
0,
0,
12710,
14791,
0,
0,
0,
12710,
14758,
64532,
64564,
64499,
12710,
14823,
0,
0,
0,
0,
0,
0,
0,
0,
0,
0,
0,
0,
0,
0,
0,
0,
0,
0,
0,
14791,
64532,
64532,
12710,
12710,
14759,
39698,
64532,
64532,
39698,
64532,
64564,
64564,
14791,
0,
0,
0,
0,
0,
0,
0,
0,
0,
0,
0,
0,
0,
0,
0,
0,
0,
12678,
64564,
62386,
62386,
64564,
62386,
64467,
64564,
33455,
35536,
64532,
62386,
64499,
64532,
60338,
12743,
0,
0,
0,
0,
0,
0,
0,
0,
0,
0,
0,
0,
0,
0,
0,
0,
14759,
64565,
64532,
64532,
12710,
12710,
14759,
64565,
64532,
64532,
64564,
64532,
64564,
64564,
64499,
14823,
0,
0,
0,
0,
0,
0,
0,
0,
0,
0,
0,
0,
0,
0,
0,
12710,
37617,
64565,
64499,
14791,
0,
0,
0,
14759,
21162,
21162,
23243,
64499,
64532,
64564,
64467,
14791,
0,
0,
0,
0,
0,
0,
0,
0,
0,
0,
0,
0,
0,
0,
0,
12678,
62386,
37649,
12710,
0,
0,
12678,
12678,
64787,
62902,
64983,
62707,
19049,
21162,
37649,
62386,
64499,
12743,
0,
0,
0,
0,
0,
0,
0,
0,
0,
0,
0,
0,
0,
12710,
64532,
64532,
39698,
64532,
12710,
14759,
43934,
65113,
65145,
65048,
65113,
65113,
65048,
64755,
39697,
64500,
64532,
14823,
0,
0,
0,
0,
0,
0,
0,
0,
0,
0,
0,
0,
0,
14791,
64532,
37617,
64565,
64499,
12711,
46015,
65047,
65080,
65145,
65015,
65080,
65113,
65015,
65113,
65113,
35536,
14791,
0,
0,
0,
0,
0,
0,
0,
0,
0,
0,
0,
0,
0,
0,
14791,
62386,
62386,
64564,
21130,
39772,
45983,
39772,
64983,
65113,
62902,
64983,
65112,
62902,
65015,
65112,
62902,
60594,
12743,
0,
0,
0,
0,
0,
0,
0,
0,
0,
0,
0,
0,
0,
0,
14759,
64564,
64565,
23243,
45983,
46015,
65113,
65113,
65145,
65112,
65113,
65145,
65112,
65113,
65145,
65112,
65113,
14823,
0,
0,
0,
0,
0,
0,
0,
0,
0,
0,
0,
0,
0,
12710,
64532,
64500,
23243,
41854,
43902,
46015,
65047,
65080,
65145,
65015,
65080,
65113,
21162,
65113,
65113,
65015,
65113,
64755,
12711,
0,
0,
0,
0,
0,
0,
0,
0,
0,
0,
0,
12678,
64564,
62419,
62386,
23243,
39740,
39772,
45983,
41820,
60562,
65113,
62902,
64983,
64532,
60338,
12678,
14791,
62902,
65047,
62674,
12710,
0,
0,
0,
0,
0,
0,
0,
0,
0,
0,
0,
14759,
64565,
64564,
64564,
23243,
43935,
45983,
46015,
46015,
65113,
65145,
65112,
65113,
65145,
65112,
65113,
65145,
65112,
64755,
64755,
14791,
0,
0,
0,
0,
0,
0,
0,
0,
0,
0,
12710,
64467,
64565,
64499,
12678,
23243,
41821,
41821,
46015,
41821,
62675,
65113,
62934,
65047,
23243,
21130,
23243,
64787,
62902,
62675,
14791,
0,
0,
0,
0,
0,
0,
0,
0,
0,
0,
0,
12678,
62386,
64564,
12711,
0,
12710,
39740,
39772,
45983,
39740,
41821,
64755,
58481,
31257,
39644,
62386,
64499,
23243,
58481,
60594,
14791,
0,
0,
0,
0,
0,
0,
0,
0,
0,
0,
0,
0,
14759,
64564,
14791,
0,
14759,
39645,
45983,
46015,
43935,
45983,
46015,
43935,
45983,
46015,
64532,
64564,
23243,
12710,
14823,
0,
0,
0,
0,
0,
0,
0,
0,
0,
0,
0,
0,
0,
12710,
64565,
64499,
12711,
0,
12678,
41821,
46015,
41821,
43902,
46015,
37531,
43902,
45983,
21130,
21162,
14823,
0,
0,
0,
0,
0,
0,
0,
0,
0,
0,
0,
0,
0,
0,
0,
0,
12710,
62386,
12710,
0,
12678,
31257,
45983,
39740,
41821,
45983,
35482,
21130,
23243,
62386,
64499,
14791,
0,
0,
0,
0,
0,
0,
0,
0,
0,
0,
0,
0,
0,
0,
0,
0,
0,
14791,
64564,
14823,
0,
14759,
33371,
46015,
46015,
39645,
33371,
33371,
33371,
35419,
64564,
14823,
0,
0,
0,
0,
0,
0,
0,
0,
0,
0,
0,
0,
0,
0,
0,
0,
12710,
64499,
64499,
14823,
0,
0,
12710,
12678,
31290,
33371,
31257,
31290,
33371,
12678,
14791,
0,
0,
0,
0,
0,
0,
0,
0,
0,
0,
0,
0,
0,
0,
0,
0,
0,
14791,
64467,
62418,
14823,
0,
0,
0,
0,
12678,
12710,
12678,
12678,
14791,
0,
0,
0,
0,
0,
0,
0,
0,
0,
0,
0,
0,
0,
0,
0,
0,
0,
0,
0,
0,
12710,
12710,
0,
0,
0,
0,
0,
0,
0,
0,
0,
0,
0,
0,
0,
0,
0,
0,
0,
0,
0,
0,
0,
0,
0,
0,
0,
0,
0,
0,
0,
0,
0,
0,
0,
0,
0,
0,
0,
0,
0,
0,
0,
0,
0,
0,
0,
0,
0,
0,
0,
0,
0,
0,
0,
0,
0,
0,
0,
0,
0,
0,
0,
0,
0,
0,
0,
0,
0,
0,
0,
0,
0,
0,
0,
0,
0,
0,
0,
0,
0,
0,
0,
0,
0,
0,
0,
0,
0,
0,
0,
0,
0,
0,
0,
0,
0,
0,
0,
0,
0,
0,
0,
0,
0,
0,
0,
0,
0,
0,
0,
0,
0,
0,
0,
0,
0,
0,
0,
0,
0,
0,
0,
0,
0,
0,
0,
0,
0,
0,
0,
0,
0,
0,
0,
0,
0,
0,
0,
0,
0,
0,
0,
0,
0,
0,
0,
0,
0,
0,
0,
0,
0,
0,
0,
0,
0,
0,
0,
0,
0,
0,
0,
0,
0,
0,
0,
0,
0,
0,
0,
0,
0,
0,
0,
0,
0,
0,
0,
0,
0,
0,
0,
0,
