2020
0,
0,
0,
0,
0,
0,
0,
0,
0,
0,
0,
0,
0,
0,
0,
0,
0,
0,
0,
0,
0,
0,
0,
0,
0,
0,
0,
0,
0,
0,
0,
0,
0,
0,
0,
0,
0,
0,
0,
0,
0,
0,
0,
0,
0,
0,
0,
0,
0,
0,
0,
0,
0,
0,
0,
0,
0,
0,
0,
0,
0,
0,
0,
0,
0,
0,
0,
0,
0,
0,
0,
0,
0,
0,
0,
0,
0,
0,
0,
0,
0,
0,
0,
0,
0,
0,
0,
0,
0,
0,
0,
0,
0,
0,
0,
0,
0,
0,
0,
0,
0,
0,
0,
0,
0,
0,
0,
0,
0,
0,
0,
0,
0,
0,
0,
0,
0,
0,
0,
0,
0,
0,
0,
0,
0,
0,
0,
0,
0,
0,
0,
0,
0,
0,
0,
0,
0,
0,
0,
0,
0,
0,
0,
0,
0,
0,
0,
0,
0,
0,
0,
0,
0,
0,
0,
0,
0,
0,
0,
0,
0,
0,
0,
0,
0,
0,
0,
0,
0,
0,
0,
0,
0,
0,
0,
0,
0,
0,
0,
0,
0,
0,
0,
0,
0,
0,
0,
0,
0,
0,
0,
0,
0,
0,
0,
0,
0,
0,
0,
0,
0,
0,
0,
0,
0,
0,
0,
0,
0,
0,
0,
0,
0,
0,
0,
0,
0,
0,
0,
0,
0,
0,
0,
0,
0,
0,
0,
0,
0,
0,
0,
0,
0,
0,
0,
0,
0,
0,
0,
0,
0,
0,
0,
0,
0,
0,
0,
0,
0,
0,
0,
0,
0,
0,
0,
0,
0,
0,
0,
0,
0,
0,
0,
0,
0,
0,
12678,
12710,
14824,
0,
0,
0,
0,
0,
0,
0,
0,
0,
0,
0,
0,
0,
0,
0,
0,
0,
0,
0,
0,
0,
0,
0,
0,
0,
0,
0,
0,
14791,
31433,
43947,
33546,
12678,
14791,
0,
0,
0,
0,
0,
0,
0,
0,
0,
12710,
12678,
14791,
0,
0,
0,
0,
0,
0,
0,
0,
0,
0,
0,
0,
0,
0,
14791,
48108,
35626,
56561,
54480,
48108,
14791,
14823,
0,
0,
0,
0,
0,
0,
14791,
35626,
54480,
48108,
14824,
0,
0,
0,
0,
0,
0,
0,
0,
12710,
12710,
0,
0,
0,
0,
14758,
56626,
56529,
50319,
65534,
61143,
43915,
14791,
0,
0,
0,
0,
0,
14791,
58707,
54513,
56529,
46028,
12678,
0,
0,
0,
0,
0,
0,
14791,
31465,
62351,
14791,
12711,
0,
14791,
21130,
21162,
56561,
63388,
65500,
54480,
43915,
45996,
14823,
0,
0,
0,
12678,
33546,
58674,
54481,
54480,
45995,
12678,
0,
0,
0,
0,
0,
0,
14791,
14791,
35626,
64529,
64529,
14791,
60787,
60787,
60787,
35658,
65535,
65535,
56561,
56529,
48108,
14791,
14791,
14791,
14791,
56529,
35626,
56561,
56529,
56561,
48108,
14791,
0,
0,
0,
0,
0,
0,
0,
12710,
12710,
35626,
31465,
23210,
60787,
56593,
56626,
56529,
50319,
65534,
65534,
50287,
48108,
59095,
21162,
48108,
35594,
50287,
35594,
35594,
50287,
48108,
14791,
0,
0,
0,
0,
0,
0,
0,
0,
0,
0,
14791,
12678,
12678,
56561,
54481,
12678,
14791,
50287,
52367,
65534,
63420,
59030,
59063,
21162,
46028,
33546,
43915,
54480,
33546,
31433,
33546,
14791,
0,
0,
0,
0,
0,
0,
0,
0,
0,
0,
0,
0,
14791,
23275,
56529,
56561,
56561,
56529,
56561,
56561,
56561,
61143,
23275,
54480,
14791,
14791,
14791,
48140,
48140,
48108,
14824,
0,
0,
0,
0,
0,
0,
0,
0,
0,
0,
12710,
14791,
12678,
64431,
56337,
21162,
54448,
56529,
50287,
54448,
56529,
50287,
48108,
23275,
50287,
14791,
0,
0,
14759,
14759,
12743,
0,
0,
0,
0,
0,
0,
0,
0,
0,
0,
12710,
31465,
64529,
62351,
31465,
14791,
12710,
52367,
35626,
50287,
52367,
56528,
50287,
23211,
14759,
12711,
0,
0,
0,
0,
0,
0,
0,
0,
0,
0,
0,
0,
0,
0,
0,
0,
14791,
14791,
35626,
35626,
14791,
0,
0,
14791,
35626,
56529,
56561,
56561,
48108,
14824,
0,
0,
0,
0,
0,
0,
0,
0,
0,
0,
0,
0,
0,
0,
0,
0,
0,
0,
0,
12678,
14791,
12711,
0,
0,
0,
0,
14791,
31433,
33513,
54480,
12711,
0,
0,
0,
0,
0,
0,
0,
0,
0,
0,
0,
0,
0,
0,
0,
0,
0,
0,
0,
0,
0,
0,
0,
0,
0,
0,
0,
14791,
50287,
52367,
14823,
0,
0,
0,
0,
0,
0,
0,
0,
0,
0,
0,
0,
0,
0,
0,
0,
0,
0,
0,
0,
0,
0,
0,
0,
0,
0,
0,
0,
0,
14791,
14824,
0,
0,
0,
0,
0,
0,
0,
0,
0,
0,
0,
0,
0,
0,
0,
0,
0,
0,
0,
0,
0,
0,
0,
0,
0,
0,
0,
0,
0,
0,
0,
0,
0,
0,
0,
0,
0,
0,
0,
0,
0,
0,
0,
0,
0,
0,
0,
0,
0,
0,
0,
0,
0,
0,
0,
0,
0,
0,
0,
0,
0,
0,
0,
0,
0,
0,
0,
0,
0,
0,
0,
0,
0,
0,
0,
0,
0,
0,
0,
0,
0,
0,
0,
0,
0,
0,
0,
0,
0,
0,
0,
0,
0,
0,
0,
0,
0,
0,
0,
0,
0,
0,
0,
0,
0,
0,
0,
0,
0,
0,
0,
0,
0,
0,
0,
0,
0,
0,
0,
0,
0,
0,
0,
0,
0,
0,
0,
0,
0,
0,
0,
0,
0,
0,
0,
0,
0,
0,
0,
0,
0,
0,
0,
0,
0,
0,
0,
0,
0,
0,
0,
0,
0,
0,
0,
0,
0,
0,
0,
0,
0,
0,
0,
0,
0,
0,
0,
0,
0,
0,
0,
0,
0,
0,
0,
0,
0,
0,
0,
0,
0,
0,
0,
0,
0,
0,
0,
0,
0,
0,
0,
0,
0,
0,
0,
0,
0,
0,
0,
0,
0,
0,
0,
0,
0,
0,
0,
0,
0,
0,
0,
0,
0,
0,
0,
0,
0,
0,
0,
0,
0,
0,
0,
0,
0,
0,
0,
0,
0,
0,
0,
0,
0,
0,
0,
0,
0,
0,
0,
0,
0,
0,
0,
0,
0,
0,
0,
0,
0,
0,
0,
0,
0,
0,
0,
0,
0,
0,
0,
0,
0,
0,
0,
0,
0,
0,
0,
0,
0,
0,
0,
0,
0,
0,
0,
0,
0,
0,
0,
0,
0,
0,
0,
0,
0,
0,
0,
0,
0,
0,
0,
0,
0,
0,
0,
0,
0,
0,
0,
0,
0,
0,
0,
0,
0,
