2020
0,
0,
0,
0,
0,
0,
0,
0,
0,
0,
0,
0,
0,
0,
0,
0,
0,
0,
0,
0,
0,
0,
0,
0,
0,
0,
0,
0,
0,
0,
0,
0,
0,
0,
0,
0,
0,
0,
0,
0,
0,
0,
0,
12678,
14791,
12710,
14791,
0,
0,
0,
0,
0,
0,
0,
0,
0,
0,
0,
0,
0,
0,
0,
0,
0,
0,
0,
0,
0,
0,
0,
0,
0,
0,
0,
14823,
21561,
32159,
32159,
14791,
14791,
14791,
0,
0,
0,
0,
0,
0,
0,
0,
0,
0,
0,
0,
0,
0,
0,
0,
0,
0,
0,
0,
0,
0,
14759,
12710,
14823,
30046,
29981,
23275,
23243,
23243,
31694,
21162,
12710,
14824,
0,
0,
0,
0,
0,
0,
0,
0,
0,
0,
0,
0,
0,
0,
0,
0,
0,
0,
0,
14791,
23243,
21162,
23308,
29981,
21162,
31694,
29581,
29581,
31694,
27500,
29581,
64392,
14791,
0,
0,
0,
12710,
14824,
0,
0,
0,
0,
0,
0,
0,
0,
0,
0,
0,
0,
0,
0,
14791,
23275,
23275,
25356,
31694,
31694,
31694,
31694,
31694,
31694,
31694,
64392,
36607,
14824,
0,
14791,
23275,
23275,
14824,
0,
0,
0,
0,
0,
0,
0,
0,
0,
0,
0,
0,
0,
0,
12710,
23275,
23243,
29581,
31694,
29581,
29581,
31694,
29581,
23243,
36639,
34431,
23243,
14791,
21162,
23243,
23275,
14791,
0,
0,
0,
0,
0,
0,
0,
0,
0,
0,
0,
0,
14791,
12710,
12710,
31694,
29581,
27500,
31694,
29581,
29581,
31694,
27500,
14758,
54762,
32383,
30014,
23275,
21162,
23211,
14824,
0,
0,
0,
0,
0,
0,
0,
0,
0,
0,
0,
0,
14791,
25356,
31694,
31694,
31694,
31694,
31694,
31694,
31694,
31694,
31694,
25355,
65350,
54762,
36639,
32159,
25356,
32159,
14791,
14824,
0,
0,
0,
0,
0,
0,
0,
0,
0,
0,
0,
14759,
27500,
31694,
29581,
27500,
31694,
29581,
27500,
31694,
29581,
29581,
25355,
62247,
62279,
23275,
32351,
23243,
31694,
27933,
12710,
0,
0,
0,
0,
0,
0,
0,
0,
0,
0,
0,
14791,
29581,
27500,
31694,
29581,
27500,
31694,
29581,
27500,
31694,
29581,
29581,
36639,
32351,
21162,
31694,
27500,
29581,
31694,
21162,
14791,
0,
12710,
14823,
0,
0,
0,
0,
0,
0,
0,
0,
14791,
14791,
14791,
14791,
25356,
31694,
31694,
25356,
31694,
31694,
23275,
23275,
36639,
36639,
23275,
31694,
31694,
31694,
31694,
31694,
23275,
14791,
25356,
31694,
14824,
0,
0,
0,
0,
0,
0,
0,
0,
0,
0,
0,
12710,
12710,
14791,
29581,
27500,
25356,
34431,
34431,
36639,
21162,
29581,
31694,
21162,
29581,
31694,
27500,
29581,
31694,
27500,
23243,
14824,
0,
0,
0,
0,
0,
0,
0,
0,
0,
0,
0,
0,
0,
14791,
29581,
21162,
36639,
34463,
50537,
54762,
34431,
23211,
31694,
29581,
23243,
31694,
21162,
29613,
31694,
29580,
31693,
14824,
0,
0,
0,
0,
0,
0,
0,
0,
0,
0,
0,
0,
0,
14791,
31694,
25356,
38687,
54761,
65350,
65382,
36639,
25356,
31694,
31694,
25356,
31694,
23275,
14791,
25356,
31694,
14824,
0,
0,
0,
0,
0,
0,
0,
0,
0,
0,
0,
0,
0,
12710,
31694,
29581,
27500,
23275,
34431,
34431,
36639,
21162,
29581,
23275,
27500,
23211,
23275,
12743,
0,
14791,
12743,
0,
0,
0,
0,
0,
0,
0,
0,
0,
0,
0,
0,
0,
0,
12710,
31694,
29581,
21162,
14791,
12710,
12710,
25356,
29581,
29581,
23275,
23243,
34495,
36607,
14791,
0,
0,
0,
0,
0,
0,
0,
0,
0,
0,
0,
0,
0,
0,
0,
0,
0,
14791,
31694,
14791,
14824,
0,
0,
14791,
23275,
31694,
31694,
31726,
32159,
36639,
32159,
21529,
14824,
0,
0,
0,
0,
0,
0,
0,
0,
0,
0,
0,
0,
0,
0,
0,
0,
0,
14824,
0,
0,
0,
12710,
21162,
23275,
21162,
27500,
31694,
27500,
29581,
31726,
32351,
29981,
14824,
0,
0,
0,
0,
0,
0,
0,
0,
0,
0,
0,
0,
0,
0,
0,
0,
0,
0,
0,
0,
0,
12710,
31694,
29581,
23211,
25356,
29581,
29613,
36639,
34431,
30046,
32127,
14791,
0,
0,
0,
0,
0,
0,
0,
0,
0,
0,
0,
0,
0,
0,
0,
0,
0,
0,
0,
14791,
31694,
31694,
31694,
31694,
23275,
23275,
14791,
14823,
21529,
32159,
21529,
14824,
0,
0,
0,
0,
0,
0,
0,
0,
0,
0,
0,
0,
0,
0,
0,
0,
0,
0,
14791,
29580,
27500,
23275,
21162,
27500,
23275,
27500,
14791,
0,
12678,
12710,
14824,
0,
0,
0,
0,
0,
0,
0,
0,
0,
0,
0,
0,
0,
0,
0,
0,
0,
0,
0,
14791,
12710,
12710,
14791,
29581,
23211,
23275,
14791,
0,
0,
0,
0,
0,
0,
0,
0,
0,
0,
0,
0,
0,
0,
0,
0,
0,
0,
0,
14791,
14856,
0,
0,
0,
0,
0,
0,
14791,
31694,
14791,
23275,
23275,
14824,
0,
0,
0,
0,
0,
0,
0,
0,
0,
0,
0,
0,
0,
0,
0,
0,
0,
0,
12710,
63077,
14856,
0,
0,
0,
0,
0,
14791,
12710,
0,
14791,
21162,
14791,
0,
0,
0,
0,
0,
0,
0,
0,
0,
0,
0,
0,
0,
0,
0,
0,
0,
0,
14823,
65253,
65318,
14759,
12710,
14824,
0,
0,
0,
0,
0,
14791,
23243,
14823,
0,
0,
0,
0,
0,
0,
0,
0,
0,
0,
0,
0,
0,
0,
0,
0,
0,
0,
14823,
54729,
65350,
65350,
65318,
14791,
14791,
14824,
0,
0,
14791,
23275,
14824,
0,
0,
0,
0,
0,
0,
0,
0,
0,
0,
0,
0,
0,
0,
0,
0,
0,
0,
14823,
65221,
63109,
65350,
50504,
21162,
23275,
21162,
27500,
14824,
12743,
27500,
23275,
12743,
0,
0,
0,
0,
0,
0,
0,
0,
0,
0,
0,
0,
0,
0,
0,
0,
0,
0,
14791,
14791,
14790,
65350,
65254,
12710,
14791,
14759,
14759,
31694,
29581,
23243,
14824,
0,
0,
0,
0,
0,
0,
0,
0,
0,
0,
0,
0,
0,
0,
0,
0,
0,
0,
0,
0,
0,
0,
14791,
65318,
14759,
0,
0,
0,
14791,
14759,
14791,
0,
0,
0,
0,
0,
0,
0,
0,
0,
0,
0,
0,
0,
0,
0,
0,
0,
0,
0,
0,
0,
0,
0,
0,
12710,
12743,
0,
0,
0,
0,
0,
0,
0,
0,
0,
0,
0,
0,
0,
0,
0,
0,
0,
0,
0,
0,
0,
0,
0,
0,
0,
0,
0,
0,
0,
0,
0,
0,
0,
0,
0,
0,
0,
0,
0,
0,
0,
0,
0,
0,
0,
0,
0,
0,
0,
0,
0,
0,
