2020
0,
0,
0,
0,
0,
0,
0,
0,
0,
0,
0,
0,
0,
0,
0,
0,
0,
0,
0,
0,
0,
0,
0,
0,
0,
0,
0,
0,
0,
0,
0,
0,
0,
0,
0,
0,
0,
0,
0,
0,
0,
0,
0,
0,
0,
0,
0,
0,
0,
0,
0,
0,
0,
0,
0,
0,
0,
0,
0,
0,
0,
0,
0,
0,
0,
0,
0,
0,
0,
0,
0,
0,
0,
0,
0,
0,
0,
0,
0,
0,
0,
0,
0,
0,
0,
0,
0,
0,
0,
0,
0,
0,
0,
0,
0,
0,
0,
0,
0,
0,
0,
0,
0,
0,
0,
0,
14758,
14758,
14758,
12710,
0,
0,
0,
0,
0,
0,
0,
0,
0,
0,
0,
0,
0,
0,
0,
0,
0,
0,
0,
0,
0,
0,
0,
0,
0,
0,
14758,
14758,
48392,
65292,
65292,
48392,
12710,
12710,
0,
0,
0,
0,
0,
0,
0,
0,
0,
0,
0,
0,
0,
0,
0,
0,
0,
0,
0,
0,
0,
0,
0,
14758,
48392,
65292,
65324,
48424,
48424,
65324,
65292,
12678,
12710,
0,
0,
0,
0,
0,
0,
0,
0,
0,
0,
0,
0,
0,
0,
0,
0,
0,
0,
0,
0,
0,
0,
21130,
65324,
48424,
60076,
65535,
39464,
60076,
65324,
48392,
12678,
0,
0,
0,
0,
0,
0,
0,
0,
0,
0,
0,
0,
0,
0,
0,
0,
0,
0,
0,
0,
0,
14758,
65292,
48424,
65324,
48392,
39464,
60044,
65292,
65324,
65324,
65292,
12710,
0,
12710,
12710,
0,
0,
0,
0,
0,
0,
0,
0,
0,
0,
0,
0,
0,
0,
0,
0,
0,
12678,
48424,
65324,
65324,
65324,
65292,
65292,
65324,
65324,
65324,
65324,
12678,
0,
12678,
44639,
12710,
0,
0,
0,
0,
0,
0,
0,
0,
0,
0,
0,
0,
0,
0,
0,
14758,
48392,
65324,
65324,
48424,
65324,
65324,
21162,
36154,
65324,
65324,
48424,
12678,
0,
12678,
21162,
36122,
12710,
0,
0,
0,
0,
0,
0,
0,
0,
0,
0,
0,
0,
0,
0,
12678,
65324,
65324,
48424,
65324,
65324,
21162,
36122,
44671,
48424,
21162,
48424,
12678,
12710,
44639,
44639,
21162,
12678,
12710,
0,
0,
0,
0,
0,
0,
0,
0,
0,
0,
0,
0,
0,
12678,
48424,
65324,
48424,
65324,
65324,
21130,
44671,
65324,
65324,
21130,
48424,
21130,
44639,
44671,
21162,
21130,
21130,
27670,
12710,
0,
0,
0,
0,
0,
0,
0,
0,
0,
0,
0,
0,
0,
12678,
48424,
65324,
65324,
65324,
21130,
44671,
65324,
21162,
56842,
21162,
36122,
44671,
44671,
21130,
44639,
36122,
21130,
27670,
14758,
0,
0,
0,
0,
0,
0,
0,
0,
0,
0,
0,
0,
12678,
48424,
65324,
65324,
65324,
48392,
21162,
36154,
36122,
36154,
21130,
44671,
44671,
36154,
36122,
21162,
44671,
36122,
21130,
12678,
0,
0,
0,
0,
0,
0,
0,
0,
0,
0,
0,
0,
0,
12678,
65324,
65324,
65324,
65324,
21130,
21162,
36154,
21162,
39944,
21162,
36154,
21162,
36154,
36122,
21162,
21162,
21130,
27670,
14758,
0,
0,
0,
0,
0,
0,
0,
0,
0,
0,
0,
0,
0,
12710,
65324,
65324,
65324,
65292,
39944,
21162,
39944,
39976,
12678,
44671,
44639,
21162,
21162,
12678,
36122,
36122,
12678,
12678,
0,
0,
0,
0,
0,
0,
0,
0,
0,
0,
0,
0,
0,
0,
12710,
65324,
65324,
48424,
48424,
48392,
39976,
12678,
0,
12710,
44671,
44639,
12678,
0,
12678,
36154,
12678,
0,
0,
0,
0,
0,
0,
0,
0,
0,
0,
0,
0,
0,
0,
0,
0,
12710,
12710,
48424,
48424,
12678,
12678,
0,
0,
12678,
44671,
44671,
12678,
0,
12678,
36154,
36122,
12710,
0,
0,
0,
0,
0,
0,
0,
0,
0,
0,
0,
0,
0,
0,
0,
0,
0,
12678,
12678,
0,
0,
0,
0,
0,
12710,
44671,
44639,
12710,
21130,
21162,
36154,
12678,
0,
0,
0,
0,
0,
0,
0,
0,
0,
0,
0,
0,
0,
0,
14758,
14758,
14758,
36122,
12678,
0,
12710,
0,
0,
12710,
21130,
44671,
21162,
27670,
21130,
21130,
36154,
12678,
0,
0,
0,
0,
0,
0,
0,
0,
0,
0,
0,
0,
0,
14758,
36122,
36122,
36122,
36154,
36122,
12710,
36122,
12710,
12710,
27670,
27670,
21162,
21130,
12678,
21130,
36122,
12678,
0,
0,
0,
0,
0,
0,
0,
0,
0,
0,
0,
0,
0,
0,
0,
12678,
36154,
39464,
60076,
36154,
36122,
36154,
36122,
36122,
27702,
21130,
12678,
12678,
0,
12678,
36154,
12678,
0,
0,
0,
0,
0,
0,
0,
0,
0,
0,
0,
0,
0,
0,
0,
0,
12678,
36122,
36122,
36154,
21162,
36154,
12678,
21162,
12678,
12678,
0,
12678,
12710,
36122,
12678,
0,
0,
0,
0,
0,
0,
0,
0,
0,
0,
0,
0,
0,
0,
0,
0,
0,
12678,
21162,
21162,
21162,
44639,
12678,
0,
12678,
0,
12678,
12710,
44639,
36122,
12678,
0,
0,
0,
0,
0,
0,
0,
0,
0,
0,
0,
0,
0,
0,
0,
0,
0,
0,
12678,
44639,
44639,
44639,
44671,
44639,
14758,
44639,
14758,
44639,
44639,
12710,
12678,
0,
0,
0,
0,
0,
0,
0,
0,
0,
0,
0,
0,
0,
0,
0,
0,
0,
0,
0,
0,
12710,
44671,
39464,
60076,
44671,
44639,
44671,
44639,
12710,
12710,
0,
0,
0,
0,
0,
0,
0,
0,
0,
0,
0,
0,
0,
0,
0,
0,
0,
0,
0,
0,
0,
0,
0,
12710,
44639,
44639,
12710,
12710,
44671,
12710,
0,
0,
0,
0,
0,
0,
0,
0,
0,
0,
0,
0,
0,
0,
0,
0,
0,
0,
0,
0,
0,
0,
0,
0,
0,
12678,
44671,
12710,
0,
0,
12710,
0,
0,
0,
0,
0,
0,
0,
0,
0,
0,
0,
0,
0,
0,
0,
0,
0,
0,
0,
0,
0,
0,
0,
0,
0,
0,
12678,
12710,
0,
0,
0,
0,
0,
0,
0,
0,
0,
0,
0,
0,
0,
0,
0,
0,
0,
0,
0,
0,
0,
0,
0,
0,
0,
0,
0,
0,
0,
0,
0,
0,
0,
0,
0,
0,
0,
0,
0,
0,
0,
0,
0,
0,
0,
0,
0,
0,
0,
0,
0,
0,
0,
0,
0,
0,
0,
0,
0,
0,
0,
0,
0,
0,
0,
0,
0,
0,
0,
0,
0,
0,
0,
0,
0,
0,
0,
0,
0,
0,
0,
0,
0,
0,
0,
0,
0,
0,
0,
0,
0,
0,
0,
0,
0,
0,
0,
0,
0,
0,
0,
0,
0,
0,
0,
0,
0,
0,
0,
0,
0,
0,
0,
0,
