2020
0,
0,
0,
0,
0,
0,
0,
0,
0,
0,
0,
0,
0,
0,
0,
0,
0,
0,
0,
0,
0,
0,
0,
0,
0,
0,
0,
0,
0,
0,
0,
0,
0,
0,
0,
0,
0,
0,
0,
0,
0,
12678,
12678,
0,
0,
0,
0,
0,
0,
0,
0,
0,
0,
0,
0,
0,
0,
0,
0,
0,
0,
0,
0,
0,
0,
0,
0,
0,
0,
0,
0,
0,
12678,
43595,
41546,
12710,
0,
0,
0,
0,
0,
0,
0,
0,
0,
0,
0,
0,
12711,
0,
0,
0,
0,
0,
0,
0,
0,
0,
0,
0,
0,
0,
0,
0,
12678,
43595,
41547,
12711,
0,
0,
0,
0,
0,
0,
0,
0,
0,
0,
0,
12678,
17173,
12710,
0,
0,
0,
0,
0,
0,
0,
0,
0,
0,
0,
0,
0,
0,
0,
12678,
39434,
39434,
12711,
0,
0,
0,
0,
0,
0,
0,
0,
0,
0,
12678,
17172,
12678,
0,
0,
0,
0,
0,
0,
0,
0,
0,
0,
0,
0,
0,
0,
0,
0,
12678,
41547,
12711,
0,
0,
0,
0,
0,
0,
0,
0,
0,
0,
12710,
50637,
17140,
12678,
0,
0,
0,
0,
0,
0,
0,
0,
0,
0,
0,
0,
0,
0,
0,
12678,
41547,
12711,
0,
0,
0,
0,
0,
0,
0,
0,
0,
0,
12678,
12913,
17140,
12678,
0,
0,
0,
0,
0,
0,
0,
0,
0,
0,
0,
0,
0,
0,
0,
10597,
19017,
43595,
10597,
10597,
12678,
0,
0,
0,
0,
0,
0,
10597,
17140,
17172,
12678,
0,
0,
0,
0,
0,
0,
0,
0,
0,
0,
0,
0,
0,
0,
12678,
12710,
63454,
63422,
21130,
21130,
56078,
58126,
12678,
12711,
0,
0,
0,
12710,
61342,
17173,
12913,
59156,
12678,
0,
0,
0,
0,
0,
0,
0,
0,
0,
0,
0,
12678,
12678,
17140,
17173,
17140,
17140,
17173,
12848,
12880,
12913,
53997,
41547,
12711,
0,
12710,
65535,
61277,
12678,
12678,
15091,
12678,
0,
0,
0,
0,
0,
0,
0,
0,
0,
0,
10597,
17173,
15059,
15059,
21913,
19734,
10767,
12881,
10767,
10799,
17173,
12815,
51917,
12678,
10597,
12678,
63422,
19017,
12710,
0,
12678,
0,
0,
0,
0,
0,
0,
0,
0,
0,
0,
0,
0,
12710,
21912,
21880,
12881,
12881,
17172,
17173,
12881,
17172,
17173,
17172,
12881,
58126,
19082,
17173,
21130,
12710,
0,
0,
0,
0,
0,
0,
0,
0,
0,
0,
0,
0,
0,
0,
0,
0,
12678,
12848,
17173,
17140,
17140,
12913,
17140,
17140,
17173,
12848,
43595,
58126,
19049,
33905,
21130,
12848,
12711,
0,
0,
0,
0,
0,
0,
0,
0,
0,
0,
0,
0,
0,
0,
12678,
15059,
15059,
17205,
19734,
17107,
65535,
57083,
10767,
12913,
44332,
39466,
58126,
37386,
19049,
33937,
10767,
12710,
0,
0,
0,
0,
0,
0,
0,
0,
0,
0,
0,
0,
0,
12678,
17173,
17173,
17173,
21945,
21945,
65503,
65535,
12913,
65502,
37994,
50637,
43595,
58126,
43595,
21162,
50637,
12678,
12711,
0,
0,
0,
0,
0,
0,
0,
0,
0,
0,
0,
0,
0,
12646,
12678,
12678,
19799,
21945,
17140,
17140,
12881,
12678,
56078,
65535,
41546,
56077,
43595,
41514,
21130,
50637,
12678,
0,
0,
0,
0,
0,
0,
0,
0,
0,
0,
0,
0,
0,
0,
0,
0,
10630,
19734,
21130,
19049,
15059,
12913,
59164,
59164,
37962,
39466,
53965,
43595,
19017,
46412,
12711,
0,
0,
0,
0,
0,
0,
0,
0,
0,
0,
0,
0,
0,
0,
0,
0,
0,
0,
21162,
63349,
63317,
21130,
12881,
37962,
37962,
43595,
58126,
43595,
58126,
21130,
33937,
12711,
0,
0,
0,
0,
0,
0,
0,
0,
0,
0,
0,
0,
0,
0,
0,
0,
0,
12678,
57043,
63349,
61236,
59124,
63349,
57043,
41514,
43595,
39466,
53997,
21162,
15059,
12848,
12711,
0,
12710,
0,
0,
0,
0,
0,
0,
0,
0,
0,
0,
0,
0,
0,
0,
12710,
57011,
56979,
63317,
12645,
39434,
43595,
39434,
39434,
58126,
51916,
19049,
17173,
15059,
17139,
63422,
10597,
17140,
12711,
0,
0,
0,
0,
0,
0,
0,
0,
0,
0,
0,
0,
12710,
63349,
61269,
12678,
12711,
0,
12678,
12678,
43595,
43595,
21130,
21130,
12881,
12678,
17205,
65535,
65535,
63422,
12881,
12711,
0,
0,
0,
0,
0,
0,
0,
0,
0,
0,
0,
0,
10597,
12678,
12678,
0,
0,
0,
0,
0,
10597,
12646,
17173,
15059,
12710,
0,
10597,
12678,
63455,
10799,
12710,
0,
0,
0,
0,
0,
0,
0,
0,
0,
0,
0,
0,
0,
0,
0,
0,
0,
0,
0,
0,
0,
0,
0,
12710,
57083,
12678,
0,
0,
0,
12678,
19017,
17140,
12711,
0,
0,
0,
0,
0,
0,
0,
0,
0,
0,
0,
0,
0,
0,
0,
0,
0,
0,
0,
0,
0,
0,
12710,
65503,
17173,
12711,
0,
0,
0,
12678,
17173,
12711,
0,
0,
0,
0,
0,
0,
0,
0,
0,
0,
0,
0,
0,
0,
0,
0,
0,
0,
0,
0,
0,
0,
0,
12646,
17140,
17173,
12678,
0,
0,
0,
12710,
0,
0,
0,
0,
0,
0,
0,
0,
0,
0,
0,
0,
0,
0,
0,
0,
0,
0,
0,
0,
0,
0,
0,
0,
0,
12646,
17173,
12678,
0,
0,
0,
0,
0,
0,
0,
0,
0,
0,
0,
0,
0,
0,
0,
0,
0,
0,
0,
0,
0,
0,
0,
0,
0,
0,
0,
0,
0,
12678,
12913,
17173,
12711,
0,
0,
0,
0,
0,
0,
0,
0,
0,
0,
0,
0,
0,
0,
0,
0,
0,
0,
0,
0,
0,
0,
0,
0,
0,
0,
0,
12646,
17172,
63317,
15059,
12710,
0,
0,
0,
0,
0,
0,
0,
0,
0,
0,
0,
0,
0,
0,
0,
0,
0,
0,
0,
0,
0,
0,
0,
0,
0,
0,
0,
10598,
17139,
63317,
12678,
0,
0,
0,
0,
0,
0,
0,
0,
0,
0,
0,
0,
0,
0,
0,
0,
0,
0,
0,
0,
0,
0,
0,
0,
0,
0,
0,
0,
0,
12678,
12881,
12711,
0,
0,
0,
0,
0,
0,
0,
0,
0,
0,
0,
0,
0,
0,
0,
0,
0,
0,
0,
0,
0,
0,
0,
0,
0,
0,
0,
0,
0,
0,
12711,
0,
0,
0,
0,
0,
0,
0,
0,
0,
0,
0,
0,
0,
0,
0,
0,
0,
0,
0,
0,
0,
0,
0,
0,
0,
0,
0,
0,
0,
0,
0,
0,
0,
0,
0,
0,
0,
0,
0,
0,
0,
0,
0,
0,
0,
