2020
0,
0,
0,
0,
0,
0,
0,
0,
0,
0,
0,
0,
0,
0,
0,
0,
0,
0,
0,
0,
0,
0,
0,
0,
0,
0,
0,
0,
0,
0,
0,
0,
0,
0,
0,
0,
0,
0,
0,
0,
0,
0,
0,
0,
0,
0,
0,
0,
0,
0,
0,
0,
0,
0,
0,
0,
0,
0,
0,
0,
0,
0,
0,
0,
0,
0,
0,
0,
0,
0,
0,
0,
0,
0,
0,
0,
0,
0,
0,
0,
0,
0,
0,
0,
0,
0,
0,
0,
0,
0,
0,
0,
0,
0,
0,
0,
0,
0,
0,
0,
0,
0,
0,
0,
0,
0,
0,
0,
0,
0,
0,
0,
0,
0,
0,
0,
0,
0,
0,
0,
0,
0,
0,
0,
0,
0,
0,
0,
0,
0,
0,
0,
0,
12710,
12710,
14823,
0,
0,
0,
0,
0,
0,
0,
12710,
14759,
14759,
0,
14823,
0,
0,
0,
0,
0,
0,
0,
0,
0,
0,
0,
0,
0,
0,
0,
0,
14791,
21162,
35729,
37874,
12678,
12678,
14823,
0,
0,
0,
12710,
65535,
50941,
21130,
14791,
65535,
12678,
14791,
0,
0,
0,
0,
0,
0,
0,
0,
0,
0,
0,
0,
0,
0,
14791,
37874,
37874,
39923,
37874,
37874,
23243,
12710,
14759,
14791,
40059,
23243,
23275,
48543,
48575,
48575,
23243,
52856,
14823,
0,
0,
0,
0,
0,
0,
0,
0,
0,
0,
0,
0,
0,
0,
12710,
21162,
39923,
35761,
23243,
48575,
44350,
46463,
48575,
44350,
46495,
48575,
44350,
48543,
23275,
65503,
23243,
52823,
12710,
0,
0,
0,
0,
0,
0,
0,
0,
0,
0,
0,
0,
0,
0,
12678,
14759,
12678,
35729,
23243,
21130,
21162,
23275,
44317,
44350,
48543,
42269,
21162,
23243,
37912,
37978,
14791,
0,
0,
0,
0,
0,
0,
0,
0,
0,
0,
0,
0,
0,
0,
0,
0,
0,
0,
14759,
23275,
42139,
48575,
48575,
48543,
48575,
48575,
23243,
50974,
59391,
23243,
42139,
42139,
14791,
0,
0,
0,
0,
0,
0,
0,
0,
0,
0,
0,
0,
0,
0,
0,
14759,
12710,
37978,
48575,
44350,
46463,
48543,
21162,
46431,
23275,
65503,
12710,
14791,
55135,
23243,
40059,
12710,
0,
0,
0,
0,
0,
0,
0,
0,
0,
0,
0,
0,
0,
0,
12710,
42140,
44318,
44318,
48575,
37912,
21162,
23275,
44317,
44350,
23243,
44602,
12710,
14791,
53054,
23211,
40058,
63422,
12710,
14791,
0,
0,
0,
0,
0,
0,
0,
0,
0,
0,
0,
14791,
48575,
48575,
42139,
14759,
14759,
14791,
23275,
48575,
48543,
23243,
23243,
23275,
61439,
59391,
23243,
42139,
23275,
65535,
52856,
23243,
14823,
0,
0,
0,
0,
0,
0,
0,
0,
0,
0,
12710,
12710,
14759,
12678,
0,
0,
0,
12711,
48543,
21130,
23243,
48543,
21130,
23211,
23243,
37913,
23243,
65535,
21162,
52856,
23243,
46286,
14791,
0,
0,
0,
0,
0,
0,
0,
0,
0,
0,
0,
0,
0,
0,
0,
12710,
44382,
23243,
21162,
46431,
63326,
46423,
23211,
42107,
37913,
40026,
23243,
46518,
23243,
39948,
44238,
14791,
0,
0,
0,
0,
0,
0,
0,
0,
0,
0,
0,
0,
0,
0,
0,
14791,
23243,
23275,
48575,
65375,
54779,
65375,
65375,
23243,
23243,
23275,
50511,
23275,
50511,
42060,
50511,
14823,
0,
0,
0,
0,
0,
0,
0,
0,
0,
0,
0,
0,
0,
0,
0,
0,
12711,
48575,
59068,
61181,
52730,
59068,
50618,
23275,
48472,
23243,
39980,
46318,
42060,
50511,
46286,
14791,
0,
0,
0,
0,
0,
0,
0,
0,
0,
0,
0,
0,
0,
0,
0,
0,
12711,
48575,
59036,
50585,
63326,
59036,
50618,
63294,
21162,
61181,
23211,
21130,
50511,
48431,
12710,
0,
0,
0,
0,
0,
0,
0,
0,
0,
0,
0,
0,
0,
0,
0,
0,
14791,
48575,
65375,
65375,
54779,
65375,
65375,
54779,
65375,
23275,
65375,
54779,
63294,
23243,
14823,
0,
0,
0,
0,
0,
0,
0,
0,
0,
0,
0,
0,
0,
0,
0,
0,
0,
12710,
46431,
65375,
59036,
50585,
63326,
59036,
50618,
63294,
21162,
63262,
63262,
48472,
63262,
14791,
0,
0,
0,
0,
0,
0,
0,
0,
0,
0,
0,
0,
0,
0,
0,
0,
0,
12710,
46431,
65375,
48472,
61149,
52730,
59036,
50618,
63294,
12678,
50618,
63262,
46424,
63262,
14791,
0,
0,
0,
0,
0,
0,
0,
0,
0,
0,
0,
0,
0,
0,
0,
0,
14791,
48575,
65375,
65375,
52731,
65375,
54779,
65375,
52730,
14823,
0,
14791,
65375,
63294,
23275,
65375,
14823,
0,
0,
0,
0,
0,
0,
0,
0,
0,
0,
0,
0,
0,
0,
0,
14791,
44350,
61149,
65375,
48472,
61149,
52698,
12678,
14791,
0,
0,
0,
12710,
12710,
63294,
63262,
12710,
0,
0,
0,
0,
0,
0,
0,
0,
0,
0,
0,
0,
0,
0,
0,
14791,
44382,
61181,
65375,
48504,
61181,
14791,
0,
0,
0,
0,
0,
0,
0,
12710,
14791,
0,
0,
0,
0,
0,
0,
0,
0,
0,
0,
0,
0,
0,
0,
0,
0,
14791,
48575,
65375,
65375,
52730,
14823,
0,
0,
0,
0,
0,
0,
0,
0,
0,
0,
0,
0,
0,
0,
0,
0,
0,
0,
0,
0,
0,
0,
0,
0,
0,
0,
14791,
21162,
61149,
65375,
12710,
0,
0,
0,
0,
0,
0,
0,
0,
0,
0,
0,
0,
0,
0,
0,
0,
0,
0,
0,
0,
0,
0,
0,
0,
0,
0,
0,
0,
12678,
12710,
14823,
0,
0,
0,
0,
0,
0,
0,
0,
0,
0,
0,
0,
0,
0,
0,
0,
0,
0,
0,
0,
0,
0,
0,
0,
0,
0,
0,
0,
0,
0,
0,
0,
0,
0,
0,
0,
0,
0,
0,
0,
0,
0,
0,
0,
0,
0,
0,
0,
0,
0,
0,
0,
0,
0,
0,
0,
0,
0,
0,
0,
0,
0,
0,
0,
0,
0,
0,
0,
0,
0,
0,
0,
0,
0,
0,
0,
0,
0,
0,
0,
0,
0,
0,
0,
0,
0,
0,
0,
0,
0,
0,
0,
0,
0,
0,
0,
0,
0,
0,
0,
0,
0,
0,
0,
0,
0,
0,
0,
0,
0,
0,
0,
0,
0,
0,
0,
0,
0,
0,
0,
0,
0,
0,
0,
0,
0,
0,
0,
0,
0,
0,
0,
0,
0,
0,
0,
0,
0,
0,
0,
0,
0,
0,
0,
0,
0,
0,
0,
0,
0,
0,
0,
0,
0,
0,
0,
0,
0,
0,
0,
0,
0,
0,
0,
0,
0,
0,
0,
0,
0,
0,
0,
0,
0,
0,
0,
0,
0,
