2020
0,
0,
0,
0,
0,
0,
0,
0,
0,
0,
0,
0,
0,
0,
0,
0,
0,
0,
0,
0,
0,
0,
0,
0,
0,
0,
0,
0,
0,
0,
0,
0,
0,
0,
0,
0,
0,
0,
0,
0,
0,
0,
0,
0,
0,
0,
0,
0,
0,
0,
0,
0,
0,
0,
0,
0,
0,
0,
0,
0,
0,
0,
0,
0,
0,
0,
0,
0,
0,
0,
0,
0,
0,
0,
0,
0,
0,
0,
0,
0,
0,
0,
12678,
12678,
14791,
0,
0,
0,
0,
0,
0,
0,
0,
0,
0,
0,
0,
0,
0,
0,
0,
0,
0,
0,
0,
0,
0,
0,
0,
0,
0,
0,
0,
12710,
48427,
50507,
14823,
0,
0,
0,
0,
0,
0,
0,
0,
0,
0,
0,
0,
0,
0,
0,
0,
0,
0,
0,
0,
0,
0,
0,
0,
0,
0,
0,
0,
14791,
52588,
37929,
37929,
14791,
0,
0,
0,
0,
0,
0,
0,
0,
0,
0,
0,
0,
0,
0,
0,
0,
0,
0,
0,
0,
0,
0,
0,
0,
0,
0,
12710,
52620,
35752,
48427,
50540,
12710,
0,
0,
0,
0,
0,
0,
0,
0,
0,
0,
0,
0,
0,
0,
0,
0,
0,
0,
0,
0,
0,
0,
0,
0,
14823,
0,
14758,
52620,
48427,
50507,
14823,
0,
0,
0,
0,
0,
0,
0,
0,
0,
0,
0,
0,
0,
0,
0,
0,
0,
0,
0,
0,
0,
0,
0,
0,
14791,
52825,
14791,
52825,
23243,
23243,
52620,
14823,
0,
0,
0,
0,
0,
0,
0,
0,
0,
0,
0,
0,
0,
0,
0,
0,
0,
0,
0,
0,
0,
0,
12710,
12678,
35752,
37929,
46486,
0,
52825,
46486,
21162,
50744,
12710,
0,
12710,
12710,
0,
0,
0,
0,
0,
0,
0,
0,
0,
0,
0,
0,
0,
0,
0,
0,
12710,
12710,
52620,
48459,
50507,
52620,
21162,
21162,
23243,
48631,
50712,
0,
12678,
14758,
37929,
35784,
14791,
0,
0,
0,
0,
0,
0,
0,
0,
0,
0,
0,
0,
0,
0,
14790,
65350,
52620,
65535,
65535,
50540,
39977,
50539,
65382,
65383,
23243,
52825,
52825,
23210,
37929,
37929,
37896,
37897,
14823,
0,
0,
0,
0,
0,
0,
0,
0,
0,
0,
0,
12678,
12678,
52620,
63142,
63142,
52620,
12678,
35784,
65382,
63142,
65222,
65351,
21130,
48599,
50776,
46486,
21162,
37897,
33704,
35816,
12743,
0,
0,
0,
0,
0,
0,
0,
0,
0,
12678,
14791,
50507,
48427,
65414,
65318,
65318,
65414,
65286,
65318,
65414,
65286,
65318,
23243,
48631,
50744,
52825,
21162,
50540,
52620,
35784,
14791,
0,
0,
0,
0,
0,
0,
0,
0,
0,
14758,
50507,
52620,
50540,
37897,
65414,
65350,
65350,
65414,
65350,
65350,
65414,
65350,
65350,
23243,
50744,
52825,
65535,
65535,
23243,
52620,
14791,
0,
0,
0,
0,
0,
0,
0,
0,
0,
0,
0,
12678,
14758,
46347,
35784,
65382,
63142,
63142,
65382,
63142,
63142,
52620,
33704,
35816,
65351,
21130,
65503,
65535,
21130,
48459,
50540,
46314,
12743,
0,
0,
0,
0,
0,
0,
0,
0,
0,
0,
0,
0,
12710,
21162,
23275,
65350,
65350,
65414,
65318,
52588,
65535,
50539,
65382,
65414,
21162,
65535,
65535,
65535,
23243,
52620,
48459,
14823,
0,
0,
0,
0,
0,
0,
0,
0,
0,
0,
0,
0,
14790,
65318,
65383,
23243,
65350,
65414,
65351,
65535,
14791,
50539,
65382,
52620,
21162,
65535,
52825,
21162,
52620,
52620,
37864,
14823,
0,
14791,
0,
0,
0,
0,
0,
0,
0,
0,
0,
14790,
63142,
63142,
52620,
46315,
21162,
65382,
46315,
63422,
65535,
46315,
63174,
23243,
63390,
65503,
65535,
21130,
48459,
37929,
63110,
65254,
23242,
61062,
14791,
0,
0,
0,
0,
0,
0,
0,
0,
14790,
65350,
50507,
65414,
65350,
23211,
23243,
21162,
23243,
65535,
65318,
23243,
65535,
50712,
23243,
23243,
50507,
65382,
65382,
65318,
65382,
65383,
48459,
14823,
0,
0,
0,
0,
0,
0,
0,
0,
14790,
65318,
65286,
52620,
37896,
37897,
52620,
48459,
50507,
23243,
21162,
50507,
23243,
21162,
65350,
65382,
65254,
65382,
65382,
65254,
65382,
65382,
65254,
14823,
0,
0,
0,
0,
0,
0,
0,
0,
0,
12710,
63142,
65382,
63142,
35784,
65535,
46315,
46347,
52620,
46315,
65222,
65382,
63110,
65222,
65350,
63110,
65286,
65350,
63110,
65286,
65318,
46314,
14791,
0,
0,
0,
0,
0,
0,
0,
0,
0,
0,
12710,
14791,
50540,
50540,
52652,
65535,
65535,
52620,
50539,
65382,
65382,
12710,
12710,
14790,
65318,
65383,
52620,
14758,
52620,
65350,
14791,
0,
0,
0,
0,
0,
0,
0,
0,
0,
0,
0,
0,
0,
12710,
14758,
52620,
48459,
50508,
65535,
12678,
12710,
14823,
0,
0,
0,
12678,
12710,
14823,
0,
12710,
14791,
0,
0,
0,
0,
0,
0,
0,
0,
0,
0,
0,
0,
0,
0,
0,
0,
12710,
12678,
12678,
14791,
61342,
0,
12710,
12678,
12678,
14791,
0,
0,
0,
0,
0,
0,
0,
0,
0,
0,
0,
0,
0,
0,
0,
0,
0,
0,
0,
0,
0,
0,
0,
0,
0,
0,
0,
65535,
23243,
50776,
52825,
23243,
14791,
0,
0,
0,
0,
0,
0,
0,
0,
0,
0,
0,
0,
0,
0,
0,
0,
0,
0,
0,
0,
0,
0,
0,
0,
0,
0,
14791,
65535,
12678,
14759,
52825,
12711,
0,
0,
0,
0,
0,
0,
0,
0,
0,
0,
0,
0,
0,
0,
0,
0,
0,
0,
0,
0,
0,
0,
0,
0,
0,
0,
12710,
52825,
12678,
12710,
50744,
12710,
0,
0,
0,
0,
0,
0,
0,
0,
0,
0,
0,
0,
0,
0,
0,
0,
0,
0,
0,
0,
0,
0,
0,
0,
0,
0,
14759,
23243,
50776,
52825,
23243,
14791,
0,
0,
0,
0,
0,
0,
0,
0,
0,
0,
0,
0,
0,
0,
0,
0,
0,
0,
0,
0,
0,
0,
0,
0,
0,
0,
0,
12710,
12678,
12710,
14823,
0,
0,
0,
0,
0,
0,
0,
0,
0,
0,
0,
0,
0,
0,
0,
0,
0,
0,
0,
0,
0,
0,
0,
0,
0,
0,
0,
0,
0,
0,
0,
0,
0,
0,
0,
0,
0,
0,
0,
0,
0,
0,
0,
0,
0,
0,
0,
0,
0,
0,
0,
0,
0,
0,
0,
0,
0,
0,
0,
0,
0,
0,
0,
0,
0,
0,
0,
0,
0,
0,
0,
0,
0,
0,
0,
0,
0,
0,
0,
0,
0,
0,
0,
0,
0,
0,
0,
0,
0,
0,
0,
0,
0,
0,
0,
0,
0,
0,
0,
0,
0,
0,
0,
0,
0,
0,
0,
