2020
0,
0,
0,
0,
0,
0,
0,
0,
0,
0,
0,
0,
12710,
14823,
0,
0,
0,
0,
0,
0,
0,
0,
0,
0,
0,
0,
0,
0,
0,
0,
0,
0,
0,
0,
0,
0,
0,
0,
0,
0,
0,
0,
0,
14791,
52988,
31894,
14791,
0,
0,
0,
0,
0,
0,
0,
0,
0,
0,
0,
0,
0,
0,
0,
0,
0,
0,
0,
0,
0,
0,
0,
0,
0,
0,
12678,
14791,
29716,
44439,
55133,
21130,
12711,
0,
0,
0,
0,
0,
0,
0,
0,
0,
0,
0,
0,
0,
0,
0,
0,
0,
0,
0,
0,
0,
0,
0,
14759,
14791,
46584,
33974,
65535,
31862,
55134,
31829,
14823,
0,
0,
0,
0,
0,
0,
0,
0,
0,
0,
0,
0,
0,
0,
0,
0,
0,
0,
0,
0,
0,
0,
14759,
55134,
46584,
46552,
48697,
31861,
65535,
33974,
52988,
31829,
14823,
0,
0,
0,
0,
0,
0,
0,
0,
0,
0,
0,
0,
0,
0,
0,
0,
0,
0,
0,
0,
0,
12678,
31894,
44439,
21130,
31894,
29716,
44439,
33942,
48762,
29716,
14823,
0,
0,
0,
0,
0,
0,
0,
0,
0,
0,
0,
0,
0,
0,
0,
0,
0,
0,
0,
0,
14791,
48665,
48697,
23275,
55133,
55134,
33942,
65535,
23275,
55101,
31862,
31894,
14823,
0,
0,
0,
0,
0,
0,
0,
0,
0,
0,
0,
0,
0,
0,
0,
0,
0,
0,
0,
14791,
46552,
23275,
53020,
52988,
33942,
55685,
46584,
23275,
52988,
46584,
31894,
14791,
0,
0,
0,
0,
0,
0,
0,
0,
0,
0,
0,
0,
0,
0,
0,
0,
0,
0,
14791,
29781,
42358,
23275,
50875,
44406,
48730,
65503,
21162,
55134,
44438,
44439,
31894,
27668,
12711,
0,
0,
0,
0,
0,
0,
0,
0,
0,
0,
0,
0,
0,
0,
0,
0,
14791,
57182,
48697,
31894,
48697,
48665,
23275,
65535,
65535,
23275,
48697,
48665,
48697,
31894,
31862,
14759,
0,
0,
0,
0,
0,
0,
0,
0,
0,
0,
0,
0,
0,
0,
0,
0,
12710,
55134,
46617,
21162,
48697,
46551,
21162,
23243,
21162,
46584,
23275,
46552,
46584,
31894,
14791,
0,
0,
0,
0,
0,
0,
0,
0,
0,
0,
0,
0,
0,
0,
0,
0,
0,
12678,
31894,
44471,
21162,
55133,
44439,
29715,
23275,
44439,
21130,
55134,
44438,
44439,
31862,
12711,
0,
0,
0,
0,
0,
0,
0,
0,
0,
0,
0,
0,
0,
0,
0,
0,
0,
0,
14791,
48697,
23275,
57182,
48697,
48665,
31894,
48697,
48665,
23275,
48665,
48697,
31894,
31862,
14823,
0,
0,
0,
0,
0,
0,
0,
0,
0,
0,
0,
0,
0,
0,
0,
0,
0,
0,
12710,
21162,
55134,
46552,
44471,
48697,
46552,
44471,
23275,
44471,
46552,
31894,
29748,
14791,
0,
0,
0,
0,
0,
0,
0,
0,
0,
0,
0,
0,
0,
0,
0,
0,
0,
0,
12710,
48794,
55133,
44439,
44406,
48697,
44439,
21162,
48697,
44438,
29716,
31862,
12711,
0,
0,
12678,
12711,
0,
0,
0,
0,
0,
0,
0,
0,
0,
0,
0,
0,
0,
0,
0,
14791,
55134,
48697,
48697,
48697,
48697,
48697,
48697,
57182,
48697,
31894,
31894,
14823,
0,
14791,
55101,
14823,
0,
0,
0,
0,
0,
0,
0,
0,
0,
0,
0,
0,
0,
0,
0,
14791,
44471,
48697,
29781,
29748,
48697,
46552,
52956,
57182,
29748,
29780,
23243,
21162,
12710,
23275,
50843,
14791,
0,
0,
0,
0,
0,
0,
0,
0,
0,
0,
0,
0,
0,
0,
0,
0,
12678,
14791,
44471,
29716,
33942,
50875,
50875,
48697,
29716,
21130,
23275,
29716,
21162,
48697,
21130,
12678,
14823,
0,
0,
0,
0,
0,
0,
0,
0,
0,
0,
0,
0,
0,
0,
0,
0,
0,
14791,
31894,
23275,
55134,
55134,
31894,
23243,
31894,
31894,
31894,
23275,
48697,
23243,
31894,
31894,
14823,
0,
0,
0,
0,
0,
0,
0,
0,
0,
0,
0,
0,
0,
0,
0,
0,
0,
12678,
14759,
21162,
29781,
31894,
21162,
29781,
31894,
29748,
31829,
23243,
21162,
31829,
31894,
29716,
14791,
0,
0,
12710,
14823,
0,
0,
0,
0,
0,
0,
0,
0,
0,
0,
0,
0,
0,
0,
12678,
12678,
23243,
29716,
29748,
48697,
44439,
29749,
31894,
21162,
44503,
48665,
27668,
12710,
12710,
12710,
46584,
14791,
0,
0,
0,
0,
0,
0,
0,
0,
0,
0,
0,
0,
0,
0,
0,
0,
14759,
31894,
48697,
48697,
48697,
31894,
23275,
48697,
48697,
48697,
31894,
23243,
23275,
48665,
14823,
0,
0,
0,
0,
0,
0,
0,
0,
0,
0,
0,
0,
0,
0,
0,
0,
0,
0,
12678,
21162,
48697,
29716,
29748,
14791,
29716,
46552,
31862,
21130,
31829,
31862,
12711,
0,
0,
0,
0,
0,
0,
0,
0,
0,
0,
0,
0,
0,
0,
0,
0,
0,
0,
0,
12710,
44439,
23243,
12678,
12743,
0,
12678,
12710,
23275,
44438,
46584,
31862,
27667,
14791,
0,
0,
0,
0,
0,
0,
0,
0,
0,
0,
0,
0,
0,
0,
0,
0,
0,
14791,
48697,
31862,
14823,
0,
0,
0,
0,
14791,
33942,
48697,
48697,
48697,
31862,
14823,
0,
0,
0,
0,
0,
0,
0,
0,
0,
0,
0,
0,
0,
0,
0,
0,
0,
14791,
44438,
12711,
0,
0,
0,
0,
12710,
44471,
14791,
29716,
46584,
48665,
21130,
31829,
14791,
0,
0,
0,
0,
0,
0,
0,
0,
0,
0,
0,
0,
0,
0,
0,
0,
14759,
12711,
0,
0,
0,
0,
0,
12678,
14791,
0,
12678,
23211,
23243,
29716,
31861,
31861,
12711,
0,
0,
0,
0,
0,
0,
0,
0,
0,
0,
0,
0,
0,
0,
0,
0,
0,
0,
0,
0,
0,
0,
0,
0,
0,
0,
14791,
48697,
48697,
31894,
31894,
14823,
0,
0,
0,
0,
0,
0,
0,
0,
0,
0,
0,
0,
0,
0,
0,
0,
0,
0,
0,
0,
0,
0,
0,
0,
12710,
12678,
14791,
48665,
44438,
46584,
31829,
12711,
0,
0,
0,
0,
0,
0,
0,
0,
0,
0,
0,
0,
0,
0,
0,
0,
0,
0,
0,
0,
0,
0,
0,
0,
14791,
29716,
23211,
23275,
44439,
31861,
14823,
0,
0,
0,
0,
0,
0,
0,
0,
0,
0,
0,
0,
0,
0,
0,
0,
0,
0,
0,
0,
0,
0,
0,
0,
0,
0,
14791,
33942,
48697,
23243,
23243,
14823,
0,
0,
0,
0,
0,
0,
0,
0,
0,
0,
0,
0,
0,
0,
0,
0,
0,
0,
0,
0,
0,
0,
0,
0,
12678,
12710,
12710,
46584,
48665,
27668,
29781,
14791,
0,
0,
0,
0,
0,
0,
0,
0,
0,
0,
0,
0,
0,
0,
0,
0,
0,
0,
0,
0,
0,
0,
14759,
12710,
46584,
31862,
21130,
23243,
31862,
29716,
14791,
0,
0,
0,
0,
0,
0,
0,
0,
0,
0,
0,
0,
0,
0,
0,
0,
0,
0,
0,
0,
0,
0,
14791,
57182,
55133,
48697,
48697,
31862,
14759,
14759,
14791,
48665,
14823,
0,
0,
0,
0,
0,
0,
0,
0,
0,
0,
0,
0,
0,
0,
0,
0,
0,
0,
0,
0,
0,
0,
14759,
12678,
12678,
12710,
12711,
0,
0,
0,
12710,
14791,
0,
0,
0,
0,
0,
0,
0,
0,
0,
0,
0,
0,
0,
0,
0,
0,
0,
0,
0,
0,
0,
0,
0,
0,
0,
0,
0,
0,
0,
0,
0,
0,
0,
0,
0,
