2020
0,
0,
0,
0,
0,
0,
0,
0,
0,
0,
0,
0,
0,
0,
0,
0,
0,
0,
0,
0,
0,
0,
0,
0,
0,
0,
0,
0,
0,
0,
0,
0,
0,
0,
0,
0,
0,
0,
0,
0,
0,
0,
0,
0,
0,
0,
0,
0,
0,
0,
0,
0,
0,
0,
0,
0,
0,
0,
0,
0,
0,
0,
0,
0,
0,
0,
0,
0,
0,
0,
0,
0,
0,
0,
0,
0,
0,
0,
0,
0,
0,
0,
0,
0,
0,
0,
0,
0,
0,
0,
0,
0,
0,
0,
0,
0,
0,
0,
0,
0,
0,
0,
0,
0,
0,
0,
0,
0,
0,
0,
0,
0,
0,
0,
0,
0,
0,
0,
0,
0,
0,
0,
0,
0,
0,
0,
0,
0,
0,
0,
0,
0,
0,
0,
0,
0,
0,
0,
0,
0,
0,
0,
0,
0,
0,
0,
0,
0,
0,
0,
0,
0,
0,
0,
0,
0,
0,
0,
0,
0,
0,
0,
0,
0,
0,
0,
0,
0,
0,
0,
0,
0,
0,
0,
0,
0,
0,
0,
0,
0,
0,
0,
0,
0,
0,
0,
0,
0,
0,
0,
0,
0,
0,
0,
0,
0,
0,
0,
0,
0,
0,
0,
0,
14759,
14759,
14791,
14823,
0,
0,
0,
0,
0,
0,
0,
0,
0,
0,
0,
0,
0,
0,
0,
0,
0,
0,
0,
0,
0,
0,
0,
0,
0,
0,
12710,
14791,
46452,
57048,
59161,
35724,
14791,
0,
12710,
12710,
14823,
0,
0,
0,
0,
0,
0,
0,
0,
0,
0,
0,
0,
0,
0,
0,
0,
0,
0,
0,
0,
12678,
33643,
59161,
52823,
52855,
59161,
52823,
21162,
14791,
44339,
52887,
57081,
12711,
0,
0,
0,
0,
0,
0,
0,
0,
0,
0,
0,
0,
0,
0,
0,
0,
0,
0,
14791,
37836,
59161,
59194,
57113,
59161,
59194,
57113,
37804,
23275,
37804,
37836,
59194,
57081,
14823,
0,
0,
0,
0,
0,
0,
0,
0,
0,
0,
0,
0,
0,
0,
0,
0,
0,
14791,
54968,
57048,
59194,
54968,
57048,
59194,
46452,
35724,
23275,
35724,
55000,
37804,
21162,
12710,
14791,
12743,
0,
0,
0,
0,
0,
0,
0,
0,
0,
0,
0,
0,
0,
0,
12710,
59161,
52855,
52855,
59161,
52823,
44339,
37804,
33611,
33643,
23243,
21130,
21162,
23243,
60372,
56078,
57081,
44307,
14791,
0,
0,
0,
0,
0,
0,
0,
0,
0,
0,
0,
0,
0,
14759,
59194,
37804,
37804,
48565,
37804,
37804,
37804,
37804,
37804,
37804,
23243,
14791,
64598,
23243,
64598,
60207,
57081,
37804,
14823,
0,
0,
0,
0,
0,
0,
0,
0,
0,
0,
0,
12710,
52855,
37804,
35691,
35691,
37804,
33643,
35692,
64598,
62452,
56078,
37804,
21162,
65535,
64598,
60404,
64566,
60207,
52855,
48532,
14823,
0,
0,
0,
0,
0,
0,
0,
0,
0,
0,
0,
12678,
52823,
37837,
52855,
44339,
37804,
53965,
60372,
64598,
60372,
60404,
37804,
21162,
44371,
48533,
60372,
56078,
57081,
52823,
54968,
35724,
12711,
0,
0,
0,
0,
0,
0,
0,
0,
0,
0,
14791,
59161,
37837,
59161,
59161,
37837,
64598,
64598,
60206,
60207,
64598,
37804,
23275,
50645,
65535,
59161,
59194,
59194,
59161,
59161,
37804,
14823,
0,
0,
0,
0,
0,
0,
0,
0,
0,
0,
14791,
52855,
37837,
46420,
54968,
37804,
62452,
56045,
64598,
56045,
64533,
37804,
21162,
46452,
14823,
65503,
57081,
59161,
52855,
57081,
35756,
12743,
0,
0,
0,
0,
0,
0,
0,
0,
0,
0,
12710,
44339,
37804,
33643,
33643,
37837,
60372,
53965,
60207,
60372,
62453,
37804,
21130,
46452,
65535,
54970,
57048,
57113,
52823,
46452,
35724,
12711,
0,
0,
0,
0,
0,
0,
0,
0,
0,
0,
14791,
37804,
37804,
37804,
37804,
64598,
64598,
64598,
64598,
64598,
64598,
37804,
23275,
48565,
48565,
48565,
59194,
59194,
57113,
37804,
14823,
0,
0,
0,
0,
0,
0,
0,
0,
0,
0,
0,
0,
12678,
37804,
62485,
62453,
64598,
62452,
56045,
64598,
62452,
56078,
37804,
12678,
14759,
48565,
44339,
23243,
23243,
12678,
35756,
14823,
0,
0,
0,
0,
0,
0,
0,
0,
0,
0,
0,
0,
12678,
60207,
62452,
60404,
64598,
60372,
60404,
64598,
60372,
33643,
14823,
0,
0,
14791,
21162,
64533,
37804,
50774,
14791,
0,
0,
0,
0,
0,
0,
0,
0,
0,
0,
0,
0,
0,
0,
14791,
64598,
64598,
64598,
64598,
64598,
64598,
64598,
37804,
14823,
0,
0,
14791,
64598,
64598,
37837,
59161,
59161,
14823,
0,
0,
0,
0,
0,
0,
0,
0,
0,
0,
0,
0,
0,
14791,
35691,
60404,
60207,
60372,
60404,
64598,
60372,
35691,
14823,
0,
0,
14791,
60372,
35724,
37804,
33643,
55000,
14791,
0,
0,
0,
0,
0,
0,
0,
0,
0,
0,
0,
0,
0,
0,
12710,
33643,
64598,
60372,
60404,
64598,
53965,
14791,
0,
0,
0,
14791,
60372,
35756,
57113,
33643,
54968,
14791,
0,
0,
0,
0,
0,
0,
0,
0,
0,
0,
0,
0,
0,
0,
0,
14791,
14791,
64598,
64598,
60206,
37804,
14823,
0,
0,
0,
0,
14791,
64598,
37837,
57113,
14823,
0,
0,
0,
0,
0,
0,
0,
0,
0,
0,
0,
0,
0,
0,
0,
0,
0,
0,
12678,
12678,
14791,
12711,
0,
0,
0,
0,
0,
0,
12710,
14759,
12711,
0,
0,
0,
0,
0,
0,
0,
0,
0,
0,
0,
0,
0,
0,
0,
0,
0,
0,
0,
0,
0,
0,
0,
0,
0,
0,
0,
0,
0,
0,
0,
0,
0,
0,
0,
0,
0,
0,
0,
0,
0,
0,
0,
0,
0,
0,
0,
0,
0,
0,
0,
0,
0,
0,
0,
0,
0,
0,
0,
0,
0,
0,
0,
0,
0,
0,
0,
0,
0,
0,
0,
0,
0,
0,
0,
0,
0,
0,
0,
0,
0,
0,
0,
0,
0,
0,
0,
0,
0,
0,
0,
0,
0,
0,
0,
0,
0,
0,
0,
0,
0,
0,
0,
0,
0,
0,
0,
0,
0,
0,
0,
0,
0,
0,
0,
0,
0,
0,
0,
0,
0,
0,
0,
0,
0,
0,
0,
0,
0,
0,
0,
0,
0,
0,
0,
0,
0,
0,
0,
0,
0,
0,
0,
0,
0,
0,
0,
0,
0,
0,
0,
0,
0,
0,
0,
0,
0,
0,
0,
0,
0,
0,
0,
0,
0,
0,
0,
0,
0,
0,
0,
0,
0,
0,
0,
0,
0,
0,
0,
0,
0,
0,
0,
0,
0,
0,
0,
0,
0,
0,
0,
0,
0,
0,
0,
0,
0,
0,
0,
0,
