2020
0,
0,
0,
0,
0,
0,
0,
0,
0,
0,
0,
0,
0,
0,
0,
0,
0,
0,
0,
0,
0,
0,
0,
0,
0,
0,
0,
0,
0,
0,
0,
0,
0,
0,
0,
0,
0,
0,
0,
0,
0,
0,
0,
0,
0,
0,
0,
0,
0,
0,
0,
0,
0,
0,
0,
0,
0,
0,
0,
0,
0,
0,
0,
0,
0,
0,
0,
0,
0,
0,
0,
0,
0,
0,
0,
0,
0,
0,
0,
0,
0,
0,
0,
0,
0,
0,
0,
0,
0,
0,
0,
0,
0,
0,
0,
0,
0,
0,
0,
0,
0,
0,
0,
0,
0,
0,
0,
0,
0,
0,
0,
0,
0,
0,
0,
0,
0,
0,
0,
0,
0,
0,
0,
0,
0,
0,
0,
0,
0,
0,
0,
0,
0,
0,
0,
0,
0,
0,
0,
0,
0,
0,
0,
0,
0,
0,
0,
0,
0,
0,
0,
0,
0,
0,
0,
0,
0,
0,
0,
0,
0,
0,
0,
0,
0,
0,
0,
0,
10597,
12711,
0,
0,
0,
0,
0,
0,
0,
0,
0,
0,
0,
0,
0,
0,
0,
0,
0,
0,
0,
0,
0,
0,
0,
0,
0,
0,
0,
0,
0,
12710,
64564,
61021,
12711,
0,
0,
12678,
12711,
0,
0,
21130,
12711,
0,
0,
0,
0,
0,
0,
0,
0,
0,
0,
0,
0,
0,
0,
0,
0,
0,
0,
0,
12710,
13275,
12646,
41709,
56827,
12646,
12678,
19049,
58322,
12678,
12678,
61341,
61021,
12678,
0,
12678,
12678,
0,
0,
0,
0,
0,
0,
0,
0,
0,
0,
0,
0,
0,
0,
0,
12678,
12678,
0,
12710,
54746,
19049,
64532,
37516,
58322,
65535,
42684,
13275,
13823,
57115,
21130,
65503,
57083,
12710,
0,
10597,
12710,
0,
0,
0,
0,
0,
0,
0,
0,
0,
0,
0,
0,
0,
0,
12678,
21130,
21162,
41677,
64532,
64532,
64564,
65017,
65535,
65535,
65503,
46258,
64564,
64564,
65503,
12678,
53774,
21130,
12711,
0,
0,
0,
0,
0,
0,
0,
0,
0,
0,
0,
0,
10597,
41677,
49645,
47597,
21162,
58290,
58322,
64532,
58290,
60791,
65535,
59164,
61277,
21130,
47596,
21130,
46226,
19017,
21130,
62451,
12678,
0,
0,
0,
0,
0,
0,
0,
0,
0,
0,
10597,
47597,
15389,
13274,
19017,
21162,
37516,
58322,
64532,
58322,
61277,
65535,
57115,
21097,
64532,
58290,
61341,
21162,
54714,
62451,
60403,
12678,
0,
0,
0,
0,
0,
0,
0,
0,
0,
0,
12678,
53774,
53806,
21162,
61053,
65535,
65503,
41677,
64564,
65535,
65535,
15421,
13791,
21162,
65535,
65503,
21162,
65535,
65503,
53774,
12711,
0,
0,
0,
0,
0,
0,
0,
0,
0,
0,
0,
0,
10597,
12678,
12678,
59196,
65017,
58290,
19049,
64564,
57116,
13725,
65535,
13660,
61277,
21130,
19017,
21130,
63454,
39952,
12710,
0,
0,
0,
0,
0,
0,
0,
0,
0,
0,
0,
0,
0,
0,
0,
0,
10597,
41677,
58322,
19049,
64532,
58323,
61309,
13823,
44732,
61309,
21162,
59164,
21130,
12678,
12678,
0,
0,
0,
0,
0,
0,
0,
0,
0,
0,
0,
0,
0,
0,
0,
0,
12678,
21162,
64564,
64985,
65503,
21162,
64532,
64564,
65535,
65535,
21162,
65535,
46258,
61021,
12711,
0,
0,
0,
0,
0,
0,
0,
0,
0,
0,
0,
0,
0,
0,
0,
0,
12678,
58322,
19049,
65535,
59196,
54746,
21130,
10597,
19049,
21130,
19049,
61309,
63454,
19017,
12710,
0,
0,
0,
0,
0,
0,
0,
0,
0,
0,
0,
0,
0,
0,
0,
0,
12646,
64564,
13275,
13275,
21130,
19049,
19049,
12711,
0,
12678,
61053,
19017,
61309,
21162,
54746,
58940,
12711,
0,
0,
0,
0,
0,
0,
0,
0,
0,
0,
0,
0,
0,
0,
0,
12710,
64564,
64532,
64532,
64564,
21130,
65503,
12711,
0,
12678,
21162,
65503,
21162,
61053,
61053,
61053,
41677,
12678,
12711,
0,
0,
0,
0,
0,
0,
0,
0,
0,
0,
0,
0,
0,
0,
12678,
10597,
10597,
21130,
19049,
59196,
12711,
0,
0,
12710,
57115,
19049,
21130,
12646,
58907,
62484,
56242,
12710,
0,
0,
0,
0,
0,
0,
0,
0,
0,
0,
0,
0,
0,
0,
0,
0,
0,
12710,
59196,
12678,
0,
0,
12678,
21162,
54746,
44113,
12711,
0,
12678,
12678,
12678,
0,
0,
0,
0,
0,
0,
0,
0,
0,
0,
0,
0,
0,
0,
0,
0,
12678,
12710,
64564,
21130,
21130,
12678,
12678,
53774,
53774,
12710,
65503,
12711,
0,
0,
0,
0,
0,
0,
0,
0,
0,
0,
0,
0,
0,
0,
0,
0,
0,
0,
0,
12710,
11612,
13242,
21130,
10597,
12646,
53774,
47596,
49645,
12711,
0,
12678,
63422,
12678,
0,
0,
0,
0,
0,
0,
0,
0,
0,
0,
0,
0,
0,
0,
0,
0,
0,
0,
12678,
12646,
10597,
12711,
0,
0,
12678,
10597,
12710,
0,
0,
12678,
62484,
12678,
0,
0,
0,
0,
0,
0,
0,
0,
0,
0,
0,
0,
0,
0,
0,
0,
0,
0,
0,
0,
0,
0,
0,
0,
0,
0,
0,
0,
0,
12710,
15389,
12711,
0,
0,
0,
0,
0,
0,
0,
0,
0,
0,
0,
0,
0,
0,
0,
0,
0,
0,
0,
0,
0,
0,
0,
0,
0,
0,
0,
0,
10598,
11612,
12711,
0,
0,
0,
0,
0,
0,
0,
0,
0,
0,
0,
0,
0,
0,
0,
0,
0,
0,
0,
0,
0,
0,
0,
0,
0,
0,
0,
0,
0,
10597,
12710,
0,
0,
0,
0,
0,
0,
0,
0,
0,
0,
0,
0,
0,
0,
0,
0,
0,
0,
0,
0,
0,
0,
0,
0,
0,
0,
0,
0,
0,
0,
0,
0,
0,
0,
0,
0,
0,
0,
0,
0,
0,
0,
0,
0,
0,
0,
0,
0,
0,
0,
0,
0,
0,
0,
0,
0,
0,
0,
0,
0,
0,
0,
0,
0,
0,
0,
0,
0,
0,
0,
0,
0,
0,
0,
0,
0,
0,
0,
0,
0,
0,
0,
0,
0,
0,
0,
0,
0,
0,
0,
0,
0,
0,
0,
0,
0,
0,
0,
0,
0,
0,
0,
0,
0,
0,
0,
0,
0,
0,
0,
0,
0,
0,
0,
0,
0,
0,
0,
0,
0,
0,
0,
0,
0,
0,
0,
0,
0,
0,
0,
0,
0,
0,
0,
0,
0,
0,
0,
0,
0,
0,
0,
0,
0,
0,
0,
0,
0,
0,
0,
0,
0,
0,
0,
0,
0,
0,
0,
0,
0,
0,
0,
0,
0,
0,
0,
0,
0,
0,
0,
0,
