2020
0,
0,
0,
0,
0,
0,
0,
0,
0,
0,
0,
0,
0,
0,
0,
0,
0,
0,
0,
0,
0,
0,
0,
0,
0,
0,
0,
0,
0,
0,
0,
0,
0,
0,
0,
0,
0,
0,
0,
0,
0,
0,
0,
0,
0,
0,
0,
0,
0,
0,
0,
0,
0,
0,
0,
0,
0,
0,
0,
0,
0,
0,
0,
0,
0,
0,
0,
0,
0,
0,
0,
0,
0,
0,
0,
0,
0,
0,
0,
0,
0,
0,
0,
0,
0,
0,
0,
0,
0,
0,
0,
0,
0,
0,
0,
0,
0,
0,
0,
0,
0,
0,
0,
0,
12710,
12711,
0,
0,
0,
0,
0,
0,
0,
0,
0,
0,
0,
0,
0,
0,
0,
0,
0,
0,
0,
0,
0,
0,
0,
0,
0,
0,
0,
0,
14759,
14791,
42191,
12743,
0,
0,
0,
0,
0,
0,
0,
0,
0,
0,
0,
0,
0,
0,
0,
0,
0,
0,
0,
0,
0,
0,
0,
0,
0,
0,
0,
14791,
50675,
21162,
40143,
12710,
12711,
0,
0,
0,
0,
0,
0,
0,
0,
0,
0,
0,
0,
0,
0,
0,
0,
0,
0,
0,
0,
0,
0,
0,
0,
0,
0,
14791,
48594,
46482,
23243,
37998,
21130,
14791,
0,
0,
0,
0,
0,
0,
0,
0,
0,
0,
0,
0,
0,
0,
0,
0,
0,
0,
0,
0,
0,
0,
0,
0,
0,
0,
14759,
52787,
23243,
35852,
52755,
14791,
0,
0,
0,
0,
14759,
14759,
0,
14759,
14791,
0,
0,
0,
0,
0,
0,
0,
0,
0,
0,
0,
0,
0,
0,
0,
0,
0,
14758,
31627,
35852,
48594,
48530,
23243,
12711,
0,
14759,
12710,
48562,
52788,
12710,
23211,
40143,
12678,
12711,
0,
0,
0,
0,
0,
0,
0,
0,
0,
0,
0,
0,
0,
0,
0,
12710,
37966,
35820,
48530,
21130,
35820,
37998,
12678,
23275,
65503,
65503,
42191,
48530,
21162,
23275,
46450,
31659,
12743,
0,
0,
0,
0,
0,
0,
0,
0,
0,
0,
0,
0,
0,
0,
14791,
42191,
42191,
33772,
35820,
42191,
23275,
52788,
52788,
40143,
14791,
42191,
52788,
52788,
23275,
52788,
35852,
52788,
14791,
0,
0,
0,
0,
0,
0,
0,
0,
0,
0,
0,
0,
0,
0,
12710,
42191,
37998,
37966,
42191,
31627,
21130,
23275,
48530,
48562,
52788,
48530,
48562,
23243,
21130,
21162,
52755,
12710,
0,
0,
0,
0,
0,
0,
0,
0,
0,
0,
0,
0,
0,
0,
0,
14759,
12710,
37966,
35852,
48562,
48530,
23275,
48530,
37998,
33772,
31627,
48562,
23243,
37966,
37998,
23243,
31595,
12743,
0,
0,
0,
0,
0,
0,
0,
0,
0,
0,
0,
0,
0,
0,
0,
0,
14791,
52788,
52788,
23243,
52788,
52788,
52788,
52788,
35852,
52788,
23243,
40143,
23243,
23243,
33772,
14791,
0,
0,
0,
0,
0,
0,
0,
0,
0,
0,
0,
0,
0,
0,
0,
12710,
48530,
52788,
48530,
21130,
23243,
37998,
48530,
23275,
63454,
48562,
52787,
21130,
48562,
33740,
12710,
0,
0,
0,
0,
0,
0,
0,
0,
0,
0,
0,
0,
0,
0,
0,
0,
12710,
48562,
52788,
38030,
48562,
23275,
48562,
48562,
14791,
21162,
50643,
52787,
21162,
50643,
35820,
48530,
12743,
0,
0,
0,
0,
0,
0,
0,
0,
0,
0,
0,
0,
0,
0,
0,
14791,
52788,
42191,
52787,
23275,
52788,
52788,
52788,
65535,
65535,
52788,
23243,
23243,
52788,
35852,
52755,
14791,
0,
0,
0,
0,
0,
0,
0,
0,
0,
0,
0,
0,
0,
0,
0,
0,
12710,
42191,
48562,
21130,
23243,
21130,
48530,
33772,
31627,
37998,
23275,
46450,
31691,
52755,
21130,
12743,
0,
0,
0,
0,
0,
0,
0,
0,
0,
0,
0,
0,
0,
0,
0,
0,
12710,
52788,
38030,
48562,
52788,
21130,
48562,
23243,
37998,
21162,
35820,
37966,
40079,
40143,
21130,
33740,
14791,
0,
0,
0,
0,
0,
0,
0,
0,
0,
0,
0,
0,
0,
14759,
14791,
23243,
35852,
52788,
52788,
52788,
23243,
23243,
52788,
52788,
42191,
42191,
42191,
42191,
23243,
23243,
23243,
14823,
0,
0,
0,
0,
0,
0,
0,
0,
0,
0,
0,
0,
12710,
52787,
48530,
21130,
23243,
12710,
48530,
52787,
46449,
48530,
52788,
31627,
31659,
40143,
21130,
21162,
40111,
21130,
31659,
14791,
0,
0,
0,
0,
0,
0,
0,
0,
0,
0,
0,
12710,
21130,
23275,
48562,
48530,
14791,
0,
12710,
42191,
21162,
48562,
35820,
37998,
40079,
33772,
37966,
40079,
23243,
21130,
23211,
14791,
0,
0,
0,
0,
0,
0,
0,
0,
0,
0,
0,
14791,
52755,
33772,
23243,
33772,
52788,
14759,
14791,
23243,
42191,
52788,
52788,
23243,
35820,
42191,
12710,
14791,
33772,
33740,
14791,
0,
0,
0,
0,
0,
0,
0,
0,
0,
0,
0,
14791,
48562,
46450,
33772,
21162,
46450,
52788,
37998,
48530,
52788,
37966,
48530,
23243,
37966,
37998,
14791,
0,
0,
12710,
12710,
0,
0,
0,
0,
0,
0,
0,
0,
0,
0,
0,
0,
14791,
50675,
31627,
23275,
48562,
21162,
52788,
48562,
37998,
42191,
48562,
48562,
23243,
12678,
12711,
0,
0,
0,
0,
0,
0,
0,
0,
0,
0,
0,
0,
0,
0,
0,
0,
0,
0,
14791,
23243,
52788,
52787,
23243,
52788,
52788,
52788,
52788,
52787,
14759,
14791,
0,
0,
0,
0,
0,
0,
0,
0,
0,
0,
0,
0,
0,
0,
0,
0,
0,
0,
0,
0,
0,
12710,
52755,
21162,
46450,
52788,
37966,
37998,
52755,
12678,
0,
0,
0,
0,
0,
0,
0,
0,
0,
0,
0,
0,
0,
0,
0,
0,
0,
0,
0,
0,
0,
0,
0,
0,
14791,
14791,
48594,
42191,
50643,
12710,
14791,
0,
0,
0,
0,
0,
0,
0,
0,
0,
0,
0,
0,
0,
0,
0,
0,
0,
0,
0,
0,
0,
0,
0,
0,
0,
0,
0,
12710,
14759,
14791,
0,
0,
0,
0,
0,
0,
0,
0,
0,
0,
0,
0,
0,
0,
0,
0,
0,
0,
0,
0,
0,
0,
0,
0,
0,
0,
0,
0,
0,
0,
0,
0,
0,
0,
0,
0,
0,
0,
0,
0,
0,
0,
0,
0,
0,
0,
0,
0,
0,
0,
0,
0,
0,
0,
0,
0,
0,
0,
0,
0,
0,
0,
0,
0,
0,
0,
0,
0,
0,
0,
0,
0,
0,
0,
0,
0,
0,
0,
0,
0,
0,
0,
0,
0,
0,
0,
0,
0,
0,
0,
0,
0,
0,
0,
0,
0,
0,
0,
0,
0,
0,
0,
0,
0,
0,
0,
0,
0,
0,
0,
0,
0,
0,
0,
0,
