2020
0,
0,
0,
0,
0,
0,
0,
0,
0,
0,
0,
0,
0,
0,
0,
12710,
14791,
14791,
14791,
0,
0,
0,
0,
0,
0,
0,
0,
0,
0,
0,
0,
0,
0,
0,
0,
0,
0,
0,
0,
0,
0,
0,
0,
0,
0,
0,
14823,
21398,
29949,
25356,
50744,
14824,
0,
0,
0,
0,
0,
0,
0,
0,
0,
0,
0,
0,
0,
0,
0,
0,
0,
0,
0,
0,
0,
0,
0,
14823,
14823,
14824,
30014,
23577,
30014,
30014,
16904,
0,
0,
0,
0,
0,
0,
0,
0,
0,
0,
0,
0,
0,
0,
0,
0,
0,
0,
0,
0,
0,
0,
12710,
14791,
30014,
27836,
21431,
23545,
27836,
21464,
30014,
23211,
14824,
0,
0,
0,
0,
0,
0,
0,
0,
0,
0,
0,
0,
0,
0,
0,
0,
0,
0,
0,
0,
14824,
38463,
29949,
30014,
21431,
29949,
30014,
27837,
23545,
30014,
23243,
54970,
14856,
0,
0,
0,
0,
0,
0,
0,
0,
0,
0,
0,
0,
0,
0,
0,
0,
0,
0,
14824,
40639,
23577,
25356,
25356,
25356,
30014,
30014,
30014,
23577,
30014,
25356,
16904,
0,
0,
0,
0,
0,
0,
0,
0,
0,
0,
0,
0,
0,
0,
0,
0,
0,
0,
0,
14759,
14823,
12710,
14791,
23577,
21398,
23276,
30014,
23211,
23275,
14791,
14791,
0,
0,
0,
0,
0,
0,
0,
0,
0,
0,
0,
0,
0,
0,
0,
0,
0,
0,
0,
0,
0,
0,
0,
0,
14823,
23243,
21464,
25356,
27837,
29982,
14856,
0,
0,
0,
0,
0,
0,
0,
0,
0,
0,
0,
0,
0,
0,
0,
0,
0,
0,
0,
0,
0,
0,
0,
0,
0,
0,
14823,
25356,
25356,
30014,
30014,
23577,
16904,
0,
0,
0,
0,
0,
0,
0,
0,
0,
0,
0,
0,
0,
0,
0,
0,
0,
0,
0,
0,
0,
0,
12710,
14759,
16872,
50776,
52857,
40144,
23243,
21464,
25356,
50744,
14824,
0,
0,
0,
0,
0,
0,
0,
0,
0,
0,
0,
0,
0,
0,
0,
0,
0,
0,
14759,
14759,
14823,
21431,
23275,
25356,
23243,
54970,
57083,
52825,
40144,
57083,
35951,
25324,
14856,
0,
0,
0,
0,
0,
0,
0,
0,
0,
0,
0,
0,
0,
0,
0,
0,
14823,
23545,
23545,
25356,
25356,
25356,
30014,
30014,
25356,
25388,
57083,
57083,
57083,
25356,
23577,
23577,
14856,
0,
0,
0,
0,
0,
0,
0,
0,
0,
0,
0,
0,
0,
0,
0,
14823,
23211,
23243,
25356,
23243,
21431,
30014,
27836,
27869,
30014,
23243,
54970,
57083,
50744,
23276,
21464,
14791,
0,
0,
0,
0,
0,
0,
0,
0,
0,
0,
0,
0,
0,
0,
0,
0,
14791,
14791,
25356,
23276,
38527,
23577,
27869,
29982,
25356,
38032,
57083,
57083,
52857,
57051,
25356,
21431,
16904,
0,
0,
0,
0,
0,
0,
0,
0,
0,
0,
0,
0,
0,
0,
0,
0,
0,
14824,
40639,
40639,
40639,
23545,
30014,
25388,
57083,
57083,
25388,
65535,
57083,
57083,
25356,
16904,
0,
0,
0,
0,
0,
0,
0,
0,
0,
0,
0,
0,
0,
0,
0,
0,
0,
14824,
36350,
38463,
40639,
21398,
27869,
25356,
50776,
38064,
25356,
21430,
65535,
38064,
21162,
14856,
0,
0,
0,
0,
0,
0,
0,
0,
0,
0,
0,
0,
0,
0,
0,
0,
0,
14824,
38495,
38559,
40639,
21431,
25356,
57083,
52889,
14823,
64361,
27869,
23545,
25356,
14823,
0,
0,
0,
0,
0,
0,
0,
0,
0,
0,
0,
0,
0,
0,
0,
0,
0,
0,
14824,
40639,
40639,
40639,
23545,
25388,
57115,
57083,
51850,
64361,
30014,
30014,
23577,
14791,
16904,
0,
0,
0,
0,
0,
0,
0,
0,
0,
0,
0,
0,
0,
0,
0,
0,
0,
14824,
36350,
36415,
40639,
23243,
52857,
57051,
21163,
21464,
23544,
21162,
23275,
25356,
36350,
21464,
14791,
14791,
0,
0,
0,
0,
0,
0,
0,
0,
0,
0,
0,
0,
0,
0,
0,
14824,
38495,
38559,
40639,
23275,
40144,
57083,
23243,
25356,
25388,
38463,
40607,
30014,
21463,
40639,
25356,
52857,
16904,
0,
0,
0,
0,
0,
0,
0,
0,
0,
0,
0,
0,
0,
0,
0,
14823,
40607,
23577,
29982,
25356,
25356,
25356,
40639,
40639,
21464,
23545,
23577,
21496,
40639,
40639,
25324,
16904,
0,
0,
0,
0,
0,
0,
0,
0,
0,
0,
0,
0,
0,
0,
0,
12711,
21431,
30014,
23243,
36415,
40607,
36350,
38495,
40607,
36350,
38495,
38495,
21398,
38559,
38495,
23243,
54970,
14823,
0,
0,
0,
0,
0,
0,
0,
0,
0,
0,
0,
0,
0,
0,
0,
14823,
30014,
23276,
38559,
40639,
27869,
30014,
40639,
38463,
40607,
40639,
27869,
40639,
40607,
23243,
14823,
14856,
0,
0,
0,
0,
0,
0,
0,
0,
0,
0,
0,
0,
0,
0,
0,
0,
14824,
29982,
25356,
25356,
25356,
40639,
40639,
21464,
23545,
23577,
38527,
40639,
25388,
54970,
16904,
0,
0,
0,
0,
0,
0,
0,
0,
0,
0,
0,
0,
0,
0,
14823,
12710,
14791,
30014,
21162,
23243,
30014,
21398,
23275,
25356,
27836,
27901,
21464,
36350,
21464,
14791,
14791,
0,
0,
0,
0,
0,
0,
0,
0,
0,
0,
0,
0,
0,
0,
14791,
23577,
21496,
30014,
23577,
21464,
23545,
25356,
21464,
30014,
25356,
23275,
25356,
25356,
14791,
16904,
0,
0,
0,
0,
0,
0,
0,
0,
0,
0,
0,
0,
0,
0,
0,
0,
14791,
40639,
21496,
23545,
23577,
21464,
23545,
30014,
25324,
25356,
30014,
29982,
25356,
57083,
14824,
0,
0,
0,
0,
0,
0,
0,
0,
0,
0,
0,
0,
0,
0,
0,
0,
0,
0,
14824,
36350,
27869,
23545,
21398,
27869,
30014,
27836,
21464,
30014,
27804,
14791,
14824,
0,
0,
0,
0,
0,
0,
0,
0,
0,
0,
0,
0,
0,
0,
0,
0,
0,
0,
0,
0,
14791,
14823,
30014,
29982,
23545,
23577,
29982,
23577,
30014,
29949,
16904,
0,
0,
0,
0,
0,
0,
0,
0,
0,
0,
0,
0,
0,
0,
0,
0,
0,
0,
0,
0,
0,
0,
0,
14823,
14791,
14823,
30014,
21463,
23545,
30014,
23275,
57051,
14856,
0,
0,
0,
0,
0,
0,
0,
0,
0,
0,
0,
0,
0,
0,
0,
0,
0,
0,
0,
0,
0,
0,
0,
0,
0,
14823,
21398,
27901,
29982,
12710,
14824,
0,
0,
0,
0,
0,
0,
0,
0,
0,
0,
0,
0,
0,
0,
0,
0,
0,
0,
0,
0,
0,
0,
0,
0,
0,
0,
0,
14791,
14823,
16904,
0,
0,
0,
0,
0,
0,
0,
0,
0,
0,
0,
0,
0,
0,
