2020
0,
0,
0,
0,
0,
0,
0,
0,
0,
0,
0,
0,
0,
0,
0,
0,
0,
0,
0,
0,
0,
0,
0,
0,
0,
0,
0,
0,
0,
0,
0,
0,
0,
0,
0,
0,
0,
0,
0,
0,
0,
0,
0,
0,
14758,
12710,
0,
0,
0,
0,
0,
0,
0,
0,
0,
0,
0,
0,
0,
0,
0,
0,
0,
0,
0,
0,
0,
0,
0,
0,
0,
0,
0,
0,
14758,
14758,
49999,
49999,
12710,
0,
0,
0,
0,
0,
0,
0,
0,
0,
0,
0,
0,
0,
0,
0,
0,
0,
0,
0,
0,
0,
0,
0,
0,
0,
0,
14758,
49999,
49999,
49999,
49999,
12678,
0,
0,
0,
0,
0,
0,
0,
0,
0,
0,
0,
0,
0,
0,
0,
0,
0,
0,
0,
0,
0,
0,
0,
0,
0,
14758,
49999,
21130,
21130,
21130,
12678,
0,
0,
0,
0,
0,
0,
0,
0,
0,
0,
0,
0,
0,
0,
0,
0,
0,
0,
0,
0,
0,
0,
0,
0,
0,
14758,
49999,
21130,
43659,
36122,
36122,
43659,
12710,
12710,
0,
0,
0,
0,
0,
0,
0,
0,
0,
0,
0,
0,
0,
0,
0,
0,
0,
0,
0,
0,
0,
0,
0,
12678,
43659,
64596,
64596,
43691,
43691,
64596,
64596,
21130,
12710,
0,
0,
0,
0,
0,
0,
0,
0,
0,
0,
0,
0,
0,
0,
0,
0,
0,
0,
0,
0,
0,
14758,
49999,
64596,
64628,
60044,
65503,
39432,
60044,
64628,
49999,
12678,
0,
0,
0,
0,
0,
0,
0,
0,
0,
0,
0,
0,
0,
0,
0,
0,
0,
0,
0,
0,
0,
12678,
43659,
64628,
64628,
64596,
39464,
60044,
64596,
64628,
64596,
64596,
12710,
0,
12710,
12710,
0,
0,
0,
0,
0,
0,
0,
0,
0,
0,
0,
0,
0,
0,
0,
0,
0,
12678,
64596,
64628,
64628,
64628,
64596,
64596,
64628,
64628,
64628,
64628,
12678,
0,
12678,
44639,
12710,
0,
0,
0,
0,
0,
0,
0,
0,
0,
0,
0,
0,
0,
0,
0,
14758,
64596,
64628,
64628,
64628,
64628,
64628,
43659,
36154,
44639,
27702,
64628,
12678,
0,
12678,
21162,
36122,
12710,
0,
0,
0,
0,
0,
0,
0,
0,
0,
0,
0,
0,
0,
0,
12678,
64628,
64628,
64628,
43659,
64628,
43659,
36122,
44671,
27702,
65535,
27702,
12678,
12710,
44639,
44639,
21162,
12678,
12710,
0,
0,
0,
0,
0,
0,
0,
0,
0,
0,
0,
0,
0,
12678,
64628,
64628,
64628,
64596,
21130,
43659,
44671,
36154,
63175,
12710,
65535,
21130,
44639,
44671,
21162,
21130,
21130,
27670,
12710,
0,
0,
0,
0,
0,
0,
0,
0,
0,
0,
0,
0,
0,
12678,
64628,
64628,
64628,
64596,
21130,
44671,
27702,
65535,
65503,
21162,
36122,
44671,
44671,
21130,
44639,
36122,
21130,
27670,
12710,
0,
0,
0,
0,
0,
0,
0,
0,
0,
0,
0,
0,
12678,
49999,
64628,
64628,
64628,
64596,
21162,
21130,
36154,
36154,
21130,
44671,
44671,
44671,
44639,
21162,
44671,
36122,
21130,
12678,
0,
0,
0,
0,
0,
0,
0,
0,
0,
0,
0,
0,
0,
12678,
64628,
64628,
43659,
64628,
64596,
64596,
21162,
21162,
0,
21162,
36154,
21162,
36154,
36122,
21162,
21162,
21130,
27670,
12710,
0,
0,
0,
0,
0,
0,
0,
0,
0,
0,
0,
0,
0,
12678,
64628,
64596,
43659,
64628,
64628,
64596,
64596,
21162,
12678,
44671,
44639,
21162,
21162,
12678,
36122,
36122,
12678,
12678,
0,
0,
0,
0,
0,
0,
0,
0,
0,
0,
0,
0,
0,
0,
12678,
43659,
49999,
43659,
64628,
64628,
64628,
64596,
64596,
12710,
44671,
44639,
12678,
0,
12678,
36154,
12678,
0,
0,
0,
0,
0,
0,
0,
0,
0,
0,
0,
0,
0,
0,
0,
0,
12678,
49999,
49999,
43659,
43659,
64628,
64628,
64628,
12678,
44671,
44671,
12678,
0,
12678,
36154,
36122,
14758,
0,
0,
0,
0,
0,
0,
0,
0,
0,
0,
0,
0,
0,
0,
0,
0,
12678,
49999,
49999,
49999,
43659,
43659,
12678,
0,
12710,
44671,
44639,
12710,
21130,
21162,
36154,
12678,
0,
0,
0,
0,
0,
0,
0,
0,
0,
0,
0,
0,
0,
0,
14758,
14758,
21130,
21130,
49999,
49999,
49999,
49999,
21130,
12710,
21130,
44671,
21162,
27670,
21130,
21130,
36154,
12678,
0,
0,
0,
0,
0,
0,
0,
0,
0,
0,
0,
0,
0,
14758,
36122,
36122,
36122,
36122,
21130,
21130,
49999,
21130,
21130,
27670,
27670,
21162,
21130,
12678,
21130,
36122,
12678,
0,
0,
0,
0,
0,
0,
0,
0,
0,
0,
0,
0,
0,
0,
0,
12678,
36154,
39464,
60076,
36122,
36122,
21130,
21130,
36122,
27702,
21130,
12678,
12678,
0,
12678,
36154,
12678,
0,
0,
0,
0,
0,
0,
0,
0,
0,
0,
0,
0,
0,
0,
0,
0,
12678,
36122,
36122,
36154,
21162,
36122,
12678,
21162,
12678,
12678,
0,
12678,
12710,
36122,
12678,
0,
0,
0,
0,
0,
0,
0,
0,
0,
0,
0,
0,
0,
0,
0,
0,
0,
12678,
21162,
21162,
21162,
44639,
12678,
0,
12678,
0,
12678,
12710,
44639,
36122,
12678,
0,
0,
0,
0,
0,
0,
0,
0,
0,
0,
0,
0,
0,
0,
0,
0,
0,
0,
12678,
44639,
44639,
44639,
44671,
44639,
12710,
44639,
12710,
44639,
44639,
12710,
12678,
0,
0,
0,
0,
0,
0,
0,
0,
0,
0,
0,
0,
0,
0,
0,
0,
0,
0,
0,
0,
12710,
44671,
39464,
60076,
44671,
44639,
44671,
44639,
12710,
12710,
0,
0,
0,
0,
0,
0,
0,
0,
0,
0,
0,
0,
0,
0,
0,
0,
0,
0,
0,
0,
0,
0,
0,
12710,
44639,
44639,
12710,
12710,
44671,
12710,
0,
0,
0,
0,
0,
0,
0,
0,
0,
0,
0,
0,
0,
0,
0,
0,
0,
0,
0,
0,
0,
0,
0,
0,
0,
12678,
44671,
12710,
0,
0,
12710,
0,
0,
0,
0,
0,
0,
0,
0,
0,
0,
0,
0,
0,
0,
0,
0,
0,
0,
0,
0,
0,
0,
0,
0,
0,
0,
12678,
12710,
0,
0,
0,
0,
0,
0,
0,
0,
0,
0,
0,
0,
0,
0,
0,
0,
0,
0,
0,
0,
0,
0,
0,
0,
0,
0,
0,
0,
0,
0,
0,
0,
0,
0,
0,
0,
0,
0,
0,
0,
0,
0,
0,
0,
0,
0,
0,
0,
0,
0,
0,
0,
0,
0,
0,
0,
0,
0,
0,
0,
0,
0,
0,
0,
0,
0,
0,
0,
0,
0,
0,
0,
0,
0,
0,
0,
0,
0,
0,
0,
0,
0,
