2020
0,
0,
0,
0,
0,
0,
0,
0,
0,
0,
0,
0,
0,
0,
0,
0,
0,
0,
0,
0,
0,
0,
0,
0,
0,
0,
0,
0,
0,
0,
0,
0,
0,
0,
0,
0,
0,
0,
0,
0,
0,
0,
0,
0,
0,
0,
0,
0,
0,
0,
0,
0,
0,
0,
32447,
0,
0,
0,
0,
0,
0,
0,
0,
0,
0,
0,
0,
0,
0,
0,
0,
0,
0,
0,
0,
0,
0,
0,
0,
0,
0,
0,
0,
0,
0,
32543,
34655,
0,
0,
0,
0,
0,
0,
0,
0,
0,
0,
0,
0,
0,
0,
0,
0,
0,
0,
0,
0,
0,
0,
0,
0,
0,
0,
0,
0,
0,
34687,
49023,
34623,
0,
0,
0,
0,
0,
0,
0,
0,
0,
0,
0,
0,
0,
0,
0,
0,
0,
0,
0,
0,
0,
0,
0,
0,
0,
0,
0,
0,
0,
34655,
63455,
32447,
0,
0,
0,
0,
0,
0,
0,
0,
0,
0,
0,
0,
0,
0,
0,
0,
0,
0,
0,
0,
0,
0,
0,
0,
0,
0,
34687,
0,
34655,
55263,
65535,
34655,
0,
0,
0,
0,
0,
0,
0,
0,
0,
0,
0,
0,
0,
0,
0,
0,
0,
0,
0,
0,
0,
0,
0,
0,
0,
0,
34687,
32511,
34623,
65535,
49023,
34623,
0,
0,
0,
0,
0,
0,
0,
0,
0,
0,
0,
0,
0,
0,
0,
0,
0,
0,
0,
0,
0,
0,
0,
0,
0,
32447,
65535,
32415,
65535,
65535,
46879,
32447,
0,
0,
0,
0,
0,
0,
0,
0,
0,
0,
0,
0,
0,
0,
0,
0,
0,
0,
0,
0,
0,
0,
0,
0,
0,
53183,
65535,
34655,
34655,
65535,
34655,
0,
0,
0,
0,
0,
0,
0,
0,
0,
0,
0,
0,
0,
0,
0,
0,
0,
0,
0,
0,
0,
0,
0,
0,
0,
32511,
65535,
34687,
0,
34623,
34687,
32511,
0,
0,
0,
0,
0,
0,
0,
0,
0,
0,
0,
0,
0,
0,
0,
0,
0,
0,
0,
0,
0,
0,
32447,
30399,
34655,
30367,
30399,
34655,
0,
0,
0,
32415,
0,
0,
0,
0,
0,
0,
0,
0,
0,
0,
0,
0,
0,
0,
0,
0,
0,
0,
0,
0,
0,
34687,
34623,
14791,
14791,
14823,
34655,
0,
0,
0,
0,
0,
0,
0,
0,
0,
0,
0,
0,
0,
0,
0,
0,
0,
0,
0,
0,
0,
0,
0,
0,
0,
32447,
34655,
14791,
65535,
57051,
65503,
14791,
34687,
0,
0,
0,
0,
0,
0,
0,
0,
0,
0,
0,
0,
0,
0,
0,
0,
0,
0,
0,
0,
0,
0,
0,
0,
30334,
14823,
62600,
62601,
19582,
19450,
62600,
14791,
30367,
32447,
34655,
0,
0,
0,
0,
0,
0,
0,
0,
0,
0,
0,
0,
0,
0,
0,
0,
0,
0,
0,
0,
34655,
34655,
14823,
64777,
64777,
64777,
64777,
23275,
14823,
34655,
14791,
14823,
34655,
0,
0,
0,
0,
0,
0,
0,
0,
0,
0,
0,
0,
0,
0,
0,
0,
0,
32447,
34655,
12710,
14758,
64777,
64681,
64681,
64777,
64649,
23243,
60297,
14758,
64713,
51881,
12711,
32511,
34655,
0,
0,
0,
0,
0,
0,
0,
0,
0,
0,
0,
0,
0,
34655,
32479,
12710,
14791,
56136,
62600,
64777,
64648,
62600,
64777,
50744,
65503,
65535,
56136,
64681,
60297,
12710,
32479,
34655,
30367,
34591,
0,
0,
0,
0,
0,
0,
0,
0,
0,
34687,
34655,
34655,
14823,
64777,
64777,
64777,
64777,
64777,
64777,
64777,
65535,
19582,
21662,
65535,
25355,
62345,
51881,
14823,
34687,
34687,
0,
0,
0,
0,
0,
0,
0,
0,
0,
0,
34655,
32543,
32447,
34655,
32511,
12710,
14791,
12710,
12710,
62345,
64681,
64713,
65535,
65535,
52824,
60297,
21162,
14759,
14823,
32447,
34591,
0,
0,
0,
0,
0,
0,
0,
0,
0,
0,
0,
0,
0,
0,
0,
32511,
30367,
34655,
32447,
30367,
14791,
56136,
62600,
64777,
56104,
56136,
60297,
12711,
32479,
34655,
32415,
0,
0,
0,
0,
0,
0,
0,
0,
0,
0,
0,
0,
0,
0,
0,
0,
0,
0,
0,
0,
34655,
34687,
14791,
14791,
62345,
62345,
51881,
14791,
34655,
34687,
0,
0,
34687,
34687,
0,
0,
0,
0,
0,
0,
0,
0,
0,
0,
0,
0,
0,
0,
0,
0,
0,
0,
0,
34687,
32447,
32447,
14791,
12710,
12710,
53215,
30399,
32511,
0,
30367,
49023,
65535,
32415,
0,
0,
0,
0,
0,
0,
0,
0,
0,
0,
0,
0,
0,
0,
0,
0,
0,
0,
0,
0,
32447,
34655,
30399,
32447,
36735,
65503,
48991,
34655,
32415,
51071,
65535,
46879,
34591,
0,
0,
0,
0,
0,
0,
0,
0,
0,
0,
0,
0,
0,
0,
0,
0,
0,
0,
0,
0,
0,
0,
0,
0,
36735,
65535,
53215,
36735,
65535,
65535,
65535,
34687,
0,
0,
0,
0,
0,
0,
0,
0,
0,
0,
0,
0,
0,
0,
0,
0,
0,
0,
0,
0,
0,
0,
0,
0,
0,
32511,
65535,
46879,
32511,
53183,
65503,
51103,
34655,
0,
0,
0,
0,
0,
0,
0,
0,
0,
0,
0,
0,
0,
0,
0,
0,
0,
0,
0,
0,
0,
0,
0,
0,
0,
34687,
48959,
0,
34655,
32447,
65535,
53183,
32447,
0,
0,
0,
0,
0,
0,
0,
0,
0,
0,
0,
0,
0,
0,
0,
0,
0,
0,
0,
0,
0,
0,
0,
0,
34687,
34687,
0,
0,
0,
36735,
65535,
34655,
0,
0,
0,
0,
0,
0,
0,
0,
0,
0,
0,
0,
0,
0,
0,
0,
0,
0,
0,
0,
0,
0,
0,
0,
0,
32415,
0,
0,
0,
0,
34655,
30367,
32543,
0,
0,
0,
0,
0,
0,
0,
0,
0,
0,
0,
0,
0,
0,
0,
0,
0,
0,
0,
0,
0,
0,
0,
0,
0,
0,
0,
0,
0,
0,
0,
34623,
0,
0,
0,
0,
0,
0,
0,
0,
0,
0,
0,
0,
0,
0,
0,
0,
0,
0,
0,
0,
0,
0,
0,
0,
0,
0,
0,
0,
0,
0,
0,
0,
0,
0,
0,
0,
0,
0,
0,
0,
0,
0,
0,
0,
0,
0,
0,
0,
0,
0,
0,
0,
0,
0,
0,
0,
0,
0,
0,
0,
0,
0,
0,
0,
0,
0,
0,
0,
0,
0,
0,
0,
0,
0,
0,
0,
0,
0,
0,
0,
0,
0,
0,
0,
0,
0,
0,
0,
0,
0,
0,
0,
0,
0,
0,
0,
0,
0,
0,
