2020
0,
0,
0,
0,
0,
0,
0,
0,
0,
0,
0,
0,
0,
0,
0,
0,
0,
0,
0,
0,
0,
0,
0,
0,
0,
0,
0,
0,
0,
0,
0,
0,
0,
0,
0,
0,
0,
0,
0,
0,
0,
0,
0,
0,
0,
0,
0,
0,
0,
0,
0,
0,
0,
0,
0,
0,
0,
0,
0,
0,
0,
0,
0,
0,
0,
0,
0,
0,
0,
0,
0,
0,
0,
0,
0,
0,
0,
0,
0,
0,
0,
0,
0,
0,
0,
0,
0,
0,
0,
0,
0,
0,
0,
0,
0,
0,
0,
0,
0,
0,
0,
0,
0,
0,
0,
0,
0,
0,
0,
0,
0,
0,
0,
14790,
14790,
14790,
0,
0,
0,
0,
0,
0,
0,
0,
0,
0,
0,
0,
0,
0,
0,
0,
0,
0,
0,
0,
0,
0,
0,
0,
0,
0,
0,
14790,
14790,
12678,
29978,
12678,
0,
0,
0,
0,
0,
0,
0,
0,
0,
0,
0,
0,
0,
0,
0,
0,
0,
0,
0,
0,
0,
0,
0,
0,
0,
0,
14790,
29978,
23509,
23509,
21162,
21130,
14790,
0,
0,
0,
0,
0,
0,
0,
0,
0,
0,
0,
0,
0,
0,
0,
0,
0,
0,
0,
0,
0,
0,
0,
0,
14790,
29978,
23509,
23509,
23509,
21130,
23509,
12678,
0,
0,
0,
0,
0,
0,
0,
0,
0,
0,
0,
0,
0,
0,
0,
0,
0,
0,
0,
0,
0,
0,
0,
14791,
29978,
23509,
23509,
23509,
23509,
21130,
12678,
0,
0,
0,
0,
0,
0,
0,
0,
0,
0,
0,
0,
0,
0,
0,
0,
0,
0,
0,
0,
0,
0,
0,
14791,
29978,
23509,
21130,
21130,
21130,
21130,
17106,
12678,
14790,
0,
0,
0,
0,
0,
0,
0,
0,
0,
0,
0,
0,
0,
0,
0,
0,
0,
0,
0,
0,
0,
14790,
21130,
21162,
21162,
65503,
65503,
65503,
29978,
21130,
21130,
23509,
14790,
0,
0,
0,
0,
0,
0,
0,
0,
0,
0,
0,
0,
0,
0,
0,
0,
0,
0,
14790,
14790,
65503,
63241,
65503,
29978,
30010,
30010,
30010,
30010,
40606,
21130,
30010,
21130,
14790,
14790,
0,
0,
0,
0,
0,
0,
0,
0,
0,
0,
0,
0,
0,
0,
0,
14790,
29978,
29978,
30010,
30010,
30010,
40638,
40638,
40638,
40638,
40638,
30010,
21130,
30010,
21130,
17106,
17106,
14790,
0,
0,
0,
0,
0,
0,
0,
0,
0,
0,
0,
0,
0,
14790,
65503,
65535,
30010,
40638,
63273,
40638,
40638,
40638,
40638,
40638,
65535,
30010,
40606,
21162,
23509,
12678,
12678,
0,
0,
0,
0,
0,
0,
0,
0,
0,
0,
0,
0,
0,
14790,
65503,
53055,
40638,
30010,
40638,
40638,
40638,
40638,
40638,
40638,
65535,
65535,
30010,
40638,
21130,
21130,
12678,
0,
0,
0,
0,
0,
0,
0,
0,
0,
0,
0,
0,
0,
14790,
65503,
40638,
40638,
40638,
30010,
40638,
63273,
40638,
40638,
40638,
65535,
65535,
40638,
30010,
40638,
21130,
29978,
12678,
0,
0,
0,
0,
0,
0,
0,
0,
0,
0,
0,
0,
0,
12678,
30010,
30010,
40638,
40638,
30010,
40638,
40638,
40638,
40638,
65535,
65535,
40638,
53055,
30010,
40638,
21130,
23509,
21130,
12710,
0,
0,
0,
0,
0,
0,
0,
0,
0,
0,
0,
0,
0,
12678,
30010,
30010,
30010,
23509,
30010,
30010,
40638,
65535,
65535,
40638,
53055,
40638,
30010,
30010,
21130,
40606,
21130,
29978,
14790,
14790,
0,
0,
0,
0,
0,
0,
0,
0,
0,
0,
0,
0,
12678,
30010,
30010,
23509,
30010,
30010,
30010,
21162,
21162,
30010,
30010,
30010,
29978,
21162,
29978,
40638,
21130,
30010,
40606,
40606,
14790,
0,
0,
0,
0,
0,
0,
0,
0,
0,
0,
0,
0,
12678,
23509,
30010,
30010,
21162,
21162,
40606,
40606,
21162,
21162,
30010,
30010,
21130,
30010,
40638,
21130,
30010,
12710,
12710,
0,
0,
0,
0,
0,
0,
0,
0,
0,
0,
0,
0,
14790,
40606,
21130,
21162,
30010,
21130,
65503,
65535,
40638,
40606,
40606,
21162,
21162,
21130,
23509,
17106,
12678,
12678,
0,
0,
0,
0,
0,
0,
0,
0,
0,
0,
0,
0,
0,
14790,
40606,
23541,
29978,
12678,
21162,
65503,
65535,
40638,
40638,
40638,
40638,
40606,
40638,
21130,
23509,
12678,
0,
0,
0,
0,
0,
0,
0,
0,
0,
0,
0,
0,
0,
0,
0,
12678,
23541,
30010,
12678,
44785,
12678,
23541,
40638,
40638,
40638,
40638,
40638,
40638,
40638,
40606,
21130,
12678,
14790,
0,
0,
0,
0,
0,
0,
0,
0,
0,
0,
0,
0,
0,
0,
12678,
12678,
12678,
0,
14790,
29978,
21130,
40638,
30010,
30010,
40638,
40638,
40638,
40638,
40638,
23509,
40606,
40606,
14790,
0,
0,
0,
0,
0,
0,
0,
0,
0,
0,
0,
0,
0,
0,
0,
0,
0,
12678,
23509,
29978,
12710,
12678,
30010,
30010,
30010,
40638,
40638,
40638,
21130,
12710,
12710,
0,
0,
0,
0,
0,
0,
0,
0,
0,
0,
0,
0,
0,
0,
0,
0,
0,
0,
12678,
12678,
12678,
0,
0,
12678,
12678,
30010,
30010,
21162,
21162,
29978,
12678,
0,
0,
0,
0,
0,
0,
0,
0,
0,
0,
0,
0,
0,
0,
0,
0,
0,
0,
0,
0,
0,
0,
0,
0,
0,
0,
12678,
12678,
40606,
21130,
12678,
12678,
0,
0,
0,
0,
0,
0,
0,
0,
0,
0,
0,
0,
0,
0,
0,
0,
0,
0,
0,
0,
0,
0,
0,
0,
0,
0,
0,
0,
12710,
40606,
12678,
0,
0,
0,
0,
0,
0,
0,
0,
0,
0,
0,
0,
0,
0,
0,
0,
0,
0,
0,
0,
0,
0,
0,
0,
0,
0,
0,
0,
0,
0,
12710,
12678,
0,
0,
0,
0,
0,
0,
0,
0,
0,
0,
0,
0,
0,
0,
0,
0,
0,
0,
0,
0,
0,
0,
0,
0,
0,
0,
0,
0,
0,
0,
0,
0,
0,
0,
0,
0,
0,
0,
0,
0,
0,
0,
0,
0,
0,
0,
0,
0,
0,
0,
0,
0,
0,
0,
0,
0,
0,
0,
0,
0,
0,
0,
0,
0,
0,
0,
0,
0,
0,
0,
0,
0,
0,
0,
0,
0,
0,
0,
0,
0,
0,
0,
0,
0,
0,
0,
0,
0,
0,
0,
0,
0,
0,
0,
0,
0,
0,
0,
0,
0,
0,
0,
0,
0,
0,
0,
0,
0,
0,
0,
0,
0,
0,
0,
0,
0,
0,
0,
0,
0,
0,
0,
0,
0,
0,
0,
0,
0,
0,
0,
0,
0,
0,
0,
0,
0,
0,
0,
0,
