2020
0,
0,
0,
0,
0,
0,
0,
0,
0,
0,
0,
0,
0,
0,
0,
0,
0,
0,
0,
0,
0,
0,
0,
0,
0,
0,
0,
0,
0,
0,
0,
0,
0,
0,
0,
0,
0,
0,
0,
0,
0,
0,
0,
0,
0,
0,
0,
0,
0,
0,
0,
0,
0,
0,
0,
0,
0,
0,
0,
0,
0,
0,
0,
0,
0,
0,
0,
0,
0,
0,
0,
0,
0,
0,
0,
0,
0,
0,
0,
0,
0,
0,
0,
0,
0,
0,
0,
0,
0,
0,
0,
0,
0,
0,
0,
0,
0,
0,
0,
0,
0,
0,
0,
0,
0,
0,
0,
0,
0,
0,
0,
14759,
14823,
0,
0,
0,
0,
0,
0,
0,
0,
0,
0,
0,
0,
0,
0,
0,
0,
0,
0,
0,
0,
0,
0,
0,
0,
0,
0,
0,
14759,
12678,
12710,
23243,
12711,
0,
0,
0,
0,
0,
0,
0,
0,
0,
0,
0,
0,
0,
0,
0,
0,
0,
0,
0,
0,
12678,
14823,
0,
0,
0,
0,
14758,
54764,
40009,
21162,
23243,
21130,
12710,
14823,
0,
0,
0,
0,
0,
0,
0,
0,
0,
0,
0,
0,
0,
0,
0,
0,
0,
14791,
64853,
64134,
14823,
0,
0,
14791,
54764,
23275,
54764,
44234,
23243,
23243,
23243,
14823,
0,
0,
0,
0,
0,
0,
0,
0,
0,
0,
0,
0,
0,
0,
0,
0,
0,
12710,
57925,
64133,
12711,
0,
0,
12678,
23210,
65478,
21130,
21162,
54732,
48459,
14791,
0,
0,
0,
0,
0,
0,
0,
0,
0,
0,
0,
0,
0,
0,
0,
0,
0,
0,
12710,
21162,
14823,
0,
0,
14791,
21162,
65381,
65477,
63269,
65381,
23275,
50507,
14791,
0,
12678,
14791,
0,
0,
0,
0,
0,
0,
0,
0,
0,
0,
0,
0,
0,
0,
0,
14791,
23243,
14823,
0,
0,
14791,
23243,
23243,
23275,
65477,
65477,
65478,
14823,
0,
14791,
54764,
54764,
14823,
0,
0,
0,
0,
0,
0,
0,
0,
0,
0,
0,
0,
0,
0,
0,
12678,
23243,
12678,
12710,
54764,
61189,
40041,
23243,
21162,
63269,
23243,
21130,
14758,
65445,
40009,
52619,
21162,
12711,
0,
0,
0,
0,
0,
0,
0,
0,
0,
0,
0,
0,
0,
14758,
65493,
65478,
21162,
65349,
65477,
63301,
65414,
65535,
12678,
23243,
65535,
21162,
65445,
65477,
63237,
42154,
54700,
12711,
0,
0,
0,
0,
0,
0,
0,
0,
0,
0,
0,
0,
0,
14791,
65477,
65477,
54764,
65477,
65477,
65477,
65477,
64133,
62117,
54764,
23275,
52825,
23243,
23243,
23243,
23243,
14823,
0,
0,
0,
0,
0,
0,
0,
0,
0,
0,
0,
0,
0,
0,
0,
12678,
23243,
21162,
63237,
65477,
61189,
21162,
23275,
61189,
63269,
23275,
63422,
21162,
23243,
21130,
21162,
21162,
12711,
0,
0,
0,
0,
0,
0,
0,
0,
0,
0,
0,
0,
0,
0,
0,
14791,
65381,
65413,
65477,
65381,
23211,
23275,
65349,
65445,
54764,
21162,
52825,
23275,
65349,
65477,
54732,
12743,
0,
0,
0,
0,
0,
0,
0,
0,
0,
0,
0,
0,
0,
0,
0,
14791,
65477,
65477,
65477,
65477,
65477,
65477,
65445,
14791,
23243,
23275,
65535,
23275,
42154,
23275,
65478,
54732,
14759,
14759,
14823,
0,
0,
0,
0,
0,
0,
0,
0,
0,
0,
0,
0,
14759,
63237,
63237,
65477,
63237,
63301,
65477,
61157,
57957,
23275,
61157,
21162,
23243,
21130,
21162,
23243,
50507,
65445,
65381,
21130,
14823,
0,
0,
0,
0,
0,
0,
0,
0,
0,
0,
0,
14759,
65381,
65413,
65477,
65381,
65445,
65477,
65382,
65535,
64133,
65349,
65477,
65478,
21162,
23243,
23275,
52619,
65478,
23275,
65535,
14823,
0,
0,
0,
0,
0,
0,
0,
0,
0,
0,
0,
0,
12710,
65477,
23243,
23275,
65477,
65477,
65445,
23243,
23275,
65477,
65478,
23275,
54732,
23243,
23243,
23275,
65478,
23243,
12710,
14823,
0,
0,
0,
0,
0,
0,
0,
0,
0,
0,
0,
0,
12678,
21130,
65527,
61157,
21162,
65478,
37961,
21162,
23275,
61189,
65381,
65445,
21162,
65381,
65381,
21162,
65413,
23243,
63422,
14791,
0,
0,
0,
0,
0,
0,
0,
0,
0,
0,
0,
0,
0,
12710,
65477,
65381,
23243,
65478,
21162,
23243,
44266,
65349,
42154,
23275,
52619,
65445,
23275,
52619,
65477,
65445,
21162,
14823,
0,
0,
0,
0,
0,
0,
0,
0,
0,
0,
0,
0,
0,
0,
14791,
23243,
65445,
23243,
23211,
23275,
65477,
65445,
65478,
23275,
54700,
65477,
65478,
12710,
14759,
14759,
14791,
0,
0,
0,
0,
0,
0,
0,
0,
0,
0,
0,
0,
0,
0,
0,
0,
12678,
12678,
23243,
21162,
63269,
65445,
37961,
23210,
54732,
61189,
65381,
21162,
12711,
0,
0,
0,
0,
0,
0,
0,
0,
0,
0,
0,
0,
0,
0,
0,
0,
0,
0,
14759,
14791,
0,
14791,
65349,
65445,
65477,
63301,
23243,
56812,
63301,
23243,
23275,
50539,
14759,
14823,
0,
0,
0,
0,
0,
0,
0,
0,
0,
0,
0,
0,
0,
0,
0,
12710,
64853,
62085,
14759,
23243,
23243,
65445,
23243,
23243,
54764,
65477,
65413,
65478,
23275,
54700,
65478,
31727,
14791,
0,
0,
0,
0,
0,
0,
0,
0,
0,
0,
0,
0,
0,
0,
12678,
64133,
55877,
21162,
23243,
21130,
12710,
54732,
50507,
65381,
65445,
21130,
23210,
52651,
61157,
23211,
12710,
12711,
0,
0,
0,
0,
0,
0,
0,
0,
0,
0,
0,
0,
0,
0,
0,
14791,
23211,
23243,
23243,
14791,
0,
14791,
65413,
14791,
65478,
14758,
54764,
65478,
31695,
31727,
14823,
0,
0,
0,
0,
0,
0,
0,
0,
0,
0,
0,
0,
0,
0,
0,
0,
0,
12710,
12710,
14823,
0,
0,
0,
14791,
0,
14823,
0,
14791,
23243,
12710,
14759,
14823,
0,
0,
0,
0,
0,
0,
0,
0,
0,
0,
0,
0,
0,
0,
0,
0,
0,
0,
0,
0,
0,
0,
0,
0,
0,
0,
0,
0,
12710,
12711,
0,
0,
0,
0,
0,
0,
0,
0,
0,
0,
0,
0,
0,
0,
0,
0,
0,
0,
0,
0,
0,
0,
0,
0,
0,
0,
0,
0,
0,
0,
0,
0,
0,
0,
0,
0,
0,
0,
0,
0,
0,
0,
0,
0,
0,
0,
0,
0,
0,
0,
0,
0,
0,
0,
0,
0,
0,
0,
0,
0,
0,
0,
0,
0,
0,
0,
0,
0,
0,
0,
0,
0,
0,
0,
0,
0,
0,
0,
0,
0,
0,
0,
0,
0,
0,
0,
0,
0,
0,
0,
0,
0,
0,
0,
0,
0,
0,
0,
0,
0,
0,
0,
0,
0,
0,
