2020
0,
0,
0,
0,
0,
0,
0,
0,
0,
0,
0,
0,
0,
0,
0,
0,
0,
0,
0,
0,
0,
0,
0,
0,
0,
0,
0,
0,
0,
0,
0,
0,
0,
0,
0,
0,
0,
0,
0,
0,
0,
0,
0,
0,
0,
0,
0,
0,
0,
0,
0,
0,
0,
0,
0,
0,
0,
0,
0,
0,
0,
0,
0,
0,
0,
0,
0,
0,
0,
0,
0,
0,
0,
0,
0,
0,
0,
0,
0,
0,
0,
0,
0,
14791,
14823,
0,
0,
0,
0,
0,
0,
0,
0,
0,
0,
0,
0,
0,
0,
0,
0,
0,
0,
0,
0,
0,
0,
0,
0,
0,
0,
0,
0,
12710,
14791,
37771,
35659,
14824,
0,
0,
0,
0,
0,
0,
0,
0,
0,
0,
0,
0,
0,
0,
0,
0,
0,
0,
0,
0,
0,
0,
0,
0,
0,
0,
14823,
62440,
31335,
37771,
12743,
0,
0,
0,
0,
0,
0,
0,
0,
0,
0,
0,
0,
0,
0,
0,
0,
0,
0,
0,
0,
0,
0,
0,
0,
0,
0,
14823,
64617,
64585,
33448,
37771,
14791,
14824,
0,
0,
0,
0,
0,
0,
0,
0,
0,
0,
0,
0,
0,
0,
0,
0,
0,
0,
14759,
14759,
14791,
12710,
14823,
0,
0,
14791,
64617,
23243,
23243,
25323,
35659,
37771,
14824,
0,
0,
0,
0,
0,
0,
0,
0,
0,
0,
0,
0,
0,
0,
0,
0,
14823,
63058,
48203,
37771,
35626,
46155,
14791,
12710,
12710,
25356,
63422,
14790,
65158,
21162,
14823,
0,
0,
0,
0,
0,
0,
0,
0,
0,
0,
0,
0,
0,
0,
0,
0,
14791,
52429,
52429,
65267,
37771,
37771,
37771,
54477,
65190,
65190,
25323,
62694,
65190,
64774,
54052,
64617,
14824,
0,
0,
0,
0,
0,
0,
0,
0,
0,
0,
0,
0,
0,
0,
0,
14791,
65300,
63122,
63155,
52429,
35659,
37739,
52429,
50316,
65126,
52397,
23243,
23243,
56100,
64520,
64585,
14824,
0,
0,
0,
0,
0,
0,
0,
0,
0,
0,
0,
0,
0,
0,
14758,
46155,
65299,
63090,
63058,
65299,
46155,
35626,
52396,
46155,
48235,
65190,
46123,
48203,
25323,
62440,
64553,
64585,
12743,
0,
0,
0,
0,
0,
0,
0,
0,
0,
0,
0,
0,
0,
14823,
65267,
52429,
65299,
65299,
65300,
52396,
52396,
52429,
52396,
52428,
65222,
52396,
25356,
65535,
14823,
65190,
64617,
14824,
0,
0,
0,
0,
0,
0,
0,
0,
0,
0,
0,
0,
0,
12710,
63090,
52429,
63122,
63122,
65300,
63090,
48236,
37772,
48204,
50316,
52397,
48203,
23243,
64774,
65029,
62694,
54052,
14791,
0,
0,
0,
0,
0,
0,
0,
0,
0,
0,
0,
0,
0,
12710,
61009,
52429,
63090,
63058,
65299,
63058,
48203,
52396,
35626,
48203,
52428,
62981,
48203,
23275,
21162,
51971,
14824,
0,
0,
0,
0,
0,
0,
0,
0,
0,
0,
0,
0,
0,
14823,
62928,
52429,
65300,
65299,
65299,
65300,
65299,
52397,
52429,
37771,
39820,
52429,
52396,
52429,
52429,
52396,
23275,
14824,
0,
0,
0,
0,
0,
0,
0,
0,
0,
0,
0,
0,
0,
14823,
63122,
56687,
65300,
63122,
63122,
65300,
63122,
63122,
52397,
35658,
37739,
52397,
48203,
65126,
52396,
48203,
50316,
14791,
12710,
14823,
0,
0,
0,
0,
0,
0,
0,
0,
0,
0,
0,
14823,
63090,
63058,
65299,
63090,
63090,
65299,
63058,
63090,
52397,
48203,
35659,
37771,
46155,
65093,
65158,
21162,
23243,
33448,
33578,
37739,
14823,
0,
0,
0,
0,
0,
0,
0,
0,
0,
0,
14823,
65299,
65299,
65300,
65299,
65299,
65300,
65299,
62928,
62960,
52397,
37771,
39820,
52396,
52429,
25323,
64617,
33448,
37771,
37771,
14824,
0,
0,
0,
0,
0,
0,
0,
0,
0,
0,
0,
14823,
63122,
56687,
65300,
63122,
63122,
65300,
63122,
58735,
62928,
48204,
50316,
37772,
48203,
23243,
64617,
62472,
33448,
37771,
35626,
14759,
14824,
0,
0,
0,
0,
0,
0,
0,
0,
0,
0,
14823,
63090,
56655,
65299,
63090,
63090,
65299,
63058,
56655,
65299,
48203,
48236,
37771,
35626,
23243,
64585,
62440,
33416,
37771,
33578,
37739,
37739,
12743,
0,
0,
0,
0,
0,
0,
0,
0,
0,
14823,
62960,
65299,
65300,
62928,
65299,
65300,
65299,
52429,
65300,
52397,
37771,
37771,
37771,
25323,
64617,
64617,
64617,
33448,
37771,
33448,
14824,
0,
0,
0,
0,
0,
0,
0,
0,
0,
0,
0,
14791,
63058,
62960,
48236,
63090,
65300,
63058,
48236,
65299,
48203,
35659,
37772,
46155,
48236,
25323,
62440,
64585,
64585,
12710,
14823,
0,
0,
0,
0,
0,
0,
0,
0,
0,
0,
0,
0,
14791,
63058,
52397,
63090,
48203,
65299,
63058,
63058,
52397,
48203,
35659,
37772,
48203,
65093,
52396,
21162,
23243,
23275,
12743,
0,
0,
0,
0,
0,
0,
0,
0,
0,
0,
0,
0,
0,
14823,
65299,
52429,
65299,
52429,
65300,
65299,
62928,
52429,
52397,
39820,
54477,
65190,
65222,
52429,
52397,
25323,
64617,
64585,
14824,
0,
0,
0,
0,
0,
0,
0,
0,
0,
0,
0,
0,
0,
14758,
65300,
48203,
63090,
65300,
63058,
48203,
52397,
35626,
48236,
52429,
62981,
48236,
23275,
21162,
23243,
23275,
35626,
37739,
14823,
0,
0,
0,
0,
0,
0,
0,
0,
0,
0,
0,
0,
14758,
65300,
50316,
63122,
65300,
63090,
48236,
52397,
35659,
50316,
65190,
62981,
23243,
25323,
64520,
64585,
23275,
21162,
14759,
14823,
0,
0,
0,
0,
0,
0,
0,
0,
0,
0,
0,
0,
14791,
65300,
65299,
65299,
65300,
62928,
52397,
52429,
37772,
54477,
65190,
25323,
64617,
64617,
25323,
37771,
37771,
14824,
0,
0,
0,
0,
0,
0,
0,
0,
0,
0,
0,
0,
0,
0,
0,
14791,
56687,
63090,
65300,
48203,
48203,
37772,
48203,
48236,
14791,
12710,
14758,
37771,
33578,
14759,
14791,
12743,
0,
0,
0,
0,
0,
0,
0,
0,
0,
0,
0,
0,
0,
0,
0,
14823,
63122,
63122,
52429,
48203,
12710,
14791,
12710,
14823,
0,
0,
0,
14791,
12710,
14823,
0,
0,
0,
0,
0,
0,
0,
0,
0,
0,
0,
0,
0,
0,
0,
0,
0,
0,
14791,
14791,
14791,
14791,
0,
0,
0,
0,
0,
0,
0,
0,
0,
0,
0,
0,
0,
0,
0,
0,
0,
0,
0,
0,
0,
0,
0,
0,
0,
0,
0,
0,
0,
0,
0,
0,
0,
0,
0,
0,
0,
0,
0,
0,
0,
0,
0,
0,
0,
0,
0,
0,
0,
0,
0,
0,
0,
0,
0,
0,
0,
0,
0,
0,
0,
0,
0,
0,
0,
0,
0,
0,
0,
0,
0,
0,
0,
0,
0,
0,
0,
0,
0,
0,
0,
0,
0,
0,
