2020
0,
0,
0,
0,
0,
0,
0,
0,
0,
0,
0,
0,
0,
0,
0,
0,
0,
0,
0,
0,
0,
0,
0,
0,
0,
0,
0,
0,
0,
0,
0,
0,
0,
0,
0,
0,
0,
0,
0,
0,
0,
0,
0,
0,
0,
0,
0,
0,
0,
0,
0,
0,
0,
0,
0,
0,
0,
0,
0,
0,
0,
0,
0,
0,
0,
0,
0,
0,
0,
0,
0,
0,
0,
0,
0,
0,
0,
0,
0,
0,
0,
0,
0,
0,
0,
0,
0,
0,
0,
0,
0,
0,
0,
0,
0,
0,
0,
0,
0,
0,
0,
0,
0,
0,
0,
0,
17255,
0,
0,
0,
0,
0,
0,
0,
0,
0,
0,
0,
0,
0,
0,
0,
0,
0,
0,
0,
0,
0,
0,
0,
0,
0,
0,
0,
0,
0,
0,
17255,
27946,
17320,
0,
0,
0,
0,
0,
0,
0,
0,
0,
0,
0,
0,
0,
0,
0,
0,
0,
0,
0,
0,
0,
0,
0,
0,
0,
0,
0,
0,
0,
12678,
27978,
17320,
0,
12678,
12711,
0,
0,
0,
0,
0,
0,
0,
0,
0,
0,
0,
0,
0,
0,
0,
0,
0,
0,
0,
0,
0,
0,
0,
0,
0,
12710,
39948,
42029,
12678,
10597,
33609,
37738,
12678,
0,
0,
0,
0,
0,
0,
0,
0,
0,
0,
0,
0,
0,
0,
0,
0,
0,
0,
0,
0,
0,
0,
0,
12678,
46222,
21130,
46222,
46254,
35689,
37770,
37770,
35689,
12711,
0,
0,
0,
0,
0,
0,
0,
0,
0,
0,
0,
0,
0,
0,
0,
0,
0,
0,
0,
0,
0,
0,
12678,
12710,
27946,
12678,
37770,
35690,
37770,
29384,
35690,
12711,
0,
0,
0,
0,
0,
0,
0,
0,
0,
0,
0,
0,
0,
0,
0,
0,
0,
0,
0,
0,
0,
0,
0,
27978,
15175,
0,
12710,
33577,
19049,
21130,
19017,
19049,
12678,
12678,
0,
0,
0,
0,
0,
0,
0,
0,
0,
0,
0,
0,
0,
0,
0,
0,
0,
0,
0,
0,
0,
17320,
0,
0,
0,
12678,
46222,
21162,
62515,
64596,
21162,
35689,
12711,
0,
0,
0,
0,
0,
0,
0,
0,
0,
0,
0,
0,
0,
0,
0,
0,
0,
0,
0,
0,
0,
0,
0,
12710,
35657,
29384,
46222,
44109,
46222,
46222,
35657,
37770,
12711,
0,
0,
0,
0,
0,
0,
0,
0,
0,
0,
0,
0,
0,
0,
0,
0,
0,
0,
0,
0,
0,
0,
12710,
33577,
27303,
46222,
39948,
44109,
46222,
39948,
35657,
12710,
0,
12678,
12710,
0,
0,
0,
0,
0,
0,
0,
0,
0,
0,
0,
0,
0,
0,
0,
0,
0,
12678,
12678,
21130,
21129,
37770,
29384,
44141,
21130,
21130,
19049,
21130,
37770,
12678,
21130,
21130,
12710,
0,
0,
0,
0,
0,
0,
0,
0,
0,
0,
0,
0,
0,
0,
0,
12678,
19049,
21130,
21130,
19049,
35690,
29384,
19049,
21130,
64596,
60434,
21130,
21130,
12646,
21130,
21130,
19049,
12711,
0,
0,
0,
0,
0,
0,
0,
0,
0,
0,
0,
0,
0,
0,
12678,
19017,
19049,
21130,
19017,
33609,
29384,
19017,
19049,
21130,
19017,
19049,
21129,
33577,
21130,
19049,
19017,
12710,
0,
0,
0,
0,
0,
0,
0,
0,
0,
0,
0,
0,
12678,
12678,
21130,
21130,
21130,
21130,
21130,
37770,
29384,
44174,
21130,
21130,
21130,
21162,
37770,
37770,
21130,
21130,
21130,
12711,
0,
0,
0,
0,
0,
0,
0,
0,
0,
0,
0,
12678,
19049,
19049,
21130,
19049,
21130,
21130,
19049,
35690,
29384,
44109,
46222,
46222,
42061,
37770,
37770,
12646,
21130,
21130,
19049,
12711,
0,
0,
0,
0,
0,
0,
0,
0,
0,
0,
0,
12678,
10597,
10597,
21130,
19017,
10597,
12710,
33577,
27303,
46222,
39948,
19049,
21130,
33577,
35689,
35689,
10597,
12678,
19049,
12678,
0,
0,
0,
0,
0,
0,
0,
0,
0,
0,
0,
0,
0,
0,
0,
12678,
12711,
0,
12710,
37770,
29384,
46222,
21130,
37770,
37770,
21130,
37770,
12711,
0,
12678,
21130,
12711,
0,
0,
0,
0,
0,
0,
0,
0,
0,
0,
0,
0,
0,
0,
0,
0,
0,
0,
0,
12646,
44141,
46222,
27271,
35690,
29384,
33577,
12710,
0,
10597,
21130,
12711,
0,
0,
0,
0,
0,
0,
0,
0,
0,
0,
0,
0,
0,
0,
0,
0,
0,
0,
17255,
0,
0,
12646,
29384,
33577,
35689,
29384,
33577,
12710,
0,
10597,
21130,
12710,
0,
0,
0,
0,
0,
0,
0,
0,
0,
0,
0,
0,
0,
0,
0,
0,
0,
0,
27978,
17287,
12678,
46222,
46254,
46222,
37770,
37770,
12711,
0,
0,
0,
12678,
21130,
12711,
0,
0,
0,
0,
0,
0,
0,
0,
0,
0,
0,
0,
0,
0,
0,
0,
10597,
12678,
27978,
12646,
44141,
46222,
42029,
35690,
37770,
12678,
0,
0,
0,
0,
12678,
12678,
0,
0,
0,
0,
0,
0,
0,
0,
0,
0,
0,
0,
0,
0,
0,
0,
12645,
42029,
12710,
39948,
42029,
44173,
10597,
12646,
12711,
0,
0,
0,
0,
0,
0,
0,
0,
0,
0,
0,
0,
0,
0,
0,
0,
0,
0,
0,
0,
0,
0,
0,
12678,
21162,
46254,
46222,
46254,
28010,
17320,
0,
0,
0,
0,
0,
0,
0,
0,
0,
0,
0,
0,
0,
0,
0,
0,
0,
0,
0,
0,
0,
0,
0,
0,
0,
0,
12678,
12678,
10597,
12678,
27978,
17255,
0,
0,
0,
0,
0,
0,
0,
0,
0,
0,
0,
0,
0,
0,
0,
0,
0,
0,
0,
0,
0,
0,
0,
0,
0,
0,
0,
0,
0,
0,
17320,
0,
0,
0,
0,
0,
0,
0,
0,
0,
0,
0,
0,
0,
0,
0,
0,
0,
0,
0,
0,
0,
0,
0,
0,
0,
0,
0,
0,
0,
0,
0,
0,
0,
0,
0,
0,
0,
0,
0,
0,
0,
0,
0,
0,
0,
0,
0,
0,
0,
0,
0,
0,
0,
0,
0,
0,
0,
0,
0,
0,
0,
0,
0,
0,
0,
0,
0,
0,
0,
0,
0,
0,
0,
0,
0,
0,
0,
0,
0,
0,
0,
0,
0,
0,
0,
0,
0,
0,
0,
0,
0,
0,
0,
0,
0,
0,
0,
0,
0,
0,
0,
0,
0,
0,
0,
0,
0,
0,
0,
0,
0,
0,
0,
0,
0,
0,
0,
0,
0,
0,
0,
0,
0,
0,
0,
0,
0,
0,
0,
0,
0,
0,
0,
0,
0,
0,
0,
0,
0,
0,
0,
0,
0,
0,
0,
