2020
0,
0,
0,
0,
0,
0,
0,
0,
0,
0,
0,
0,
0,
0,
0,
14791,
0,
0,
0,
0,
0,
0,
0,
0,
0,
0,
0,
0,
0,
0,
0,
0,
0,
0,
0,
0,
0,
0,
0,
0,
0,
0,
0,
0,
0,
0,
12711,
29582,
14823,
0,
0,
0,
0,
0,
0,
0,
0,
0,
0,
0,
0,
0,
0,
0,
0,
0,
0,
0,
0,
0,
0,
0,
0,
0,
0,
0,
0,
0,
12678,
21130,
12711,
0,
0,
0,
0,
0,
0,
0,
12711,
14791,
0,
0,
0,
0,
0,
0,
0,
0,
0,
0,
0,
0,
0,
0,
0,
0,
0,
0,
0,
12711,
21130,
29582,
21130,
14823,
0,
0,
0,
0,
12711,
12711,
29582,
12711,
0,
0,
0,
0,
0,
0,
0,
0,
0,
0,
0,
0,
0,
0,
0,
0,
0,
0,
0,
12678,
29582,
29582,
29582,
21130,
12711,
14791,
0,
12711,
29582,
21130,
12711,
0,
0,
0,
0,
0,
0,
0,
0,
0,
0,
0,
0,
0,
0,
0,
12711,
14823,
0,
0,
0,
12678,
21162,
29582,
21130,
12678,
31453,
25110,
12711,
29582,
29582,
29582,
21130,
14791,
0,
0,
0,
0,
0,
0,
0,
0,
0,
0,
0,
0,
0,
0,
12678,
29582,
12711,
12711,
12711,
31453,
12678,
12678,
12743,
0,
12678,
21130,
21130,
29582,
29582,
29582,
21130,
12711,
0,
0,
0,
0,
0,
0,
0,
0,
0,
0,
0,
0,
0,
0,
0,
12678,
21130,
29582,
21130,
12711,
0,
0,
0,
14791,
46486,
65503,
63454,
21162,
29582,
21130,
31453,
12711,
0,
0,
0,
0,
0,
0,
0,
0,
0,
0,
0,
0,
0,
0,
0,
12678,
29582,
29582,
29582,
12711,
0,
0,
12711,
12710,
65535,
65535,
65535,
63454,
21162,
21130,
21130,
31453,
12711,
12710,
14791,
0,
0,
0,
0,
0,
0,
0,
0,
0,
0,
0,
0,
12678,
21130,
29582,
21130,
12711,
0,
12743,
29980,
29979,
23211,
65535,
46518,
65535,
65503,
63454,
52889,
21130,
21130,
29582,
12711,
0,
0,
0,
0,
0,
0,
0,
0,
0,
0,
0,
0,
0,
12678,
12678,
25110,
12678,
14791,
42591,
42591,
31454,
25110,
21162,
65535,
65535,
65535,
65503,
21162,
29582,
21130,
12711,
0,
0,
0,
0,
0,
0,
0,
0,
0,
0,
0,
0,
0,
0,
0,
0,
12678,
21130,
21162,
42623,
42623,
31454,
31454,
21162,
65535,
65535,
65503,
21162,
29582,
29582,
29582,
21130,
14791,
0,
0,
0,
0,
0,
0,
0,
0,
0,
0,
12711,
12711,
12711,
0,
12711,
12710,
63454,
21130,
21163,
42623,
42591,
42591,
29979,
29614,
65535,
65535,
21162,
29582,
29582,
29582,
21130,
12711,
0,
0,
0,
0,
0,
0,
0,
0,
0,
0,
12678,
42591,
42591,
12711,
65503,
65503,
65535,
65503,
63422,
21163,
42623,
42591,
21162,
54970,
65535,
65535,
63454,
21162,
29582,
21130,
12711,
0,
0,
0,
0,
0,
0,
0,
0,
0,
0,
0,
0,
12710,
25143,
65163,
50411,
33576,
65503,
29582,
21163,
29979,
21162,
21162,
21162,
54970,
65535,
65535,
65535,
63454,
21162,
21130,
12711,
0,
0,
0,
0,
0,
0,
0,
0,
0,
0,
12711,
12711,
12678,
42591,
42623,
42623,
65535,
65535,
65535,
63454,
21162,
25143,
42591,
42590,
21162,
54970,
65535,
65535,
65535,
63454,
54938,
46486,
14791,
0,
0,
0,
0,
0,
0,
0,
12711,
12711,
65503,
63422,
21130,
25143,
25143,
42623,
42623,
42623,
65503,
29614,
21130,
21163,
42623,
42623,
42590,
21162,
46518,
65535,
65535,
65535,
54970,
46486,
12711,
0,
0,
0,
0,
0,
0,
12711,
65503,
65503,
65503,
21163,
31454,
31454,
25111,
42623,
42591,
50412,
65535,
65535,
65503,
63422,
21163,
42591,
31486,
25110,
23211,
65535,
65535,
54970,
46518,
46486,
12711,
0,
0,
0,
0,
0,
12711,
65503,
65535,
65535,
65535,
63454,
21131,
31454,
42591,
42623,
65163,
33575,
65535,
54970,
46486,
21163,
42591,
42623,
31454,
25143,
21162,
65535,
65535,
65535,
54938,
14791,
0,
0,
0,
0,
0,
0,
12678,
65535,
65535,
65535,
65535,
46518,
46486,
21130,
42623,
42623,
65195,
65195,
65535,
54938,
29614,
42591,
42591,
31486,
42591,
29980,
21162,
65535,
65535,
65503,
14791,
0,
0,
0,
0,
0,
0,
0,
0,
12710,
12710,
29614,
46518,
54938,
21162,
42591,
42623,
42623,
42623,
65535,
65535,
65503,
29614,
42623,
42623,
42591,
42591,
29614,
46486,
54970,
65535,
65535,
52889,
14791,
0,
0,
0,
0,
0,
0,
0,
0,
0,
12678,
65535,
65503,
21130,
21162,
30012,
21162,
65535,
65535,
30012,
65535,
29614,
42623,
42623,
42591,
31454,
21162,
65535,
65535,
54970,
54970,
54938,
12711,
0,
0,
0,
0,
0,
0,
0,
0,
12711,
65503,
65535,
65535,
54938,
46486,
21163,
42591,
42623,
42623,
30012,
29614,
29614,
42591,
31486,
42623,
42591,
21162,
65535,
65535,
54970,
54938,
46486,
12711,
0,
0,
0,
0,
0,
0,
0,
0,
12678,
65535,
65535,
54970,
46518,
46518,
21130,
42623,
29980,
12711,
29980,
21162,
42591,
31486,
31486,
42591,
29614,
54938,
65535,
54970,
46518,
54938,
14791,
0,
0,
0,
0,
0,
0,
0,
0,
0,
0,
12710,
12710,
29614,
65535,
65535,
21130,
21162,
12743,
0,
12678,
12678,
30012,
31454,
31454,
30012,
21162,
65535,
65535,
54938,
21130,
14791,
0,
0,
0,
0,
0,
0,
0,
0,
0,
0,
0,
0,
12710,
65535,
65535,
54970,
54938,
46486,
12711,
0,
0,
0,
12678,
25111,
25143,
21163,
65503,
65535,
65535,
65503,
52889,
12711,
0,
0,
0,
0,
0,
0,
0,
0,
0,
0,
0,
0,
0,
12710,
21162,
29614,
46486,
14791,
0,
0,
0,
0,
0,
12678,
12710,
54938,
65535,
65535,
54970,
46486,
14791,
0,
0,
0,
0,
0,
0,
0,
0,
0,
0,
0,
0,
0,
0,
0,
12678,
65503,
54970,
46486,
12711,
0,
0,
0,
0,
0,
0,
14791,
65535,
65503,
12710,
12743,
0,
0,
0,
0,
0,
0,
0,
0,
0,
0,
0,
0,
0,
0,
0,
0,
0,
12710,
14759,
54938,
12711,
0,
0,
0,
0,
0,
0,
12710,
65535,
46486,
12710,
0,
0,
0,
0,
0,
0,
0,
0,
0,
0,
0,
0,
0,
0,
0,
0,
0,
0,
0,
0,
12710,
0,
0,
0,
0,
0,
0,
14791,
63454,
12710,
14791,
0,
0,
0,
0,
0,
0,
0,
0,
0,
0,
0,
0,
0,
0,
0,
0,
0,
0,
0,
0,
0,
0,
0,
0,
0,
0,
0,
0,
12678,
14791,
0,
0,
0,
0,
0,
0,
0,
0,
0,
0,
0,
0,
0,
0,
0,
0,
0,
0,
0,
0,
0,
0,
0,
0,
0,
0,
0,
0,
0,
0,
0,
0,
0,
0,
0,
0,
0,
0,
0,
0,
0,
0,
0,
0,
