2020
0,
0,
0,
0,
0,
0,
0,
0,
0,
0,
0,
0,
0,
0,
0,
0,
0,
0,
0,
0,
0,
0,
0,
0,
0,
0,
0,
0,
0,
0,
0,
0,
0,
0,
0,
0,
0,
0,
0,
0,
0,
0,
0,
0,
0,
0,
0,
0,
0,
0,
0,
0,
0,
0,
0,
0,
0,
0,
0,
0,
0,
0,
0,
0,
0,
0,
0,
0,
0,
0,
0,
0,
0,
0,
0,
0,
0,
0,
0,
0,
0,
0,
0,
0,
0,
0,
0,
0,
0,
0,
0,
0,
0,
0,
0,
0,
0,
0,
0,
0,
0,
0,
0,
0,
0,
0,
0,
12710,
14759,
12678,
0,
0,
0,
0,
0,
12678,
0,
0,
0,
0,
0,
0,
0,
0,
0,
0,
0,
0,
0,
0,
0,
0,
0,
0,
0,
0,
0,
0,
12710,
64363,
64363,
64331,
14759,
0,
0,
0,
14759,
65394,
14759,
0,
0,
0,
0,
0,
0,
0,
0,
0,
0,
0,
0,
0,
0,
0,
0,
0,
0,
0,
0,
0,
12678,
62250,
65127,
62533,
62250,
12710,
0,
0,
12710,
60138,
52555,
12710,
0,
0,
0,
0,
0,
0,
0,
0,
0,
0,
0,
0,
0,
0,
0,
0,
0,
0,
0,
14759,
12678,
39399,
65127,
64998,
21162,
23243,
12678,
12710,
55946,
62250,
65394,
12710,
0,
0,
0,
0,
0,
0,
0,
0,
0,
0,
0,
0,
0,
0,
0,
0,
0,
0,
14759,
64363,
64331,
55946,
41448,
23243,
52856,
65535,
65394,
23243,
64363,
55946,
14759,
0,
0,
14759,
0,
0,
0,
0,
0,
0,
0,
0,
0,
0,
0,
0,
0,
0,
0,
12678,
60170,
64331,
60170,
62218,
23243,
49737,
12678,
12710,
63153,
52555,
23243,
63422,
53865,
12710,
12678,
63118,
12710,
0,
0,
0,
0,
0,
0,
0,
0,
0,
0,
0,
0,
0,
0,
0,
12710,
55946,
37319,
39399,
55946,
62250,
64330,
65426,
50475,
65394,
23243,
48630,
65535,
39399,
51785,
54668,
12710,
0,
0,
0,
0,
0,
0,
0,
0,
0,
0,
0,
0,
0,
0,
12710,
12710,
41448,
64330,
64331,
41448,
64330,
64331,
65427,
65362,
65394,
54668,
21162,
52856,
54668,
53865,
14759,
0,
0,
0,
0,
0,
0,
0,
0,
0,
0,
0,
0,
0,
0,
14759,
60170,
60170,
55946,
35271,
62218,
41448,
60138,
62218,
64331,
63153,
65297,
54636,
21130,
61005,
61038,
48394,
12710,
0,
0,
0,
0,
0,
0,
0,
0,
0,
0,
0,
0,
0,
0,
14759,
64298,
64298,
64363,
64298,
64330,
41448,
62250,
53865,
14759,
12678,
65394,
54668,
21162,
52823,
63150,
62250,
14759,
0,
0,
0,
0,
0,
0,
0,
0,
0,
0,
0,
0,
0,
12710,
64363,
64330,
64331,
64363,
64330,
55946,
64363,
64330,
64331,
52856,
65535,
54668,
65427,
21162,
65535,
65198,
61038,
14759,
0,
0,
0,
0,
0,
0,
0,
0,
0,
0,
0,
0,
0,
12678,
64363,
12678,
12678,
64331,
60170,
37319,
41448,
60138,
62218,
55946,
63153,
65297,
23243,
63422,
65535,
50711,
49737,
39399,
12710,
0,
0,
0,
0,
0,
0,
0,
0,
0,
0,
0,
0,
0,
14759,
0,
0,
14759,
39399,
64331,
64363,
53865,
64331,
64363,
64330,
64331,
23243,
50743,
65535,
65535,
53865,
55946,
41448,
12710,
0,
0,
0,
0,
0,
0,
0,
0,
0,
0,
0,
0,
0,
0,
0,
14759,
64330,
64331,
64363,
64330,
64331,
23243,
64330,
23243,
52856,
65535,
52856,
55946,
21162,
41448,
55946,
63086,
14759,
0,
0,
0,
0,
0,
0,
0,
0,
0,
0,
0,
0,
0,
12678,
64331,
60170,
62218,
64331,
60138,
21130,
64331,
62886,
53865,
23243,
46517,
53865,
21162,
63153,
21162,
53865,
48394,
12710,
0,
0,
0,
0,
0,
0,
0,
0,
0,
0,
0,
0,
0,
0,
14759,
12710,
64331,
64363,
39399,
23243,
65127,
65062,
55946,
23243,
12710,
64331,
64331,
52555,
65426,
14759,
12710,
0,
0,
0,
0,
0,
0,
0,
0,
0,
0,
0,
0,
0,
0,
0,
0,
0,
12710,
14759,
21162,
64330,
65127,
64998,
55946,
14759,
0,
12710,
64331,
64298,
54668,
12710,
0,
0,
0,
0,
0,
0,
0,
0,
0,
0,
0,
0,
0,
0,
0,
0,
0,
0,
0,
0,
12678,
62218,
65094,
49737,
53865,
12710,
0,
0,
12710,
60138,
65362,
12710,
0,
0,
0,
0,
0,
0,
0,
0,
0,
0,
0,
0,
0,
0,
0,
0,
0,
0,
0,
0,
12710,
64331,
55946,
53865,
14759,
0,
0,
14759,
14759,
21162,
14759,
0,
0,
0,
0,
0,
0,
0,
0,
0,
0,
0,
0,
0,
0,
0,
0,
0,
0,
0,
0,
0,
0,
12710,
14759,
21162,
55946,
14759,
12678,
55946,
55946,
12678,
0,
0,
0,
0,
0,
0,
0,
0,
0,
0,
0,
0,
0,
0,
0,
0,
0,
0,
0,
0,
0,
0,
0,
0,
12710,
49737,
53865,
55946,
49737,
37319,
39399,
49737,
12710,
0,
0,
0,
0,
0,
0,
0,
0,
0,
0,
0,
0,
0,
0,
0,
0,
0,
0,
0,
0,
0,
0,
0,
14759,
64331,
64363,
55946,
39399,
55946,
55946,
39399,
14759,
0,
0,
0,
0,
0,
0,
0,
0,
0,
0,
0,
0,
0,
0,
0,
0,
0,
0,
0,
0,
0,
12678,
12710,
64363,
64298,
64331,
64363,
51817,
39399,
55946,
12678,
0,
0,
0,
0,
0,
0,
0,
0,
0,
0,
0,
0,
0,
0,
0,
0,
0,
0,
0,
0,
0,
14759,
60170,
62218,
64331,
60170,
64298,
12710,
49737,
53865,
53865,
12678,
0,
0,
0,
0,
0,
0,
0,
0,
0,
0,
0,
0,
0,
0,
0,
0,
0,
0,
0,
0,
0,
0,
12710,
14759,
64363,
64331,
14759,
0,
12710,
14759,
14759,
0,
0,
0,
0,
0,
0,
0,
0,
0,
0,
0,
0,
0,
0,
0,
0,
0,
0,
0,
0,
0,
0,
0,
0,
0,
14759,
12678,
0,
0,
0,
0,
0,
0,
0,
0,
0,
0,
0,
0,
0,
0,
0,
0,
0,
0,
0,
0,
0,
0,
0,
0,
0,
0,
0,
0,
0,
0,
0,
0,
0,
0,
0,
0,
0,
0,
0,
0,
0,
0,
0,
0,
0,
0,
0,
0,
0,
0,
0,
0,
0,
0,
0,
0,
0,
0,
0,
0,
0,
0,
0,
0,
0,
0,
0,
0,
0,
0,
0,
0,
0,
0,
0,
0,
0,
0,
0,
0,
0,
0,
0,
0,
0,
0,
0,
0,
0,
0,
0,
0,
0,
0,
0,
0,
0,
0,
0,
0,
0,
0,
0,
0,
0,
0,
0,
0,
0,
0,
0,
