2020
0,
0,
0,
0,
0,
0,
0,
0,
0,
0,
0,
0,
0,
0,
0,
0,
0,
0,
0,
0,
0,
0,
0,
0,
0,
0,
0,
0,
0,
0,
0,
0,
0,
0,
0,
0,
0,
0,
0,
0,
0,
0,
0,
12710,
12710,
0,
0,
0,
0,
0,
0,
0,
0,
0,
0,
0,
0,
0,
0,
0,
0,
0,
0,
0,
0,
0,
0,
0,
0,
0,
0,
0,
0,
0,
12710,
65222,
48392,
12710,
12710,
0,
0,
0,
0,
0,
0,
0,
0,
0,
0,
0,
0,
0,
0,
0,
0,
0,
0,
0,
0,
0,
0,
0,
0,
0,
0,
12710,
65222,
65254,
65254,
48392,
48392,
12710,
12710,
0,
0,
0,
0,
0,
0,
0,
0,
0,
0,
0,
0,
0,
0,
0,
0,
0,
0,
0,
0,
0,
0,
0,
12710,
12678,
21162,
21162,
21162,
21162,
48424,
48392,
48392,
12710,
0,
0,
0,
0,
0,
0,
0,
0,
0,
0,
0,
0,
0,
0,
0,
0,
0,
0,
0,
0,
0,
12710,
48392,
65503,
65503,
65222,
48392,
21130,
21162,
21162,
21162,
48392,
12710,
0,
0,
0,
0,
0,
0,
0,
0,
0,
0,
0,
0,
0,
0,
0,
0,
0,
0,
0,
12710,
48392,
65535,
65254,
65254,
65254,
65254,
65222,
65222,
21130,
21130,
12678,
0,
0,
0,
0,
0,
12710,
12710,
0,
0,
0,
0,
0,
0,
0,
0,
0,
0,
0,
0,
0,
12678,
65254,
21162,
12710,
48424,
65254,
65254,
48424,
42024,
21130,
21130,
48392,
12710,
12710,
0,
12710,
12710,
48392,
21130,
12710,
0,
0,
0,
0,
0,
0,
0,
0,
0,
0,
0,
0,
12678,
12710,
35919,
48598,
21162,
65254,
48424,
48424,
21130,
21130,
48392,
48424,
21130,
41992,
12710,
35919,
35919,
42024,
48392,
12678,
0,
0,
0,
0,
0,
0,
0,
0,
0,
0,
0,
0,
0,
12678,
48598,
21162,
48392,
65254,
48424,
48424,
12678,
53897,
48424,
21162,
21130,
42024,
21130,
35951,
35951,
35919,
42024,
12678,
0,
0,
0,
0,
0,
0,
0,
0,
0,
0,
0,
0,
12710,
21130,
48630,
21130,
65254,
65254,
48424,
21162,
53897,
43657,
21162,
21130,
65222,
21130,
21130,
21130,
35951,
42024,
48424,
12678,
0,
0,
0,
0,
0,
0,
0,
0,
0,
0,
0,
14758,
21130,
21130,
21162,
65222,
65254,
48424,
48424,
21130,
21130,
21130,
65222,
65222,
48424,
21130,
43657,
21130,
35951,
12678,
12678,
0,
0,
0,
0,
0,
0,
0,
0,
0,
0,
0,
0,
12678,
21130,
21130,
65222,
65254,
48424,
21162,
21162,
65222,
65222,
65222,
65254,
48424,
21162,
53897,
21130,
43657,
12678,
0,
0,
0,
0,
0,
0,
0,
0,
0,
0,
0,
0,
0,
14758,
21130,
21130,
21130,
21162,
21162,
21162,
65222,
65222,
65254,
65254,
48424,
48424,
21162,
65222,
53897,
21130,
43657,
21130,
12710,
0,
0,
0,
0,
0,
0,
0,
0,
0,
0,
0,
0,
12678,
21130,
12678,
12678,
21130,
21130,
65222,
65254,
65254,
65254,
48424,
21162,
21162,
48392,
48424,
21130,
65222,
21130,
21130,
12678,
0,
0,
0,
0,
0,
0,
0,
0,
0,
0,
0,
0,
12678,
12678,
0,
0,
12678,
21130,
21162,
65254,
65254,
65254,
48424,
21130,
41992,
48424,
21162,
48392,
48424,
21130,
35919,
48598,
12710,
12710,
0,
0,
0,
0,
0,
0,
0,
0,
0,
0,
0,
0,
0,
0,
0,
12678,
12678,
21162,
65254,
65254,
48424,
21130,
21130,
21162,
48392,
48424,
21162,
21130,
48598,
48630,
35919,
65222,
12710,
0,
0,
0,
0,
0,
0,
0,
0,
0,
0,
0,
0,
0,
0,
0,
0,
12678,
65254,
65535,
48424,
21130,
41992,
41992,
48424,
21162,
21130,
48598,
48630,
35951,
48424,
48424,
65222,
12710,
0,
0,
0,
0,
0,
0,
0,
0,
0,
0,
0,
0,
0,
0,
12710,
21130,
21162,
65535,
21162,
21130,
21130,
21130,
21162,
21130,
48598,
48630,
48630,
35951,
65254,
65254,
48424,
12678,
0,
0,
0,
0,
0,
0,
0,
0,
0,
12710,
12710,
0,
0,
0,
12678,
21130,
21130,
12710,
12678,
21130,
48598,
48598,
21130,
21130,
48630,
48630,
48630,
35951,
48424,
48424,
65254,
12678,
0,
0,
0,
0,
0,
0,
0,
0,
0,
12678,
21130,
12710,
0,
12710,
21130,
21130,
21130,
53897,
53897,
12678,
48630,
48630,
48598,
35919,
21162,
21162,
48630,
48598,
35951,
65254,
12710,
0,
0,
0,
0,
0,
0,
0,
0,
0,
0,
12678,
21130,
21130,
12710,
21130,
21130,
12678,
12678,
21130,
53897,
62413,
12710,
35951,
48630,
48630,
21130,
48630,
21130,
21130,
21130,
12678,
0,
0,
0,
0,
0,
0,
0,
0,
0,
0,
0,
0,
12678,
21130,
21130,
21130,
21130,
53897,
53897,
12678,
21130,
21130,
48598,
21130,
21162,
21162,
48630,
48630,
35951,
48424,
65254,
12678,
0,
0,
0,
0,
0,
0,
0,
0,
0,
0,
0,
0,
0,
12678,
21130,
21130,
21130,
21130,
53897,
62413,
12678,
21130,
48630,
48598,
21130,
48598,
48630,
35951,
65254,
65254,
48424,
12678,
0,
0,
0,
0,
0,
0,
0,
0,
0,
0,
0,
0,
0,
12678,
21130,
21130,
53897,
12678,
21130,
21130,
48598,
35919,
21162,
21162,
48598,
48630,
48630,
35951,
48424,
48424,
12678,
0,
0,
0,
0,
0,
0,
0,
0,
0,
0,
0,
0,
0,
0,
12678,
21130,
21130,
53897,
53897,
12678,
21130,
21162,
48598,
48598,
21130,
21162,
21162,
48630,
48598,
35951,
65254,
12678,
0,
0,
0,
0,
0,
0,
0,
0,
0,
0,
0,
0,
0,
0,
0,
12678,
21130,
21130,
62413,
12678,
21130,
35919,
21162,
21162,
48598,
48598,
35919,
21162,
21162,
12678,
12678,
0,
0,
0,
0,
0,
0,
0,
0,
0,
0,
0,
0,
0,
0,
0,
0,
12678,
21130,
12678,
12678,
0,
12678,
35951,
35919,
21130,
21162,
48630,
35951,
48392,
65222,
12678,
0,
0,
0,
0,
0,
0,
0,
0,
0,
0,
0,
0,
0,
0,
0,
0,
0,
12678,
21130,
12678,
0,
12710,
35919,
21130,
35951,
35919,
12678,
12710,
48598,
35951,
21162,
12678,
0,
0,
0,
0,
0,
0,
0,
0,
0,
0,
0,
0,
0,
0,
0,
0,
0,
0,
12678,
0,
12710,
35919,
35951,
35919,
12678,
12678,
0,
0,
12710,
12678,
12678,
0,
0,
0,
0,
0,
0,
0,
0,
0,
0,
0,
0,
0,
0,
0,
0,
0,
0,
0,
0,
0,
12678,
12678,
12678,
12678,
0,
0,
0,
0,
0,
0,
0,
0,
0,
0,
0,
0,
0,
0,
0,
0,
0,
0,
0,
0,
0,
0,
0,
0,
0,
0,
0,
0,
0,
0,
0,
0,
0,
0,
0,
0,
0,
0,
0,
0,
0,
0,
0,
0,
0,
0,
0,
0,
0,
