2020
0,
0,
0,
0,
0,
0,
0,
0,
0,
0,
0,
0,
0,
0,
0,
0,
0,
0,
0,
0,
0,
0,
0,
0,
0,
0,
0,
0,
0,
0,
0,
0,
0,
0,
0,
0,
0,
0,
0,
0,
0,
0,
0,
0,
0,
0,
0,
0,
12678,
12711,
0,
0,
0,
0,
0,
0,
0,
0,
0,
0,
0,
0,
0,
0,
0,
0,
0,
0,
0,
0,
0,
0,
0,
0,
0,
0,
0,
0,
0,
12646,
45575,
39366,
10597,
12711,
0,
0,
0,
0,
0,
0,
0,
0,
0,
0,
0,
0,
0,
0,
0,
0,
0,
0,
0,
0,
0,
0,
0,
0,
12678,
12678,
12646,
62565,
45575,
41446,
43527,
12711,
0,
0,
0,
0,
0,
0,
0,
0,
0,
0,
0,
0,
0,
0,
0,
0,
0,
0,
0,
0,
0,
12678,
12678,
12678,
12710,
64645,
33158,
64645,
45607,
21130,
45607,
54025,
12711,
0,
0,
0,
0,
0,
0,
0,
0,
0,
0,
0,
0,
0,
0,
0,
0,
0,
10597,
12678,
10597,
19049,
49953,
56324,
31077,
64645,
41446,
31078,
54025,
39366,
41446,
12711,
0,
12646,
12711,
0,
0,
0,
0,
0,
0,
0,
0,
0,
0,
0,
0,
0,
0,
12678,
60485,
64677,
47841,
47841,
64677,
60485,
31110,
33158,
49896,
43527,
45575,
41447,
51977,
64645,
12678,
63454,
65503,
10597,
12711,
0,
0,
0,
0,
0,
0,
0,
0,
0,
0,
0,
0,
0,
12678,
21162,
64645,
64645,
49921,
49921,
64645,
49921,
33158,
45575,
45575,
45575,
21130,
21130,
21130,
33840,
65535,
63454,
50712,
12711,
0,
0,
0,
0,
0,
0,
0,
0,
0,
0,
0,
12645,
56324,
64645,
45761,
45761,
64645,
56324,
58405,
65503,
19017,
41446,
33158,
47816,
58405,
21130,
19017,
21130,
63422,
29614,
19049,
12710,
0,
0,
0,
0,
0,
0,
0,
0,
0,
0,
0,
0,
12678,
21130,
21129,
60517,
64677,
60485,
12678,
12710,
48566,
43527,
45575,
31078,
21130,
21130,
19049,
21162,
65535,
59196,
12711,
0,
0,
0,
0,
0,
0,
0,
0,
0,
0,
0,
0,
0,
0,
12710,
62597,
62597,
49921,
21130,
63454,
65535,
21130,
45575,
21130,
21130,
21130,
21130,
21130,
65535,
50744,
48631,
63454,
12711,
0,
0,
0,
0,
0,
0,
0,
0,
0,
0,
0,
0,
0,
12678,
19017,
19017,
49921,
43713,
19017,
21130,
41446,
46486,
21130,
19017,
19049,
33808,
57115,
61309,
63422,
19017,
12646,
12710,
0,
0,
0,
0,
0,
0,
0,
0,
0,
0,
0,
0,
0,
12678,
43527,
21129,
49921,
19049,
21097,
45607,
48599,
48631,
50744,
46518,
33808,
65535,
59228,
21162,
65503,
12678,
0,
0,
0,
0,
0,
0,
0,
0,
0,
0,
0,
0,
0,
0,
0,
12678,
21130,
43527,
21130,
43527,
33158,
45575,
33158,
50712,
50744,
21130,
21130,
21130,
21130,
33158,
12678,
12710,
0,
0,
0,
0,
0,
0,
0,
0,
0,
0,
0,
0,
0,
0,
12646,
50744,
46486,
19017,
45575,
39366,
29029,
33158,
39366,
31077,
33190,
44405,
19049,
33808,
29614,
12710,
0,
0,
0,
0,
0,
0,
0,
0,
0,
0,
0,
0,
0,
0,
0,
0,
0,
12710,
33808,
33808,
21130,
43527,
43527,
45575,
31110,
33190,
50744,
19049,
50712,
50712,
31727,
33808,
12711,
0,
0,
0,
0,
0,
0,
0,
0,
0,
0,
0,
0,
0,
0,
0,
12678,
33840,
63454,
63454,
65535,
21130,
33158,
33190,
63422,
65503,
50744,
21130,
21130,
21162,
48631,
33808,
12678,
12678,
12711,
0,
0,
0,
0,
0,
0,
0,
0,
0,
0,
0,
0,
12678,
57115,
65535,
46486,
31695,
65535,
57115,
59164,
65535,
57115,
59196,
65502,
39398,
19049,
33158,
29029,
21097,
47873,
19017,
12646,
12710,
0,
0,
0,
0,
0,
0,
0,
0,
0,
0,
0,
12678,
12678,
21130,
33808,
63422,
65535,
48631,
33808,
65535,
33808,
63454,
45607,
21097,
33158,
33190,
62565,
33158,
33158,
31110,
21130,
12711,
0,
0,
0,
0,
0,
0,
0,
0,
0,
0,
0,
0,
0,
12710,
63390,
61309,
12710,
31727,
63390,
50744,
21130,
63390,
33158,
31110,
62565,
33190,
60485,
33158,
49921,
19049,
21130,
12711,
0,
0,
0,
0,
0,
0,
0,
0,
0,
0,
0,
0,
0,
12710,
57115,
12678,
0,
12678,
57115,
21162,
56324,
19049,
45575,
29029,
58405,
33158,
41446,
60485,
33158,
29029,
31110,
19049,
12678,
0,
0,
0,
0,
0,
0,
0,
0,
0,
0,
0,
0,
0,
12711,
0,
0,
0,
12678,
45575,
45575,
62597,
45575,
43527,
33158,
64645,
43527,
45575,
33158,
47841,
21130,
21130,
12710,
0,
0,
0,
0,
0,
0,
0,
0,
0,
0,
0,
0,
0,
0,
0,
0,
12678,
60517,
45575,
31110,
43527,
45575,
43494,
43527,
45575,
12646,
33158,
33158,
31078,
21130,
12711,
0,
0,
0,
0,
0,
0,
0,
0,
0,
0,
0,
0,
0,
0,
0,
0,
0,
12645,
58373,
45575,
39366,
31077,
33158,
39366,
41446,
12711,
0,
12646,
12678,
10597,
12710,
0,
0,
0,
0,
0,
0,
0,
0,
0,
0,
0,
0,
0,
0,
0,
0,
12678,
12678,
45575,
45607,
64645,
45575,
33190,
33808,
12678,
12711,
0,
0,
0,
0,
0,
0,
0,
0,
0,
0,
0,
0,
0,
0,
0,
0,
0,
0,
0,
0,
0,
12678,
62565,
64677,
60485,
43527,
45575,
31078,
12678,
12711,
0,
0,
0,
0,
0,
0,
0,
0,
0,
0,
0,
0,
0,
0,
0,
0,
0,
0,
0,
0,
0,
0,
12678,
19017,
19049,
64645,
41446,
41446,
12678,
12678,
0,
0,
0,
0,
0,
0,
0,
0,
0,
0,
0,
0,
0,
0,
0,
0,
0,
0,
0,
0,
0,
0,
0,
12678,
64677,
64645,
64645,
45575,
45575,
12711,
0,
0,
0,
0,
0,
0,
0,
0,
0,
0,
0,
0,
0,
0,
0,
0,
0,
0,
0,
0,
0,
0,
0,
0,
0,
0,
12678,
12678,
19049,
45575,
12678,
0,
0,
0,
0,
0,
0,
0,
0,
0,
0,
0,
0,
0,
0,
0,
0,
0,
0,
0,
0,
0,
0,
0,
0,
0,
0,
0,
0,
0,
12645,
45575,
10597,
0,
0,
0,
0,
0,
0,
0,
0,
0,
0,
0,
0,
0,
0,
0,
0,
0,
0,
0,
0,
0,
0,
0,
0,
0,
0,
0,
0,
0,
0,
12711,
0,
0,
0,
0,
0,
0,
0,
0,
0,
0,
0,
0,
0,
0,
0,
0,
0,
0,
0,
0,
0,
0,
0,
0,
0,
0,
0,
0,
0,
0,
0,
0,
0,
0,
0,
0,
0,
0,
0,
0,
0,
0,
0,
0,
0,
0,
0,
0,
0,
0,
0,
0,
0,
