2020
0,
0,
0,
0,
0,
0,
0,
0,
0,
0,
0,
0,
0,
0,
0,
0,
0,
0,
0,
0,
0,
0,
0,
0,
0,
0,
0,
0,
0,
0,
0,
0,
0,
0,
12678,
12711,
0,
0,
0,
0,
0,
0,
0,
0,
0,
0,
0,
0,
0,
0,
0,
0,
0,
0,
0,
0,
0,
0,
0,
0,
0,
0,
0,
0,
0,
12678,
21130,
57041,
12711,
0,
0,
0,
0,
0,
0,
0,
0,
0,
0,
0,
0,
0,
0,
0,
0,
0,
0,
0,
0,
0,
0,
0,
0,
0,
0,
0,
0,
12678,
62568,
19049,
63346,
12678,
0,
0,
0,
0,
0,
0,
0,
0,
0,
0,
0,
0,
0,
0,
0,
0,
0,
0,
0,
0,
0,
0,
0,
0,
0,
0,
0,
0,
12678,
64680,
65427,
12678,
12678,
12678,
0,
0,
0,
0,
0,
0,
0,
0,
0,
0,
0,
0,
0,
0,
0,
0,
0,
0,
0,
0,
0,
0,
0,
0,
0,
12678,
12678,
19049,
52748,
61234,
14823,
64648,
12710,
0,
0,
0,
0,
0,
0,
0,
0,
0,
0,
0,
0,
0,
0,
0,
0,
0,
0,
0,
0,
0,
0,
0,
0,
12678,
63346,
40038,
21162,
61266,
40038,
16936,
60520,
12678,
0,
0,
0,
0,
0,
0,
0,
0,
0,
0,
0,
0,
0,
0,
0,
0,
0,
0,
0,
0,
0,
0,
0,
0,
12710,
65427,
21162,
52780,
65459,
52748,
16904,
12711,
0,
0,
0,
0,
0,
0,
0,
0,
0,
0,
0,
0,
0,
0,
0,
0,
0,
0,
0,
0,
0,
0,
0,
12678,
61830,
40038,
63346,
19049,
12783,
14897,
48555,
12678,
0,
0,
12678,
0,
0,
0,
0,
0,
0,
0,
0,
0,
0,
0,
0,
0,
0,
0,
0,
0,
0,
0,
0,
0,
12678,
57734,
63379,
19050,
14831,
52748,
14864,
40038,
12678,
12678,
59121,
12711,
0,
0,
12678,
10597,
12678,
0,
0,
0,
0,
0,
0,
0,
0,
0,
0,
0,
0,
0,
0,
0,
12678,
12710,
44263,
65459,
14865,
14897,
52748,
14865,
52780,
21162,
65459,
52748,
12711,
0,
12678,
17044,
17044,
12678,
0,
0,
0,
0,
0,
0,
0,
0,
0,
0,
0,
0,
0,
12710,
50667,
46443,
21130,
14864,
56251,
14865,
12784,
12783,
21162,
59121,
14930,
17044,
12678,
0,
0,
10597,
14930,
17044,
10597,
10597,
12678,
12678,
0,
0,
0,
0,
0,
0,
0,
0,
0,
0,
12678,
17649,
50700,
14864,
14832,
64543,
14864,
40038,
21130,
17011,
21272,
23386,
14962,
12678,
0,
12646,
14824,
17044,
14962,
12678,
16904,
14823,
12646,
12678,
12678,
0,
0,
0,
0,
0,
0,
12678,
17779,
12678,
14897,
35412,
14865,
14865,
14897,
52748,
23386,
23386,
17044,
23386,
23386,
12678,
12678,
12678,
23386,
17076,
52780,
65427,
12678,
16904,
16904,
16904,
16904,
12711,
0,
0,
0,
0,
0,
12678,
12678,
0,
12678,
12646,
31250,
14897,
48555,
19017,
17044,
10597,
57041,
23386,
21271,
14930,
17076,
21271,
48523,
65459,
57041,
14823,
21130,
10597,
10597,
52748,
37958,
16872,
12678,
12678,
0,
0,
0,
0,
0,
0,
0,
0,
12646,
14897,
21130,
61234,
17044,
63389,
61234,
23386,
14864,
17043,
23386,
21304,
21305,
17044,
50635,
63346,
44231,
16903,
42151,
21130,
19049,
52748,
65459,
48555,
12678,
0,
0,
12678,
12678,
0,
0,
0,
12710,
52780,
23386,
17044,
65459,
52748,
23385,
16904,
12678,
12678,
12678,
16904,
23386,
23386,
23386,
23386,
23386,
16904,
16936,
65459,
50700,
12678,
12678,
12711,
0,
0,
0,
12678,
17714,
10597,
12710,
0,
10598,
23386,
21129,
57041,
63379,
14824,
21239,
12711,
0,
0,
0,
10597,
14824,
23386,
21239,
14823,
16904,
10597,
10597,
12678,
10597,
0,
0,
0,
0,
0,
0,
0,
12678,
15634,
17747,
12678,
21304,
65427,
21162,
61234,
17044,
16904,
21304,
12678,
0,
0,
12678,
12678,
21305,
23386,
21304,
12678,
12711,
0,
0,
0,
0,
0,
0,
0,
0,
0,
0,
0,
12678,
21130,
52780,
44231,
21130,
21162,
65459,
63379,
16936,
23386,
12711,
0,
0,
12678,
16936,
23386,
23386,
23386,
16904,
12711,
0,
0,
0,
0,
0,
0,
0,
0,
0,
0,
0,
12678,
50635,
19017,
61830,
19049,
46443,
21162,
59153,
19017,
12678,
12678,
0,
0,
0,
10597,
23386,
14930,
21271,
16904,
19017,
14823,
12711,
0,
0,
0,
0,
0,
0,
0,
0,
0,
0,
0,
12678,
57702,
21162,
50700,
42119,
65459,
44231,
60488,
12711,
0,
0,
0,
12678,
16904,
16904,
16872,
16904,
21130,
19049,
21130,
21130,
10597,
12678,
12678,
10597,
12711,
0,
0,
0,
0,
0,
0,
12678,
21130,
21130,
21130,
21130,
65459,
21162,
62568,
12711,
0,
0,
12678,
17043,
16904,
21130,
21130,
21130,
21130,
21130,
21130,
21130,
21130,
21162,
65459,
50668,
12711,
0,
0,
0,
0,
0,
12678,
50635,
19017,
62568,
58439,
46443,
63379,
19049,
12678,
0,
0,
0,
12678,
14930,
14823,
16936,
19017,
19017,
21130,
19017,
10597,
12710,
46443,
48523,
12678,
12678,
0,
0,
0,
0,
0,
0,
0,
12678,
60487,
64648,
21162,
59153,
12678,
12710,
0,
0,
0,
0,
12678,
17011,
16904,
16904,
16872,
16904,
12678,
12710,
0,
0,
10597,
12710,
0,
0,
0,
0,
0,
0,
0,
0,
12678,
64648,
21130,
21162,
63379,
12710,
0,
0,
0,
0,
0,
0,
0,
12678,
16904,
16904,
21130,
12711,
0,
0,
0,
0,
0,
0,
0,
0,
0,
0,
0,
0,
0,
0,
12678,
12678,
12677,
63314,
12678,
0,
0,
0,
0,
0,
0,
0,
0,
10597,
19017,
16936,
19017,
10597,
0,
0,
0,
0,
0,
0,
0,
0,
0,
0,
0,
0,
0,
0,
0,
0,
12678,
12711,
0,
0,
0,
0,
0,
0,
0,
0,
0,
12678,
21130,
16904,
12678,
0,
0,
0,
0,
0,
0,
0,
0,
0,
0,
0,
0,
0,
0,
0,
0,
0,
0,
0,
0,
0,
0,
0,
0,
0,
0,
0,
0,
12678,
21130,
12711,
0,
0,
0,
0,
0,
0,
0,
0,
0,
0,
0,
0,
0,
0,
0,
0,
0,
0,
0,
0,
0,
0,
0,
0,
0,
0,
0,
0,
0,
0,
12678,
0,
0,
0,
0,
0,
0,
0,
0,
0,
0,
0,
0,
0,
0,
0,
0,
0,
0,
0,
0,
0,
0,
0,
0,
0,
0,
0,
0,
0,
0,
0,
0,
0,
0,
0,
0,
0,
0,
0,
0,
0,
0,
0,
0,
0,
0,
0,
0,
0,
0,
0,
0,
0,
0,
0,
0,
0,
0,
0,
0,
0,
0,
0,
0,
0,
0,
0,
0,
0,
0,
0,
0,
0,
0,
0,
0,
0,
0,
0,
0,
