2020
0,
0,
0,
0,
0,
0,
0,
0,
0,
0,
0,
0,
0,
0,
0,
0,
0,
0,
0,
0,
0,
0,
0,
0,
0,
0,
0,
0,
0,
0,
0,
0,
0,
0,
0,
0,
0,
0,
0,
0,
0,
0,
0,
0,
0,
0,
0,
0,
0,
0,
0,
0,
0,
0,
0,
0,
0,
0,
0,
0,
0,
0,
0,
0,
0,
0,
0,
0,
0,
0,
0,
0,
0,
0,
0,
0,
0,
0,
0,
0,
0,
0,
0,
0,
0,
0,
0,
0,
0,
0,
0,
0,
0,
0,
0,
0,
0,
0,
0,
0,
0,
0,
0,
0,
0,
0,
0,
0,
0,
0,
0,
0,
0,
0,
0,
0,
0,
0,
0,
0,
0,
0,
0,
0,
0,
0,
0,
0,
0,
0,
0,
0,
0,
0,
0,
0,
0,
0,
0,
0,
0,
0,
0,
0,
0,
0,
0,
0,
0,
0,
0,
0,
0,
0,
0,
0,
0,
0,
0,
0,
0,
0,
0,
0,
0,
0,
0,
0,
0,
0,
0,
0,
0,
0,
14759,
14759,
12710,
14759,
0,
0,
0,
0,
0,
0,
0,
0,
0,
0,
0,
0,
0,
0,
0,
0,
0,
0,
0,
0,
0,
0,
0,
0,
0,
0,
0,
12678,
56879,
65527,
61300,
58991,
12710,
0,
0,
0,
0,
0,
0,
0,
0,
0,
0,
0,
0,
0,
0,
0,
0,
0,
0,
0,
0,
0,
0,
0,
0,
0,
14759,
65493,
65526,
65527,
56911,
65527,
63152,
12678,
0,
0,
0,
0,
0,
0,
0,
0,
0,
0,
0,
0,
0,
0,
0,
0,
0,
0,
0,
0,
0,
0,
0,
0,
14759,
61104,
65527,
65527,
65527,
65527,
63184,
12710,
0,
0,
0,
0,
0,
0,
0,
0,
0,
0,
0,
0,
0,
0,
0,
0,
0,
0,
0,
0,
0,
14759,
12678,
12678,
23243,
61300,
63413,
65527,
61300,
58959,
50473,
12678,
0,
0,
0,
0,
0,
0,
0,
0,
0,
0,
0,
0,
0,
0,
0,
0,
0,
0,
0,
12710,
12710,
65527,
65494,
61072,
23243,
21162,
65526,
63152,
56911,
23243,
23243,
21162,
12710,
12710,
0,
0,
0,
0,
0,
0,
0,
0,
0,
0,
0,
0,
0,
0,
0,
0,
14759,
61072,
65527,
65527,
65526,
65527,
63184,
59024,
23243,
63184,
23211,
33947,
65149,
63692,
42559,
33947,
12710,
0,
0,
0,
0,
0,
0,
0,
0,
0,
0,
0,
0,
0,
0,
0,
14759,
61300,
63381,
65527,
54767,
63413,
65527,
44232,
21130,
23243,
38269,
40415,
40479,
38269,
40415,
40447,
31736,
12710,
12710,
0,
0,
0,
0,
0,
0,
0,
0,
0,
0,
0,
0,
12710,
65527,
65494,
65526,
65527,
65494,
65526,
65527,
56911,
61072,
23243,
31802,
40479,
42559,
38334,
40479,
58415,
64629,
33947,
23243,
12678,
0,
0,
0,
0,
0,
0,
0,
0,
0,
0,
0,
12710,
63184,
65526,
65527,
65527,
65526,
65527,
63184,
59024,
50505,
19719,
23211,
40287,
42559,
40447,
42559,
42559,
33882,
33947,
23243,
12710,
0,
0,
0,
0,
0,
0,
0,
0,
0,
0,
0,
12678,
65527,
61300,
63381,
65527,
61300,
63413,
65527,
54767,
56879,
50473,
21130,
31834,
40479,
62905,
61643,
40447,
31736,
33915,
21162,
0,
0,
0,
0,
0,
0,
0,
0,
0,
0,
0,
0,
12710,
65527,
65526,
65526,
65527,
65526,
61104,
65527,
48424,
61104,
19719,
21162,
33947,
42559,
40447,
42559,
40287,
33882,
33947,
23243,
0,
0,
0,
0,
0,
0,
0,
0,
0,
0,
0,
0,
0,
14759,
65526,
65527,
65527,
65526,
65527,
63184,
59024,
23243,
23243,
33914,
40287,
42559,
40447,
42559,
33947,
33882,
33947,
23243,
12710,
0,
0,
0,
0,
0,
0,
0,
0,
0,
0,
0,
0,
14759,
54767,
63381,
61104,
61300,
56879,
61104,
54767,
12678,
33915,
31736,
40415,
40479,
38269,
38173,
33882,
31736,
33915,
21162,
31736,
12710,
0,
0,
0,
0,
0,
0,
0,
0,
0,
0,
0,
0,
12710,
12710,
63184,
61072,
61104,
14759,
12710,
0,
14759,
38206,
42559,
23243,
21162,
23243,
23243,
33882,
23243,
33947,
33882,
14759,
0,
0,
0,
0,
0,
0,
0,
0,
0,
0,
0,
0,
0,
0,
14759,
12710,
12710,
0,
0,
0,
0,
12710,
23243,
65527,
56911,
65527,
61104,
21162,
23243,
12710,
12710,
0,
0,
0,
0,
0,
0,
0,
0,
0,
0,
0,
0,
0,
0,
0,
0,
0,
0,
0,
0,
0,
0,
12678,
58959,
65527,
61300,
65494,
65526,
54767,
12710,
0,
0,
0,
0,
0,
0,
0,
0,
0,
0,
0,
0,
0,
0,
0,
0,
0,
0,
0,
0,
0,
0,
0,
0,
12710,
65527,
65527,
65526,
65527,
61104,
58992,
14759,
0,
0,
0,
0,
0,
0,
0,
0,
0,
0,
0,
0,
0,
0,
0,
0,
0,
0,
0,
0,
0,
0,
0,
0,
12710,
65527,
65527,
65494,
65527,
65527,
56911,
14759,
0,
0,
0,
0,
0,
0,
0,
0,
0,
0,
0,
0,
0,
0,
0,
0,
0,
0,
0,
0,
0,
0,
0,
0,
12678,
58959,
65527,
54767,
65494,
58992,
44232,
12710,
0,
0,
0,
0,
0,
0,
0,
0,
0,
0,
0,
0,
0,
0,
0,
0,
0,
0,
0,
0,
0,
0,
0,
0,
0,
14759,
50505,
61072,
63152,
63184,
12710,
0,
0,
0,
0,
0,
0,
0,
0,
0,
0,
0,
0,
0,
0,
0,
0,
0,
0,
0,
0,
0,
0,
0,
0,
0,
0,
0,
14759,
12710,
12710,
12710,
0,
0,
0,
0,
0,
0,
0,
0,
0,
0,
0,
0,
0,
0,
0,
0,
0,
0,
0,
0,
0,
0,
0,
0,
0,
0,
0,
0,
0,
0,
0,
0,
0,
0,
0,
0,
0,
0,
0,
0,
0,
0,
0,
0,
0,
0,
0,
0,
0,
0,
0,
0,
0,
0,
0,
0,
0,
0,
0,
0,
0,
0,
0,
0,
0,
0,
0,
0,
0,
0,
0,
0,
0,
0,
0,
0,
0,
0,
0,
0,
0,
0,
0,
0,
0,
0,
0,
0,
0,
0,
0,
0,
0,
0,
0,
0,
0,
0,
0,
0,
0,
0,
0,
0,
0,
0,
0,
0,
0,
0,
0,
0,
0,
0,
0,
0,
0,
0,
0,
0,
0,
0,
0,
0,
0,
0,
0,
0,
0,
0,
0,
0,
0,
0,
0,
0,
0,
0,
0,
0,
0,
0,
0,
0,
0,
0,
0,
0,
0,
0,
0,
0,
0,
0,
0,
0,
0,
0,
0,
0,
0,
0,
0,
0,
0,
0,
0,
0,
0,
0,
