2020
0,
0,
0,
0,
0,
0,
0,
0,
0,
0,
0,
0,
0,
0,
0,
0,
0,
0,
0,
0,
0,
0,
0,
0,
0,
0,
0,
0,
0,
0,
0,
0,
0,
0,
0,
0,
0,
0,
0,
0,
0,
0,
0,
0,
0,
0,
0,
0,
0,
0,
0,
0,
0,
0,
0,
0,
0,
0,
0,
0,
0,
0,
0,
0,
0,
0,
0,
0,
0,
0,
0,
0,
0,
0,
0,
0,
0,
0,
0,
0,
0,
0,
0,
0,
0,
0,
0,
0,
0,
0,
0,
0,
0,
0,
0,
0,
0,
0,
0,
0,
0,
0,
0,
0,
0,
0,
0,
0,
0,
0,
0,
0,
0,
0,
0,
0,
0,
0,
0,
0,
0,
0,
0,
0,
0,
0,
0,
0,
0,
0,
0,
0,
0,
0,
0,
0,
0,
0,
0,
0,
0,
0,
0,
0,
0,
0,
0,
0,
0,
0,
0,
0,
0,
0,
0,
0,
0,
0,
0,
0,
0,
0,
0,
0,
0,
0,
0,
0,
0,
0,
0,
0,
0,
0,
0,
0,
0,
14759,
14823,
0,
14759,
14759,
14823,
0,
0,
0,
0,
0,
0,
0,
0,
0,
0,
0,
0,
0,
0,
0,
0,
0,
0,
0,
0,
0,
0,
0,
0,
12678,
14791,
62799,
62831,
14791,
63422,
65535,
65535,
12711,
0,
0,
0,
0,
0,
0,
0,
0,
0,
0,
0,
0,
0,
0,
0,
0,
0,
0,
0,
0,
12678,
14759,
12710,
48172,
64976,
62799,
21162,
52856,
48598,
65535,
14791,
0,
0,
0,
0,
0,
0,
0,
0,
0,
0,
0,
0,
0,
0,
0,
0,
0,
0,
0,
0,
14791,
52333,
52365,
64976,
64976,
65008,
64976,
64976,
23243,
49804,
23243,
14823,
0,
0,
0,
0,
0,
0,
0,
0,
0,
0,
0,
0,
0,
0,
0,
0,
0,
0,
0,
14791,
62799,
62799,
64976,
60750,
62799,
52333,
37707,
21162,
43948,
54161,
56241,
47756,
12711,
0,
0,
0,
0,
0,
0,
0,
0,
0,
0,
0,
0,
0,
0,
0,
0,
0,
12678,
52365,
64879,
62831,
65008,
62831,
62831,
64976,
62831,
64911,
23243,
56209,
47723,
49804,
21130,
14791,
0,
0,
0,
0,
0,
0,
0,
0,
0,
0,
0,
0,
0,
0,
0,
0,
14791,
65008,
64976,
64976,
65008,
64976,
64976,
65008,
52333,
41900,
23243,
23243,
60402,
60403,
23275,
65535,
14823,
0,
0,
0,
0,
0,
0,
0,
0,
0,
0,
0,
0,
0,
0,
12678,
37707,
64976,
62799,
62799,
64976,
60750,
62799,
64976,
60750,
62831,
64976,
21130,
21130,
23243,
63422,
65535,
14791,
0,
0,
0,
0,
0,
0,
0,
0,
0,
0,
0,
0,
0,
14759,
50253,
41867,
65008,
64912,
64912,
65008,
64911,
64912,
65008,
64911,
64944,
65008,
62831,
64944,
23275,
65535,
65535,
14823,
0,
0,
0,
0,
0,
0,
0,
0,
0,
0,
0,
0,
12710,
52365,
64976,
64976,
65008,
64976,
64976,
65008,
64976,
64976,
65008,
64976,
64976,
64976,
41868,
23275,
65535,
65535,
38066,
14823,
0,
0,
0,
0,
0,
0,
0,
0,
0,
0,
0,
0,
12678,
64976,
62799,
60718,
64976,
62799,
62799,
64976,
60750,
62799,
64976,
60750,
62831,
64976,
60718,
62831,
23243,
21130,
14791,
0,
0,
0,
0,
0,
0,
0,
0,
0,
0,
0,
0,
14791,
64879,
64976,
64912,
64879,
65008,
64912,
64912,
65008,
64911,
64912,
65008,
64911,
64944,
64976,
21162,
21162,
43948,
39787,
41868,
14823,
0,
0,
0,
0,
0,
0,
0,
0,
0,
0,
0,
14791,
64976,
65008,
64976,
64976,
65008,
64976,
64976,
65008,
64976,
64976,
65008,
52333,
41900,
23243,
23243,
43948,
43948,
41868,
14759,
14823,
0,
0,
0,
0,
0,
0,
0,
0,
0,
0,
0,
14758,
60718,
64976,
62799,
60718,
64976,
62799,
46092,
64976,
60718,
60751,
64976,
60718,
62799,
64976,
60718,
21162,
41868,
37674,
14791,
0,
0,
0,
0,
0,
0,
0,
0,
0,
0,
0,
0,
0,
14758,
64976,
64912,
64879,
65008,
64912,
64912,
52365,
39787,
41867,
65008,
64911,
64944,
65008,
62831,
64944,
23243,
39787,
14791,
0,
0,
0,
0,
0,
0,
0,
0,
0,
0,
0,
0,
0,
14758,
52365,
64976,
64944,
65008,
64976,
64976,
65008,
64944,
64944,
43948,
21162,
23243,
65008,
64944,
64976,
23243,
41867,
14823,
0,
0,
0,
0,
0,
0,
0,
0,
0,
0,
0,
0,
0,
0,
14759,
39755,
46092,
64976,
62799,
60751,
64976,
60718,
60751,
64976,
46092,
48140,
23243,
21130,
21130,
41868,
12678,
14791,
0,
0,
0,
0,
0,
0,
0,
0,
0,
0,
0,
0,
0,
0,
0,
12710,
12678,
14791,
41868,
50253,
65008,
64911,
64912,
52365,
48204,
41868,
43948,
39787,
41868,
41900,
12743,
0,
0,
0,
0,
0,
0,
0,
0,
0,
0,
0,
0,
0,
0,
0,
0,
0,
0,
0,
12710,
12710,
14759,
12710,
12710,
14791,
41868,
41868,
43948,
41867,
23243,
43948,
14791,
0,
0,
0,
0,
0,
0,
0,
0,
0,
0,
0,
0,
0,
0,
0,
0,
0,
0,
0,
0,
0,
0,
0,
0,
0,
12678,
12678,
14791,
37674,
12678,
12710,
12711,
0,
0,
0,
0,
0,
0,
0,
0,
0,
0,
0,
0,
0,
0,
0,
0,
0,
0,
0,
0,
0,
0,
0,
0,
0,
0,
0,
14791,
41867,
14791,
0,
0,
0,
0,
0,
0,
0,
0,
0,
0,
0,
0,
0,
0,
0,
0,
0,
0,
0,
0,
0,
0,
0,
0,
0,
0,
0,
0,
0,
0,
14791,
0,
0,
0,
0,
0,
0,
0,
0,
0,
0,
0,
0,
0,
0,
0,
0,
0,
0,
0,
0,
0,
0,
0,
0,
0,
0,
0,
0,
0,
0,
0,
0,
0,
0,
0,
0,
0,
0,
0,
0,
0,
0,
0,
0,
0,
0,
0,
0,
0,
0,
0,
0,
0,
0,
0,
0,
0,
0,
0,
0,
0,
0,
0,
0,
0,
0,
0,
0,
0,
0,
0,
0,
0,
0,
0,
0,
0,
0,
0,
0,
0,
0,
0,
0,
0,
0,
0,
0,
0,
0,
0,
0,
0,
0,
0,
0,
0,
0,
0,
0,
0,
0,
0,
0,
0,
0,
0,
0,
0,
0,
0,
0,
0,
0,
0,
0,
0,
0,
0,
0,
0,
0,
0,
0,
0,
0,
0,
0,
0,
0,
0,
0,
0,
0,
0,
0,
0,
0,
0,
0,
0,
0,
0,
0,
0,
0,
0,
0,
0,
0,
0,
0,
0,
0,
0,
0,
0,
0,
0,
0,
0,
0,
0,
0,
0,
0,
0,
0,
0,
0,
0,
