2020
0,
0,
0,
0,
0,
0,
0,
0,
0,
0,
0,
0,
0,
0,
0,
0,
0,
0,
0,
0,
0,
0,
0,
0,
0,
0,
0,
0,
0,
0,
0,
0,
0,
0,
0,
0,
0,
0,
0,
0,
0,
0,
0,
0,
0,
0,
0,
0,
0,
0,
0,
0,
0,
0,
0,
0,
0,
0,
0,
0,
0,
0,
0,
0,
0,
0,
0,
0,
0,
0,
0,
0,
0,
0,
0,
0,
0,
0,
0,
0,
0,
0,
0,
0,
0,
12678,
12711,
0,
0,
0,
0,
0,
0,
0,
0,
0,
0,
0,
0,
0,
0,
0,
0,
0,
0,
0,
0,
0,
0,
0,
0,
0,
0,
0,
0,
0,
12678,
25158,
12710,
0,
0,
0,
0,
0,
0,
0,
0,
0,
0,
0,
0,
0,
0,
0,
0,
0,
0,
0,
0,
0,
0,
0,
0,
0,
0,
0,
10597,
12678,
29319,
19049,
12678,
12711,
0,
0,
0,
0,
0,
0,
0,
0,
0,
0,
0,
0,
0,
0,
0,
0,
0,
0,
0,
0,
0,
0,
0,
0,
12678,
12710,
30219,
65535,
46550,
29319,
29319,
12711,
0,
0,
0,
0,
0,
0,
0,
0,
0,
0,
0,
0,
0,
0,
0,
0,
0,
0,
10597,
12678,
12678,
0,
12678,
10597,
28074,
23593,
57115,
59228,
46550,
40243,
12710,
0,
0,
0,
0,
0,
0,
0,
0,
0,
0,
0,
0,
0,
0,
0,
0,
0,
0,
0,
12678,
63413,
46508,
12678,
30251,
19049,
21130,
65535,
61277,
44469,
46550,
42356,
12711,
0,
0,
0,
0,
0,
0,
0,
0,
0,
0,
0,
0,
0,
0,
0,
0,
0,
0,
0,
12710,
50733,
63381,
55915,
30251,
30219,
21130,
21162,
46550,
46550,
46550,
12711,
0,
0,
0,
0,
0,
0,
0,
0,
0,
0,
0,
0,
0,
0,
10597,
12678,
10597,
10597,
12678,
12645,
27206,
21130,
49674,
49706,
30219,
19017,
21448,
21130,
40243,
10597,
12711,
0,
0,
0,
12678,
0,
0,
0,
0,
0,
0,
0,
0,
0,
0,
0,
12678,
50733,
48620,
46540,
50733,
29319,
59220,
55915,
28106,
19049,
21162,
44405,
21130,
21130,
12678,
0,
0,
0,
0,
12678,
27238,
12711,
0,
0,
0,
0,
0,
0,
0,
0,
0,
0,
0,
12710,
48653,
48621,
29351,
61300,
53835,
30251,
21130,
35624,
65535,
63422,
21162,
46550,
12710,
0,
0,
0,
12678,
12678,
27239,
12711,
0,
0,
0,
0,
0,
0,
0,
0,
0,
0,
0,
0,
12677,
44396,
29319,
49674,
28010,
21162,
57042,
31431,
35592,
49706,
59196,
21130,
19017,
12678,
0,
10597,
33834,
48621,
19017,
12710,
0,
0,
0,
0,
0,
0,
0,
0,
0,
0,
0,
0,
0,
12646,
63413,
53834,
21130,
50733,
59188,
33512,
29351,
61309,
63422,
46550,
19049,
44437,
12678,
19049,
50701,
35947,
46508,
12711,
0,
0,
0,
0,
0,
0,
0,
0,
0,
0,
0,
0,
0,
12678,
55915,
30187,
21162,
63413,
61300,
29351,
65535,
63422,
63454,
46582,
44469,
21162,
46582,
44469,
21130,
35915,
12710,
0,
0,
0,
0,
0,
0,
0,
0,
0,
0,
0,
0,
0,
0,
12645,
55915,
28042,
19049,
63381,
19017,
10597,
12710,
57115,
42324,
46550,
19017,
21448,
21130,
40243,
44405,
21130,
12678,
0,
0,
0,
0,
0,
0,
0,
0,
0,
0,
0,
0,
0,
0,
12678,
55915,
30187,
21130,
50733,
21130,
63422,
65535,
44469,
46550,
21130,
21481,
21162,
46550,
44437,
21130,
12711,
0,
0,
0,
0,
0,
0,
0,
0,
0,
0,
0,
0,
0,
0,
0,
12678,
60720,
53835,
30187,
21162,
48621,
46550,
46582,
44469,
46550,
46582,
21130,
21162,
46550,
21130,
50701,
12711,
0,
0,
0,
0,
0,
0,
0,
0,
0,
0,
0,
0,
0,
0,
0,
12677,
63381,
49706,
28010,
21130,
19017,
46476,
21162,
40243,
19049,
46550,
19017,
46476,
21130,
44395,
33834,
61300,
10597,
12646,
12710,
0,
0,
0,
0,
0,
0,
0,
0,
0,
0,
0,
0,
0,
12678,
58640,
53835,
30251,
21130,
21130,
21162,
44469,
21130,
21162,
28138,
21162,
50733,
48620,
35947,
63413,
33835,
63381,
35592,
12710,
0,
0,
0,
0,
0,
0,
0,
0,
0,
0,
0,
0,
12710,
61268,
58607,
55915,
28106,
28138,
30251,
21097,
53835,
30251,
28106,
28139,
21162,
33834,
63381,
50733,
33834,
61333,
29319,
12678,
0,
0,
0,
0,
0,
0,
0,
0,
0,
0,
0,
0,
0,
12645,
31722,
63413,
54414,
49706,
29351,
54994,
27238,
55915,
25962,
28042,
21130,
19017,
12646,
12710,
57042,
48588,
33512,
12678,
0,
0,
0,
0,
0,
0,
0,
0,
0,
0,
0,
0,
12710,
61333,
61300,
35947,
61268,
29351,
63413,
61300,
61333,
21162,
28138,
21162,
30219,
21481,
12711,
0,
12678,
21130,
12711,
0,
0,
0,
0,
0,
0,
0,
0,
0,
0,
0,
0,
12678,
63413,
61268,
61268,
63413,
33834,
48588,
29351,
59188,
21130,
30251,
19049,
28139,
30251,
28106,
30219,
12678,
33511,
35592,
12711,
0,
0,
0,
0,
0,
0,
0,
0,
0,
0,
0,
0,
12677,
63413,
57075,
57075,
63413,
31722,
46476,
50701,
27206,
49706,
30219,
19017,
28042,
23561,
25962,
28106,
23561,
19017,
12710,
0,
0,
0,
0,
0,
0,
0,
0,
0,
0,
0,
0,
12710,
63381,
63413,
63381,
63381,
12678,
12678,
12678,
35947,
50701,
55915,
30251,
30187,
12710,
30251,
21130,
23593,
30251,
21130,
35592,
12711,
0,
0,
0,
0,
0,
0,
0,
0,
0,
0,
0,
12710,
59188,
63413,
12678,
12678,
0,
0,
0,
12678,
12646,
12678,
12678,
12678,
0,
12678,
12678,
30219,
23561,
12646,
12711,
0,
0,
0,
0,
0,
0,
0,
0,
0,
0,
0,
0,
10597,
10597,
12678,
0,
0,
0,
0,
0,
0,
0,
0,
0,
0,
0,
0,
0,
12646,
12711,
0,
0,
0,
0,
0,
0,
0,
0,
0,
0,
0,
0,
0,
0,
0,
0,
0,
0,
0,
0,
0,
0,
0,
0,
0,
0,
0,
0,
0,
0,
0,
0,
0,
0,
0,
0,
0,
0,
0,
0,
0,
0,
0,
0,
0,
0,
0,
0,
0,
0,
0,
0,
0,
0,
0,
0,
0,
0,
0,
0,
0,
0,
0,
0,
0,
0,
0,
0,
0,
0,
0,
0,
0,
0,
0,
0,
0,
0,
0,
0,
0,
0,
0,
0,
0,
0,
0,
0,
0,
0,
0,
0,
0,
0,
0,
0,
0,
0,
0,
0,
0,
0,
0,
0,
0,
0,
0,
0,
0,
0,
0,
0,
0,
0,
0,
0,
0,
0,
0,
0,
0,
0,
0,
0,
0,
0,
0,
0,
0,
0,
0,
0,
0,
0,
0,
0,
