2020
0,
0,
0,
0,
0,
0,
0,
0,
0,
0,
0,
0,
0,
0,
0,
0,
0,
0,
0,
0,
0,
0,
0,
0,
0,
0,
0,
0,
0,
0,
0,
0,
0,
0,
0,
0,
0,
0,
0,
0,
0,
0,
0,
0,
0,
0,
0,
0,
0,
0,
0,
14791,
12678,
14759,
14759,
12678,
14824,
0,
0,
0,
0,
0,
0,
0,
0,
0,
0,
0,
0,
0,
0,
0,
0,
0,
0,
0,
0,
0,
0,
0,
0,
0,
0,
14791,
64457,
64457,
64457,
62184,
14824,
0,
0,
0,
0,
0,
0,
0,
0,
0,
0,
0,
0,
0,
0,
0,
0,
0,
0,
0,
0,
14791,
12678,
12710,
14791,
12743,
0,
0,
12710,
25528,
49671,
45510,
14824,
0,
0,
0,
0,
0,
0,
0,
0,
0,
0,
0,
0,
0,
0,
0,
0,
0,
0,
0,
0,
14791,
64360,
60104,
51719,
45510,
14759,
14791,
31931,
25528,
25528,
23210,
64457,
14823,
0,
0,
0,
0,
0,
0,
0,
0,
0,
0,
0,
0,
0,
0,
0,
0,
0,
0,
0,
0,
14791,
64457,
62184,
25356,
36190,
36190,
36157,
36190,
27609,
62184,
51719,
14824,
0,
0,
0,
0,
0,
0,
0,
0,
0,
0,
0,
0,
0,
0,
0,
0,
0,
0,
0,
0,
0,
12710,
23276,
31930,
34076,
36157,
23414,
17041,
17042,
14960,
14824,
0,
0,
0,
0,
0,
0,
0,
0,
0,
0,
0,
0,
0,
0,
0,
0,
0,
0,
0,
0,
0,
0,
0,
14791,
23414,
23243,
23275,
14960,
17042,
17042,
14960,
14824,
0,
0,
0,
0,
0,
0,
0,
0,
0,
0,
0,
0,
0,
0,
0,
0,
0,
0,
0,
0,
0,
0,
0,
0,
14791,
25356,
54970,
23275,
17074,
14791,
14824,
0,
0,
0,
0,
0,
0,
0,
0,
0,
0,
0,
0,
0,
0,
0,
0,
0,
12678,
14791,
12678,
14791,
0,
0,
0,
14791,
12678,
17041,
23243,
21130,
14791,
0,
0,
0,
0,
0,
0,
0,
0,
0,
0,
0,
0,
0,
0,
0,
0,
0,
0,
14758,
64393,
62184,
47590,
47590,
14791,
12678,
14791,
36157,
23414,
17042,
17074,
14960,
14823,
0,
0,
0,
0,
0,
0,
0,
0,
0,
0,
0,
0,
0,
0,
0,
0,
0,
0,
14791,
23276,
27641,
65510,
65510,
27609,
62184,
62184,
25324,
27608,
64457,
51719,
23243,
17074,
14824,
0,
0,
0,
0,
0,
0,
0,
0,
0,
0,
0,
0,
0,
0,
0,
0,
14791,
31930,
31931,
36157,
45510,
14790,
65510,
31930,
25495,
36157,
23414,
64393,
62152,
45510,
23243,
17041,
12743,
0,
0,
0,
0,
0,
0,
0,
0,
0,
0,
0,
0,
0,
0,
0,
14791,
23243,
23243,
64457,
64393,
64425,
64457,
58023,
62152,
62184,
23243,
27608,
64457,
47590,
49671,
23275,
14791,
0,
0,
0,
0,
0,
0,
0,
0,
0,
0,
0,
0,
0,
14791,
14791,
64457,
64457,
64457,
62184,
51719,
51719,
27609,
25561,
27609,
25356,
36157,
27609,
64457,
62152,
51719,
23276,
17074,
14824,
0,
0,
0,
0,
0,
0,
0,
0,
0,
0,
0,
14791,
64360,
64360,
62184,
45510,
45510,
36157,
31930,
34011,
64489,
63397,
25495,
23276,
31930,
34044,
27608,
55943,
23243,
17041,
14928,
14823,
0,
0,
0,
0,
0,
0,
0,
0,
0,
0,
0,
14791,
14759,
14759,
51719,
34044,
34044,
36190,
34043,
49671,
14823,
63430,
27576,
62184,
58023,
23276,
36157,
23211,
17074,
17074,
14961,
14824,
0,
0,
0,
0,
0,
0,
0,
0,
0,
0,
0,
0,
0,
14791,
25324,
25561,
36157,
36190,
36157,
54761,
65510,
25561,
27609,
23275,
23276,
36157,
36190,
25560,
17074,
17074,
14824,
0,
0,
0,
0,
0,
0,
0,
0,
0,
0,
0,
0,
14791,
14758,
55975,
62184,
21162,
23414,
36157,
21162,
23210,
51719,
45510,
23211,
36157,
31930,
34044,
34109,
14928,
14993,
17041,
12743,
0,
0,
0,
0,
0,
0,
0,
0,
0,
0,
0,
14759,
62184,
60104,
49639,
51719,
47590,
49639,
14791,
64393,
62152,
51719,
23243,
25528,
27609,
25495,
36157,
36157,
14961,
17074,
17074,
14791,
0,
0,
0,
0,
0,
0,
0,
0,
0,
0,
0,
14759,
14791,
14791,
14791,
14791,
14759,
14824,
0,
14759,
14791,
25324,
25528,
25561,
27609,
25528,
25561,
27609,
17041,
17074,
14824,
0,
14791,
14824,
0,
0,
0,
0,
0,
0,
0,
0,
0,
0,
0,
0,
0,
0,
0,
0,
0,
0,
0,
14791,
21162,
23415,
25528,
23382,
25495,
17042,
14928,
14993,
14759,
12710,
34076,
34044,
12743,
0,
0,
0,
0,
0,
0,
0,
0,
0,
0,
0,
0,
0,
0,
0,
0,
12710,
14791,
62184,
58024,
23243,
25324,
25495,
25560,
17074,
14993,
23276,
36157,
34011,
36157,
36157,
34011,
14824,
0,
0,
0,
0,
0,
0,
0,
0,
0,
0,
0,
0,
0,
0,
14791,
62152,
62184,
51719,
49671,
49671,
14791,
14759,
14791,
25323,
64425,
27609,
36157,
34076,
36157,
27609,
23243,
14824,
0,
0,
0,
0,
0,
0,
0,
0,
0,
0,
0,
0,
0,
0,
14791,
12678,
12710,
14791,
12678,
14791,
0,
0,
14759,
64425,
62280,
58056,
25528,
31930,
27576,
64425,
45510,
14823,
0,
0,
0,
0,
0,
0,
0,
0,
0,
0,
0,
0,
0,
0,
0,
0,
0,
0,
0,
0,
0,
14791,
64457,
62184,
49671,
17074,
17074,
25528,
27609,
51719,
64425,
14824,
0,
0,
0,
0,
0,
0,
0,
0,
0,
0,
0,
0,
0,
0,
0,
0,
0,
0,
0,
0,
0,
14759,
14791,
14791,
14759,
14791,
14791,
17041,
23275,
25323,
49671,
14824,
0,
0,
0,
0,
0,
0,
0,
0,
0,
0,
0,
0,
0,
0,
0,
0,
0,
0,
0,
0,
0,
0,
0,
0,
0,
0,
0,
14726,
64425,
60104,
12743,
0,
0,
0,
0,
0,
0,
0,
0,
0,
0,
0,
0,
0,
0,
0,
0,
0,
0,
0,
0,
0,
0,
0,
0,
0,
0,
0,
14791,
64425,
62184,
51719,
49639,
14824,
0,
0,
0,
0,
0,
0,
0,
0,
0,
0,
0,
0,
0,
0,
0,
0,
0,
0,
0,
0,
0,
0,
0,
0,
0,
0,
14791,
12710,
14791,
14791,
12710,
14824,
0,
0,
0,
0,
0,
0,
0,
0,
0,
0,
0,
0,
0,
0,
0,
0,
0,
0,
0,
0,
0,
0,
0,
0,
0,
0,
0,
0,
0,
0,
0,
0,
0,
0,
0,
0,
0,
0,
0,
0,
0,
0,
0,
0,
0,
0,
0,
0,
0,
0,
0,
0,
0,
0,
0,
0,
0,
0,
0,
0,
0,
0,
0,
0,
0,
0,
0,
0,
