2020
0,
0,
0,
0,
0,
0,
0,
0,
0,
0,
0,
0,
0,
0,
0,
0,
0,
0,
0,
0,
0,
0,
0,
0,
0,
0,
0,
0,
0,
0,
0,
0,
0,
0,
0,
0,
0,
0,
0,
0,
0,
0,
0,
0,
0,
0,
0,
0,
0,
0,
0,
0,
0,
0,
0,
0,
0,
0,
0,
0,
0,
0,
0,
0,
0,
0,
0,
0,
0,
0,
0,
0,
0,
0,
0,
0,
0,
0,
0,
0,
0,
0,
0,
0,
0,
0,
0,
0,
0,
0,
0,
0,
0,
0,
0,
0,
0,
0,
0,
0,
0,
0,
0,
0,
0,
0,
0,
0,
0,
0,
0,
0,
0,
0,
0,
0,
12678,
12743,
0,
0,
0,
0,
0,
0,
0,
0,
0,
0,
0,
0,
0,
0,
0,
0,
0,
0,
0,
0,
0,
0,
0,
0,
0,
0,
0,
0,
0,
12710,
44506,
46619,
12710,
0,
0,
0,
0,
0,
0,
0,
0,
0,
0,
0,
0,
0,
0,
0,
0,
0,
0,
0,
0,
0,
0,
0,
0,
0,
0,
0,
0,
14791,
46619,
46619,
46619,
12743,
0,
0,
0,
0,
0,
0,
0,
0,
0,
0,
0,
0,
0,
0,
0,
0,
0,
0,
0,
0,
0,
0,
0,
0,
0,
0,
14791,
40312,
12678,
14791,
40280,
12710,
0,
0,
0,
0,
0,
0,
0,
0,
0,
0,
0,
0,
0,
0,
0,
0,
0,
0,
0,
0,
0,
0,
0,
0,
0,
0,
12710,
12710,
65535,
65535,
12678,
12678,
12743,
0,
0,
0,
0,
0,
0,
0,
0,
0,
0,
0,
0,
0,
0,
0,
0,
0,
0,
0,
0,
0,
0,
0,
0,
14791,
44012,
65332,
23243,
23243,
23243,
44012,
64752,
12743,
0,
0,
0,
0,
0,
0,
0,
0,
0,
0,
0,
0,
0,
0,
0,
0,
0,
0,
0,
0,
0,
0,
12710,
63422,
57151,
37739,
39851,
65332,
37771,
62607,
41964,
58478,
12711,
0,
0,
0,
0,
0,
0,
0,
0,
0,
0,
0,
0,
0,
0,
0,
0,
0,
0,
0,
0,
14791,
65503,
52926,
65535,
42425,
65535,
14791,
61042,
41899,
64752,
60558,
12711,
0,
0,
0,
0,
0,
0,
0,
0,
0,
0,
0,
0,
0,
0,
0,
0,
0,
0,
12710,
14791,
46619,
46619,
65535,
65535,
65535,
14791,
44012,
65300,
44012,
64784,
41932,
12743,
0,
0,
0,
0,
0,
0,
0,
0,
0,
0,
0,
0,
0,
0,
0,
0,
0,
0,
12710,
63422,
65535,
63422,
63422,
65535,
63390,
39851,
65332,
61042,
63123,
41932,
12678,
0,
0,
0,
0,
0,
0,
0,
0,
0,
0,
0,
0,
0,
0,
0,
0,
0,
0,
0,
0,
12710,
46651,
65535,
65535,
65535,
44473,
56751,
65333,
63123,
21162,
12743,
0,
0,
0,
0,
0,
0,
0,
0,
0,
0,
0,
0,
0,
0,
0,
0,
0,
0,
0,
0,
0,
0,
14791,
57151,
65535,
14791,
65535,
14791,
65332,
23243,
65535,
65535,
12743,
0,
0,
0,
0,
0,
0,
0,
0,
0,
0,
0,
0,
0,
0,
0,
0,
0,
0,
0,
0,
0,
14791,
63422,
63422,
46619,
12678,
39819,
58831,
61010,
21130,
23211,
12678,
0,
0,
0,
0,
0,
0,
0,
0,
0,
0,
0,
0,
0,
12710,
12710,
0,
0,
0,
0,
0,
14759,
65535,
23211,
65535,
65535,
65535,
55039,
44012,
39819,
44538,
12743,
0,
0,
0,
0,
0,
0,
0,
0,
0,
0,
0,
0,
0,
14791,
65535,
44539,
12743,
0,
0,
0,
0,
14791,
65535,
23243,
46651,
65535,
57151,
57151,
57151,
44539,
23275,
57151,
12743,
0,
0,
0,
0,
0,
0,
0,
0,
0,
0,
0,
12678,
46619,
65503,
61341,
12743,
0,
0,
0,
12678,
63422,
65535,
63422,
21130,
23243,
50813,
52894,
46619,
21130,
52894,
57119,
50780,
12711,
0,
0,
0,
0,
0,
0,
0,
0,
0,
0,
12710,
65535,
44571,
65535,
65535,
12710,
12678,
14791,
65535,
65535,
65535,
65535,
65535,
65535,
21162,
21162,
23275,
52926,
55039,
57151,
52894,
12743,
0,
0,
0,
0,
0,
0,
0,
0,
0,
0,
23243,
65535,
65535,
65535,
65535,
65535,
65535,
65535,
65535,
65535,
65535,
65535,
65535,
57151,
55039,
57119,
23243,
44538,
57151,
46651,
65535,
65535,
14823,
0,
0,
0,
0,
0,
0,
0,
0,
0,
0,
23243,
65503,
21130,
65535,
63422,
63422,
65535,
63422,
63422,
65535,
50813,
50813,
57151,
50813,
52894,
57119,
21130,
65503,
46619,
63390,
65503,
14791,
0,
0,
0,
0,
0,
0,
0,
0,
0,
0,
0,
14791,
65535,
65535,
65535,
21162,
14791,
44506,
55007,
57151,
52959,
55007,
57151,
52959,
55039,
46619,
12710,
55039,
65535,
42425,
65535,
14823,
0,
0,
0,
0,
0,
0,
0,
0,
0,
0,
0,
14791,
65535,
46651,
65535,
12711,
0,
12710,
14791,
46619,
55039,
57119,
57151,
44506,
12710,
12743,
0,
14791,
65535,
65535,
12743,
0,
0,
0,
0,
0,
0,
0,
0,
0,
0,
0,
0,
12710,
63390,
46619,
63422,
61341,
12743,
0,
0,
12710,
12678,
12678,
12710,
12678,
0,
0,
0,
0,
12710,
12678,
0,
0,
0,
0,
0,
0,
0,
0,
0,
0,
0,
0,
0,
14791,
65535,
65535,
46619,
65535,
12743,
0,
0,
0,
0,
0,
0,
0,
0,
0,
0,
0,
0,
0,
0,
0,
0,
0,
0,
0,
0,
0,
0,
0,
0,
0,
0,
0,
14791,
65535,
65535,
12711,
0,
0,
0,
0,
0,
0,
0,
0,
0,
0,
0,
0,
0,
0,
0,
0,
0,
0,
0,
0,
0,
0,
0,
0,
0,
0,
0,
0,
0,
12710,
12710,
0,
0,
0,
0,
0,
0,
0,
0,
0,
0,
0,
0,
0,
0,
0,
0,
0,
0,
0,
0,
0,
0,
0,
0,
0,
0,
0,
0,
0,
0,
0,
0,
0,
0,
0,
0,
0,
0,
0,
0,
0,
0,
0,
0,
0,
0,
0,
0,
0,
0,
0,
0,
0,
0,
0,
0,
0,
0,
0,
0,
0,
0,
0,
0,
0,
0,
0,
0,
0,
0,
0,
0,
0,
0,
0,
0,
0,
0,
0,
0,
0,
0,
0,
0,
0,
0,
0,
0,
0,
0,
0,
0,
0,
0,
0,
0,
0,
0,
0,
0,
0,
0,
0,
0,
0,
0,
0,
0,
0,
0,
0,
0,
0,
0,
0,
0,
0,
0,
0,
0,
0,
0,
0,
0,
0,
0,
0,
0,
0,
0,
0,
0,
0,
0,
0,
0,
0,
0,
0,
0,
0,
0,
0,
0,
0,
0,
0,
0,
0,
