2020
0,
0,
0,
0,
0,
0,
0,
0,
0,
0,
0,
0,
0,
0,
0,
0,
0,
0,
0,
0,
0,
0,
0,
0,
0,
0,
0,
0,
0,
0,
0,
0,
0,
0,
0,
0,
0,
0,
0,
0,
0,
0,
0,
0,
0,
0,
0,
0,
0,
0,
0,
0,
0,
0,
0,
0,
0,
0,
0,
0,
0,
0,
0,
0,
0,
0,
0,
0,
0,
0,
0,
0,
0,
0,
0,
0,
0,
0,
0,
0,
0,
0,
0,
0,
0,
0,
0,
0,
0,
0,
0,
0,
0,
0,
0,
0,
0,
0,
0,
0,
0,
0,
0,
0,
0,
0,
0,
0,
0,
0,
0,
0,
0,
0,
0,
0,
0,
0,
0,
0,
0,
0,
0,
0,
0,
0,
0,
0,
0,
0,
0,
0,
0,
0,
0,
0,
0,
0,
0,
0,
0,
0,
0,
0,
29461,
31542,
33656,
0,
0,
0,
0,
0,
0,
0,
0,
0,
0,
0,
0,
0,
0,
0,
0,
0,
0,
0,
0,
0,
0,
0,
0,
0,
0,
12678,
12710,
12710,
12678,
14759,
42044,
31542,
0,
0,
0,
0,
0,
0,
0,
0,
0,
0,
0,
0,
0,
0,
0,
0,
0,
0,
0,
0,
0,
0,
0,
0,
14791,
52824,
65535,
65535,
65535,
52823,
14759,
33656,
0,
33624,
33656,
0,
0,
0,
0,
0,
0,
0,
0,
0,
0,
0,
0,
0,
0,
0,
0,
0,
0,
0,
29461,
31510,
42012,
12678,
31727,
50743,
19049,
23211,
65535,
12678,
12710,
39931,
37817,
33623,
0,
0,
0,
0,
0,
0,
0,
0,
0,
0,
0,
0,
0,
0,
0,
0,
0,
33656,
39931,
42011,
14759,
21162,
23210,
53958,
49830,
50743,
23243,
21162,
23211,
14759,
39898,
42044,
33656,
0,
0,
0,
0,
0,
0,
0,
0,
0,
0,
0,
0,
0,
0,
0,
0,
33656,
42011,
12710,
23243,
21162,
23243,
23243,
21162,
23243,
23243,
21162,
23243,
46196,
12711,
42044,
42044,
33623,
0,
0,
0,
0,
0,
0,
0,
0,
0,
0,
0,
0,
0,
0,
31510,
42044,
37817,
12678,
23243,
19049,
21130,
23211,
47718,
49830,
23211,
47718,
21162,
46131,
12678,
42011,
39931,
29461,
0,
0,
0,
0,
0,
0,
0,
0,
0,
0,
0,
0,
0,
0,
33591,
42044,
12710,
21162,
23243,
21162,
21162,
23243,
21162,
23243,
65535,
65503,
53959,
48244,
62808,
14759,
33656,
0,
0,
0,
0,
0,
0,
0,
0,
0,
0,
0,
0,
0,
0,
0,
33623,
42044,
12710,
23243,
23243,
21162,
23243,
23243,
23243,
65535,
12710,
14791,
65535,
23243,
64921,
14759,
33656,
0,
0,
0,
0,
0,
0,
0,
0,
0,
0,
0,
0,
0,
0,
0,
0,
33623,
12678,
21130,
23243,
19049,
21130,
23211,
21130,
65535,
65535,
63390,
65535,
23211,
41970,
12711,
39931,
29461,
0,
0,
0,
0,
0,
0,
0,
0,
0,
0,
0,
0,
33624,
33623,
0,
33624,
12710,
23243,
23243,
21162,
23243,
23243,
50711,
65535,
65535,
65535,
65535,
23243,
65535,
52823,
14759,
33623,
0,
0,
0,
0,
0,
0,
0,
0,
0,
0,
0,
0,
33624,
33623,
0,
33656,
42011,
12710,
23243,
21162,
23243,
23243,
65535,
65535,
65535,
65535,
23243,
46196,
12710,
14759,
33656,
0,
0,
0,
0,
0,
0,
0,
0,
0,
0,
0,
0,
0,
0,
0,
0,
0,
37817,
12678,
23243,
19049,
21162,
52824,
63390,
65535,
52791,
47718,
21162,
21162,
12678,
42011,
33623,
0,
0,
0,
0,
0,
0,
0,
0,
0,
0,
0,
0,
0,
33624,
0,
0,
33656,
42011,
42012,
14759,
21162,
23243,
23243,
23210,
53958,
53959,
21162,
23243,
14791,
41979,
33656,
0,
0,
0,
0,
0,
0,
0,
0,
0,
0,
0,
0,
0,
0,
0,
0,
31543,
44092,
39931,
42011,
42044,
12678,
12710,
23243,
21162,
23243,
23243,
12678,
14759,
42044,
31542,
0,
0,
31542,
33656,
0,
0,
0,
0,
0,
0,
0,
0,
0,
0,
0,
0,
0,
31510,
42044,
37817,
39898,
42044,
37817,
39897,
12710,
12678,
12678,
14759,
37817,
39931,
39931,
37817,
33623,
0,
29429,
33623,
0,
0,
0,
0,
0,
0,
0,
0,
0,
0,
0,
0,
0,
0,
33656,
42011,
42012,
33624,
33623,
42012,
42044,
42011,
42044,
42044,
41979,
42044,
42044,
41979,
33656,
0,
0,
0,
0,
0,
0,
0,
0,
0,
0,
0,
0,
0,
0,
0,
0,
0,
0,
31542,
33623,
0,
0,
33623,
42044,
39930,
42012,
42044,
39930,
42012,
42044,
31542,
0,
0,
0,
0,
0,
0,
0,
0,
0,
0,
0,
0,
0,
0,
0,
0,
0,
29461,
33656,
0,
0,
0,
29461,
39898,
42012,
37817,
31542,
33623,
37817,
39931,
33623,
0,
0,
0,
0,
0,
0,
0,
0,
0,
0,
0,
0,
0,
0,
0,
0,
0,
0,
33624,
33656,
0,
0,
0,
33623,
42044,
44092,
33656,
0,
0,
33623,
33656,
0,
0,
0,
0,
0,
0,
0,
0,
0,
0,
0,
0,
0,
0,
0,
0,
0,
0,
0,
0,
0,
0,
0,
0,
0,
33623,
33656,
0,
33623,
33656,
0,
0,
0,
0,
0,
0,
0,
0,
0,
0,
0,
0,
0,
0,
0,
0,
0,
0,
0,
0,
0,
0,
0,
0,
0,
0,
0,
0,
0,
0,
31542,
33656,
0,
0,
0,
0,
0,
0,
0,
0,
0,
0,
0,
0,
0,
0,
0,
0,
0,
0,
0,
0,
0,
0,
0,
0,
0,
0,
0,
0,
0,
33656,
0,
0,
0,
0,
0,
0,
0,
0,
0,
0,
0,
0,
0,
0,
0,
0,
0,
0,
0,
0,
0,
0,
0,
0,
0,
0,
0,
0,
0,
0,
0,
0,
0,
0,
0,
0,
0,
0,
0,
0,
0,
0,
0,
0,
0,
0,
0,
0,
0,
0,
0,
0,
0,
0,
0,
0,
0,
0,
0,
0,
0,
0,
0,
0,
0,
0,
0,
0,
0,
0,
0,
0,
0,
0,
0,
0,
0,
0,
0,
0,
0,
0,
0,
0,
0,
0,
0,
0,
0,
0,
0,
0,
0,
0,
0,
0,
0,
0,
0,
0,
0,
0,
0,
0,
0,
0,
0,
0,
0,
0,
0,
0,
0,
0,
0,
0,
0,
0,
0,
0,
0,
0,
0,
0,
0,
0,
0,
0,
0,
0,
0,
0,
0,
0,
0,
0,
0,
0,
0,
0,
0,
0,
0,
0,
0,
0,
0,
0,
0,
0,
0,
0,
0,
0,
0,
0,
0,
0,
0,
0,
0,
0,
0,
0,
0,
0,
0,
0,
0,
0,
0,
0,
0,
0,
0,
