2020
0,
0,
0,
0,
0,
0,
0,
0,
0,
0,
0,
0,
0,
0,
0,
0,
0,
0,
0,
0,
0,
0,
0,
0,
0,
0,
0,
0,
0,
0,
0,
0,
0,
0,
0,
0,
0,
0,
0,
0,
0,
0,
0,
0,
0,
0,
0,
0,
0,
0,
0,
0,
0,
0,
0,
0,
0,
0,
0,
0,
0,
0,
0,
0,
0,
0,
0,
0,
0,
0,
0,
0,
0,
0,
0,
0,
0,
0,
0,
0,
0,
0,
0,
0,
0,
0,
0,
0,
0,
0,
0,
0,
0,
0,
0,
0,
0,
0,
0,
0,
0,
0,
0,
0,
0,
0,
0,
0,
0,
0,
0,
0,
0,
0,
0,
0,
0,
0,
0,
0,
0,
0,
0,
0,
0,
0,
0,
0,
0,
0,
0,
0,
0,
0,
0,
0,
0,
0,
0,
10597,
12678,
12678,
0,
0,
0,
0,
0,
0,
0,
0,
0,
0,
0,
0,
0,
0,
0,
0,
0,
0,
0,
0,
0,
12678,
12678,
12711,
0,
0,
0,
0,
12710,
22047,
48631,
46518,
12711,
0,
0,
0,
0,
0,
0,
0,
0,
0,
0,
0,
0,
0,
0,
0,
0,
0,
0,
0,
12678,
33882,
33881,
52646,
12678,
12678,
12646,
12710,
22014,
38622,
29753,
61309,
61309,
12711,
0,
0,
0,
0,
0,
0,
0,
0,
0,
0,
0,
0,
0,
0,
0,
0,
0,
0,
10598,
33882,
31768,
50533,
56838,
50565,
50534,
29721,
27607,
19868,
65535,
59164,
59164,
21130,
12678,
0,
0,
0,
0,
0,
0,
0,
0,
0,
0,
0,
0,
0,
0,
0,
0,
0,
0,
12678,
21162,
46213,
56870,
54790,
21130,
21130,
21162,
65503,
65535,
21130,
12678,
29721,
12711,
0,
0,
0,
0,
0,
0,
0,
0,
0,
0,
0,
0,
0,
0,
0,
0,
0,
0,
0,
12678,
31768,
21130,
21129,
59213,
65518,
21130,
61341,
21162,
61309,
15029,
29721,
12710,
0,
0,
0,
12678,
12678,
10597,
12710,
0,
0,
0,
0,
0,
0,
0,
0,
0,
0,
0,
0,
12646,
19049,
65486,
59181,
57068,
21162,
59164,
19017,
15062,
15028,
59164,
29721,
12678,
0,
12678,
10598,
29945,
38686,
36443,
19049,
12678,
12678,
0,
0,
0,
0,
0,
0,
0,
0,
0,
12710,
44541,
65486,
65518,
65486,
65486,
21130,
63454,
12710,
65535,
63455,
29721,
21162,
32090,
12710,
40767,
40734,
40767,
40767,
40734,
40735,
21162,
23314,
12711,
0,
0,
0,
0,
0,
0,
0,
12678,
44509,
42428,
40314,
46245,
61293,
59213,
65518,
19049,
27607,
29753,
27607,
27639,
40767,
36508,
38621,
32091,
27607,
38621,
32091,
27607,
38654,
32091,
19017,
12710,
0,
0,
0,
0,
0,
0,
0,
10598,
44509,
40315,
19049,
65486,
59181,
57100,
65518,
50565,
19017,
21162,
25526,
27574,
29721,
25526,
27607,
29721,
25526,
27607,
29720,
19017,
19082,
30042,
12678,
0,
12710,
0,
0,
0,
0,
0,
0,
0,
12678,
21162,
33914,
65518,
65518,
65518,
46245,
65518,
65518,
56870,
21130,
21130,
21130,
21130,
21162,
29753,
22047,
29753,
29753,
29721,
29753,
21130,
21130,
12710,
65503,
12711,
0,
0,
0,
0,
0,
0,
0,
12710,
59213,
65518,
61293,
42053,
65518,
61293,
61293,
46245,
52645,
52646,
33882,
31768,
31800,
21162,
27607,
27640,
22047,
27607,
27672,
29721,
27575,
29720,
63422,
12678,
0,
0,
0,
0,
0,
0,
12710,
42363,
40282,
65486,
40282,
19049,
44541,
59181,
40282,
12678,
12646,
31736,
12710,
29687,
31768,
21130,
25526,
27607,
29721,
25526,
27640,
29721,
25526,
27640,
21130,
12678,
0,
0,
0,
0,
0,
0,
12710,
33914,
44509,
44509,
12678,
12710,
33914,
44509,
21130,
12678,
0,
12711,
0,
12678,
12710,
29753,
29721,
29753,
22079,
29721,
29753,
23315,
23315,
12678,
12711,
0,
0,
0,
0,
0,
0,
0,
0,
12678,
10597,
12711,
0,
0,
12678,
12646,
12646,
0,
0,
0,
0,
0,
12678,
29721,
27607,
27640,
29721,
21201,
30042,
32091,
12678,
0,
0,
0,
0,
0,
0,
0,
0,
0,
0,
0,
0,
0,
0,
0,
0,
0,
0,
0,
0,
0,
0,
0,
0,
12710,
25526,
19901,
29721,
25526,
21234,
23315,
42292,
12710,
0,
0,
0,
0,
0,
0,
0,
0,
0,
0,
0,
0,
0,
0,
0,
12678,
12678,
12678,
12678,
0,
0,
0,
12678,
23315,
21130,
29753,
29753,
29721,
29753,
29753,
48599,
12711,
0,
0,
0,
0,
0,
0,
0,
0,
0,
0,
0,
0,
0,
0,
12710,
27607,
27607,
29753,
21201,
12678,
0,
0,
12646,
23315,
21201,
19049,
12678,
25526,
27640,
29721,
19017,
12710,
0,
0,
0,
0,
0,
0,
0,
0,
0,
0,
0,
0,
0,
12646,
29721,
27607,
10598,
23347,
25526,
12678,
0,
10598,
21234,
23347,
19835,
12678,
0,
10597,
12678,
12678,
12678,
0,
0,
0,
0,
0,
0,
0,
0,
0,
0,
0,
0,
0,
0,
12710,
29721,
12711,
0,
12678,
12711,
0,
0,
12678,
23315,
23315,
12711,
0,
0,
0,
0,
0,
0,
0,
0,
0,
0,
0,
0,
0,
0,
0,
0,
0,
0,
0,
0,
12646,
29753,
19049,
12678,
0,
0,
0,
12710,
27607,
19900,
12711,
0,
0,
0,
0,
0,
0,
0,
0,
0,
0,
0,
0,
0,
0,
0,
0,
0,
0,
0,
0,
0,
0,
12710,
27607,
27607,
12678,
10597,
12678,
29721,
27607,
12710,
0,
0,
0,
0,
0,
0,
0,
0,
0,
0,
0,
0,
0,
0,
0,
0,
0,
0,
0,
0,
0,
0,
0,
0,
12678,
12678,
29753,
29721,
29721,
12678,
12711,
0,
0,
0,
0,
0,
0,
0,
0,
0,
0,
0,
0,
0,
0,
0,
0,
0,
0,
0,
0,
0,
0,
0,
0,
0,
0,
0,
12678,
10597,
12678,
0,
0,
0,
0,
0,
0,
0,
0,
0,
0,
0,
0,
0,
0,
0,
0,
0,
0,
0,
0,
0,
0,
0,
0,
0,
0,
0,
0,
0,
0,
0,
0,
0,
0,
0,
0,
0,
0,
0,
0,
0,
0,
0,
0,
0,
0,
0,
0,
0,
0,
0,
0,
0,
0,
0,
0,
0,
0,
0,
0,
0,
0,
0,
0,
0,
0,
0,
0,
0,
0,
0,
0,
0,
0,
0,
0,
0,
0,
0,
0,
0,
0,
0,
0,
0,
0,
0,
0,
0,
0,
0,
0,
0,
0,
0,
0,
0,
0,
0,
0,
0,
0,
0,
0,
0,
0,
0,
0,
0,
0,
0,
0,
0,
0,
0,
0,
0,
0,
0,
0,
0,
0,
0,
0,
0,
0,
0,
0,
0,
0,
0,
0,
0,
0,
0,
0,
0,
0,
0,
0,
0,
0,
0,
0,
0,
