2020
0,
0,
0,
0,
0,
0,
0,
0,
0,
0,
0,
0,
0,
0,
0,
0,
0,
0,
0,
0,
0,
0,
0,
0,
0,
0,
0,
0,
0,
0,
0,
0,
0,
0,
0,
0,
0,
0,
0,
0,
0,
0,
0,
0,
0,
0,
0,
0,
0,
0,
0,
0,
0,
0,
0,
0,
0,
0,
0,
0,
0,
0,
0,
0,
0,
0,
0,
0,
0,
0,
0,
0,
0,
0,
0,
0,
0,
0,
0,
0,
0,
0,
0,
0,
0,
0,
0,
0,
0,
0,
0,
0,
0,
0,
0,
0,
0,
0,
0,
0,
0,
0,
0,
0,
0,
0,
0,
0,
0,
0,
0,
0,
0,
0,
0,
0,
0,
0,
0,
0,
0,
0,
0,
0,
0,
0,
0,
0,
0,
0,
0,
0,
0,
0,
0,
0,
0,
0,
0,
0,
0,
0,
0,
12678,
12711,
0,
0,
0,
0,
0,
0,
0,
0,
0,
0,
0,
0,
0,
0,
0,
0,
0,
0,
0,
0,
0,
0,
0,
0,
0,
0,
0,
0,
10597,
12678,
23243,
23243,
12711,
0,
0,
0,
0,
0,
0,
0,
0,
0,
0,
0,
0,
0,
0,
0,
0,
0,
0,
0,
0,
0,
0,
0,
12678,
12678,
12678,
12678,
43910,
45958,
25356,
50744,
52825,
12710,
0,
0,
0,
0,
0,
0,
0,
0,
0,
0,
0,
0,
0,
0,
0,
0,
0,
0,
0,
0,
0,
12678,
25356,
25356,
31695,
25356,
45958,
65535,
63422,
63454,
52825,
12678,
12678,
12711,
0,
0,
0,
0,
0,
0,
0,
0,
0,
0,
0,
0,
0,
0,
0,
0,
0,
10597,
10597,
25356,
23243,
19017,
25356,
23275,
59164,
65503,
29582,
59164,
52825,
46518,
11144,
13257,
10597,
12678,
0,
0,
0,
0,
0,
0,
0,
0,
0,
0,
0,
0,
0,
0,
12678,
25356,
25324,
25356,
21130,
29614,
31695,
25388,
63422,
12678,
47554,
21130,
52857,
10918,
10950,
13257,
13225,
21130,
12711,
0,
0,
0,
0,
0,
0,
0,
0,
0,
0,
0,
0,
0,
12678,
25356,
23275,
21130,
21130,
29582,
25388,
61341,
31695,
65535,
61309,
21130,
52857,
48663,
10950,
13257,
10918,
10918,
49602,
12678,
0,
0,
0,
0,
0,
0,
0,
0,
0,
0,
0,
0,
12678,
23243,
19017,
21130,
27501,
19017,
21162,
59164,
19017,
21130,
19017,
46518,
52825,
8837,
15466,
13257,
11112,
13160,
47554,
12678,
0,
0,
0,
0,
0,
0,
0,
0,
0,
0,
0,
0,
0,
12678,
21130,
31695,
31695,
29614,
21162,
43910,
21130,
21162,
50744,
35527,
52857,
10950,
17611,
17643,
13225,
21130,
12711,
0,
0,
0,
0,
0,
0,
0,
0,
0,
0,
0,
0,
0,
0,
0,
12646,
31695,
29614,
21097,
45958,
21129,
33479,
65535,
33447,
43878,
10950,
17546,
17579,
10950,
10918,
50545,
12711,
0,
0,
0,
0,
0,
0,
0,
0,
0,
0,
0,
0,
0,
0,
10597,
27501,
21130,
19017,
10597,
12710,
41765,
41765,
21162,
10885,
31366,
17611,
15434,
15466,
17611,
10885,
48432,
50546,
10597,
12710,
0,
0,
0,
0,
0,
0,
0,
0,
0,
0,
0,
0,
12710,
31695,
31695,
12711,
0,
12710,
45958,
45958,
21162,
17611,
17611,
17643,
17611,
10950,
10982,
52626,
52626,
45990,
52792,
49602,
12711,
0,
0,
0,
0,
0,
0,
0,
0,
0,
0,
0,
12678,
19049,
31695,
12710,
0,
0,
12678,
19082,
17643,
17546,
17578,
17643,
10918,
50545,
52658,
48465,
35757,
35559,
48631,
47554,
12711,
0,
0,
0,
0,
0,
0,
0,
0,
0,
0,
0,
0,
10597,
21130,
12678,
0,
12710,
15466,
11112,
17611,
8837,
15434,
10950,
10885,
48432,
52626,
46352,
48432,
12678,
10597,
12710,
0,
0,
0,
0,
0,
0,
0,
0,
0,
0,
0,
0,
0,
12678,
31695,
31695,
12678,
17643,
17611,
17611,
10950,
45958,
10950,
35527,
52626,
52626,
37837,
12678,
12711,
0,
0,
0,
0,
0,
0,
0,
0,
0,
0,
0,
0,
0,
0,
0,
0,
0,
12678,
12646,
12678,
17643,
17578,
15498,
10950,
41797,
41798,
35527,
48433,
35756,
37837,
10597,
0,
0,
0,
0,
0,
0,
0,
0,
0,
0,
0,
0,
0,
0,
0,
0,
0,
0,
0,
0,
10597,
17611,
15466,
8837,
45958,
41765,
31366,
52626,
46352,
33644,
12711,
0,
0,
0,
0,
0,
0,
0,
0,
0,
0,
0,
0,
0,
0,
0,
0,
0,
0,
0,
12678,
12678,
13257,
21162,
17611,
17611,
10950,
35527,
35527,
52658,
52626,
52626,
12678,
12711,
0,
0,
0,
0,
0,
0,
0,
0,
0,
0,
0,
0,
0,
0,
0,
0,
0,
10630,
13257,
10918,
13192,
21162,
17546,
10918,
45958,
33446,
48465,
52626,
48432,
33447,
52825,
45474,
12710,
0,
0,
0,
0,
0,
0,
0,
0,
0,
0,
0,
0,
0,
0,
0,
10630,
11112,
13257,
11112,
11112,
13257,
10597,
15466,
45958,
31366,
46352,
52626,
31366,
41798,
52825,
43426,
12678,
0,
0,
0,
0,
0,
0,
0,
0,
0,
0,
0,
0,
0,
0,
0,
12710,
13257,
10950,
13257,
10950,
12711,
0,
12678,
12710,
45958,
35527,
52658,
52626,
37837,
12678,
12678,
0,
0,
0,
0,
0,
0,
0,
0,
0,
0,
0,
0,
0,
0,
0,
0,
0,
10597,
12710,
13192,
12678,
0,
0,
0,
0,
10597,
12646,
12678,
10597,
12710,
0,
0,
0,
0,
0,
0,
0,
0,
0,
0,
0,
0,
0,
0,
0,
0,
0,
0,
0,
0,
0,
12678,
0,
0,
0,
0,
0,
0,
0,
0,
0,
0,
0,
0,
0,
0,
0,
0,
0,
0,
0,
0,
0,
0,
0,
0,
0,
0,
0,
0,
0,
0,
0,
0,
0,
0,
0,
0,
0,
0,
0,
0,
0,
0,
0,
0,
0,
0,
0,
0,
0,
0,
0,
0,
0,
0,
0,
0,
0,
0,
0,
0,
0,
0,
0,
0,
0,
0,
0,
0,
0,
0,
0,
0,
0,
0,
0,
0,
0,
0,
0,
0,
0,
0,
0,
0,
0,
0,
0,
0,
0,
0,
0,
0,
0,
0,
0,
0,
0,
0,
0,
0,
0,
0,
0,
0,
0,
0,
0,
0,
0,
0,
0,
0,
0,
0,
0,
0,
0,
0,
0,
0,
0,
0,
0,
0,
0,
0,
0,
0,
0,
0,
0,
0,
0,
0,
0,
0,
0,
0,
0,
0,
0,
0,
0,
0,
0,
0,
0,
0,
0,
0,
0,
0,
0,
0,
0,
0,
0,
0,
0,
0,
0,
0,
0,
0,
0,
0,
0,
0,
0,
0,
0,
0,
0,
0,
0,
0,
0,
0,
0,
0,
0,
0,
