2020
0,
0,
0,
0,
0,
0,
0,
0,
0,
0,
0,
0,
0,
0,
0,
0,
0,
0,
0,
0,
0,
0,
0,
0,
0,
0,
0,
0,
0,
0,
0,
0,
0,
0,
0,
0,
0,
0,
0,
0,
0,
0,
0,
0,
0,
0,
0,
0,
0,
0,
0,
0,
0,
0,
0,
0,
0,
0,
0,
0,
0,
0,
0,
0,
0,
0,
0,
0,
0,
0,
0,
0,
0,
0,
0,
0,
0,
0,
0,
0,
0,
0,
0,
0,
0,
0,
0,
0,
0,
0,
0,
0,
0,
0,
0,
0,
0,
0,
0,
0,
0,
0,
0,
0,
0,
0,
0,
0,
0,
0,
0,
0,
0,
0,
0,
0,
0,
0,
0,
0,
0,
0,
0,
0,
0,
0,
0,
0,
0,
0,
0,
0,
0,
0,
0,
0,
0,
0,
0,
0,
0,
0,
0,
0,
0,
0,
0,
0,
0,
0,
0,
0,
0,
0,
0,
0,
0,
0,
0,
0,
0,
0,
0,
0,
0,
0,
0,
0,
0,
0,
12711,
0,
0,
0,
0,
0,
12678,
14823,
0,
0,
0,
0,
0,
0,
0,
0,
0,
0,
0,
0,
0,
0,
0,
0,
0,
0,
0,
0,
0,
0,
0,
12678,
15113,
14759,
12711,
0,
0,
12710,
40521,
42730,
12678,
12743,
0,
0,
0,
0,
0,
0,
0,
0,
0,
0,
0,
0,
0,
0,
0,
0,
0,
0,
0,
0,
0,
14791,
17258,
21550,
21550,
14759,
14791,
44778,
44778,
44810,
65535,
34122,
14823,
0,
0,
0,
0,
0,
0,
0,
0,
0,
0,
0,
0,
0,
0,
0,
0,
0,
0,
0,
0,
12710,
19405,
17258,
19437,
19437,
17258,
21162,
34058,
65535,
31977,
65535,
14823,
0,
0,
0,
0,
0,
0,
0,
0,
0,
0,
0,
0,
0,
0,
0,
0,
0,
0,
0,
0,
12710,
19405,
17258,
19405,
21130,
23243,
29582,
29582,
23275,
63454,
31977,
34122,
12711,
0,
0,
0,
0,
0,
0,
0,
0,
0,
0,
0,
0,
0,
0,
0,
0,
0,
0,
0,
0,
14791,
21550,
17258,
23275,
65535,
14791,
65535,
31727,
23243,
23243,
23243,
23243,
14823,
0,
0,
0,
0,
0,
0,
0,
0,
0,
0,
0,
0,
0,
0,
0,
0,
0,
0,
0,
12678,
21550,
21162,
29582,
31727,
29582,
29582,
31727,
29582,
31977,
34122,
21130,
40585,
12710,
12711,
0,
0,
0,
0,
0,
0,
0,
0,
0,
0,
0,
0,
0,
0,
0,
0,
0,
12678,
21550,
21162,
29582,
31727,
29582,
29582,
31727,
29582,
31977,
23275,
40521,
65535,
36170,
63422,
14791,
0,
0,
0,
0,
0,
0,
0,
0,
0,
0,
0,
0,
14759,
14823,
0,
14823,
0,
14791,
31727,
31727,
31727,
31727,
31727,
31727,
31727,
23275,
44810,
44778,
44810,
65535,
34122,
34122,
14823,
0,
0,
0,
0,
0,
0,
0,
0,
0,
0,
14791,
21162,
29582,
14791,
29582,
12678,
14791,
29582,
29582,
31727,
29582,
29582,
31727,
29582,
21162,
44778,
38441,
40585,
34122,
29897,
34057,
14791,
0,
0,
0,
0,
0,
0,
0,
0,
0,
0,
14791,
31695,
21162,
31727,
29614,
29582,
31727,
29614,
29614,
31727,
29614,
65503,
14791,
65503,
21162,
44778,
40521,
42665,
34122,
31945,
34090,
14791,
0,
0,
0,
0,
0,
0,
0,
0,
0,
14791,
31727,
31727,
23243,
31727,
23243,
14759,
14759,
14791,
31727,
31727,
23243,
33808,
52857,
31727,
23275,
44810,
65535,
34122,
34122,
34122,
14823,
0,
0,
0,
0,
0,
0,
0,
0,
0,
0,
12678,
14759,
14791,
0,
14759,
12711,
0,
0,
12678,
21162,
31727,
29582,
29582,
31727,
29582,
34058,
65535,
31945,
65535,
34090,
12711,
0,
0,
0,
0,
0,
0,
0,
0,
0,
0,
0,
0,
0,
0,
0,
0,
0,
0,
14791,
19756,
21162,
23243,
21130,
29614,
31727,
21162,
42665,
44810,
63454,
21162,
34090,
12711,
0,
0,
0,
0,
0,
0,
0,
0,
0,
0,
0,
0,
0,
0,
0,
0,
0,
14791,
21901,
21901,
23243,
17258,
21901,
23243,
23275,
44778,
44810,
44810,
34122,
34122,
14823,
0,
0,
0,
0,
0,
0,
0,
0,
0,
0,
0,
0,
0,
0,
0,
0,
0,
0,
12678,
21901,
12678,
12678,
21901,
15113,
19724,
17226,
21130,
40553,
44778,
29865,
31945,
14791,
0,
0,
0,
0,
0,
0,
0,
0,
0,
0,
0,
0,
0,
0,
0,
0,
0,
0,
12678,
14823,
0,
12710,
21901,
15145,
19756,
21901,
15113,
21162,
34122,
21162,
32009,
14791,
0,
0,
0,
0,
0,
0,
0,
0,
0,
0,
0,
0,
0,
0,
0,
0,
0,
0,
0,
0,
0,
0,
14791,
21901,
17258,
21901,
21901,
23275,
34122,
34090,
14823,
0,
0,
0,
0,
0,
0,
0,
0,
0,
0,
0,
0,
0,
0,
0,
0,
0,
0,
0,
0,
0,
0,
0,
14759,
19724,
19724,
17258,
19724,
15145,
23243,
12711,
0,
0,
0,
0,
0,
0,
0,
0,
0,
0,
0,
0,
0,
0,
0,
0,
0,
0,
0,
0,
0,
0,
0,
0,
0,
12710,
19756,
21901,
15145,
19789,
14823,
0,
0,
0,
0,
0,
0,
0,
0,
0,
0,
0,
0,
0,
0,
0,
0,
0,
0,
0,
0,
0,
0,
0,
0,
0,
0,
0,
14759,
14791,
21901,
17258,
14823,
0,
0,
0,
0,
0,
0,
0,
0,
0,
0,
0,
0,
0,
0,
0,
0,
0,
0,
0,
0,
0,
0,
0,
0,
0,
0,
0,
0,
0,
12678,
12678,
14823,
0,
0,
0,
0,
0,
0,
0,
0,
0,
0,
0,
0,
0,
0,
0,
0,
0,
0,
0,
0,
0,
0,
0,
0,
0,
0,
0,
0,
0,
0,
0,
0,
0,
0,
0,
0,
0,
0,
0,
0,
0,
0,
0,
0,
0,
0,
0,
0,
0,
0,
0,
0,
0,
0,
0,
0,
0,
0,
0,
0,
0,
0,
0,
0,
0,
0,
0,
0,
0,
0,
0,
0,
0,
0,
0,
0,
0,
0,
0,
0,
0,
0,
0,
0,
0,
0,
0,
0,
0,
0,
0,
0,
0,
0,
0,
0,
0,
0,
0,
0,
0,
0,
0,
0,
0,
0,
0,
0,
0,
0,
0,
0,
0,
0,
0,
0,
0,
0,
0,
0,
0,
0,
0,
0,
0,
0,
0,
0,
0,
0,
0,
0,
0,
0,
0,
0,
0,
0,
0,
0,
0,
0,
0,
0,
0,
0,
0,
0,
0,
0,
0,
0,
0,
0,
0,
0,
0,
0,
0,
0,
0,
0,
0,
0,
0,
0,
0,
0,
0,
0,
0,
