2020
0,
0,
0,
0,
0,
0,
0,
0,
0,
0,
0,
0,
0,
0,
0,
0,
0,
0,
0,
0,
0,
0,
0,
0,
0,
0,
0,
0,
0,
0,
0,
0,
0,
0,
0,
0,
0,
0,
0,
0,
0,
0,
0,
0,
0,
0,
0,
0,
0,
0,
0,
0,
0,
0,
0,
0,
0,
0,
0,
0,
0,
0,
0,
0,
0,
0,
0,
0,
0,
0,
0,
0,
0,
0,
0,
0,
0,
0,
0,
0,
0,
0,
0,
0,
0,
0,
0,
0,
0,
0,
0,
0,
0,
0,
0,
0,
0,
0,
0,
0,
0,
0,
0,
0,
0,
0,
0,
0,
0,
0,
0,
0,
0,
0,
0,
0,
0,
0,
0,
0,
0,
0,
0,
0,
0,
0,
0,
0,
0,
0,
0,
0,
0,
0,
0,
0,
0,
10597,
12678,
0,
0,
0,
0,
0,
0,
0,
0,
0,
0,
0,
0,
0,
0,
0,
0,
0,
0,
0,
0,
0,
0,
0,
0,
0,
0,
12678,
12646,
10597,
0,
12678,
52887,
12678,
12678,
0,
0,
12678,
0,
0,
0,
0,
0,
0,
0,
0,
0,
0,
0,
0,
0,
0,
0,
0,
0,
0,
0,
0,
0,
12710,
57145,
42321,
12678,
21162,
57145,
57145,
42321,
12678,
12710,
19343,
12711,
0,
0,
0,
0,
0,
0,
0,
0,
0,
0,
0,
0,
0,
0,
0,
0,
0,
0,
0,
0,
0,
12678,
52887,
57145,
31756,
50839,
33869,
14823,
38160,
21130,
19017,
14823,
12678,
10597,
12710,
0,
0,
0,
0,
0,
0,
0,
0,
0,
0,
0,
0,
0,
0,
0,
0,
0,
0,
12678,
31756,
57145,
52887,
52919,
57145,
50839,
16904,
21130,
19017,
16904,
33869,
29676,
31789,
12710,
0,
0,
0,
10597,
12710,
0,
0,
0,
0,
0,
0,
0,
0,
0,
0,
12678,
12710,
57145,
33901,
57145,
57145,
57145,
57145,
57145,
57145,
16936,
21130,
21130,
16936,
33869,
33869,
12711,
0,
0,
12710,
42321,
21130,
12711,
0,
0,
0,
0,
0,
0,
0,
0,
12646,
38095,
57145,
50807,
50806,
57145,
50806,
50806,
57145,
50774,
12678,
65503,
14823,
19049,
16904,
14791,
12678,
0,
10597,
12678,
40240,
38095,
21130,
12710,
0,
0,
0,
0,
0,
0,
0,
12710,
52919,
52887,
57145,
52919,
52919,
57145,
52887,
31756,
57145,
19277,
51590,
65503,
14823,
21129,
42321,
38127,
31789,
12678,
38095,
40273,
40273,
38095,
42321,
12710,
0,
0,
0,
0,
0,
0,
0,
12678,
12678,
21130,
33901,
57145,
57145,
57145,
57113,
21162,
57145,
19375,
65503,
16936,
21130,
21130,
16936,
33901,
57145,
57145,
42321,
42321,
42353,
42321,
12711,
0,
0,
0,
0,
0,
0,
0,
0,
0,
0,
12646,
57145,
50807,
50806,
57145,
19049,
50806,
21162,
50774,
14823,
16904,
14791,
16904,
57113,
50806,
55000,
57113,
50774,
19049,
31788,
10630,
0,
12678,
10630,
0,
0,
0,
0,
0,
0,
0,
12678,
52919,
12678,
21130,
55000,
57145,
19049,
21130,
42353,
52951,
55032,
57145,
52919,
40240,
21130,
19049,
21162,
57145,
52919,
55064,
21130,
10597,
12710,
55065,
19049,
12711,
0,
0,
0,
0,
0,
0,
12678,
12710,
0,
12710,
57145,
57145,
42321,
42353,
57145,
57113,
57145,
57145,
57113,
57145,
57145,
57113,
33869,
21162,
57113,
57145,
57145,
57113,
57145,
57145,
21130,
12711,
0,
0,
0,
0,
0,
0,
0,
0,
0,
12678,
50806,
42321,
38095,
38095,
21130,
19017,
12678,
57145,
50806,
52887,
57113,
50806,
52920,
21162,
50774,
55000,
55000,
50774,
55064,
55000,
50774,
12710,
0,
0,
0,
0,
0,
0,
0,
0,
0,
0,
12678,
42353,
19049,
40240,
42321,
12678,
0,
12678,
21129,
55032,
57145,
52919,
21162,
57145,
38128,
12678,
12710,
52919,
57113,
33869,
12678,
0,
0,
0,
0,
0,
0,
0,
0,
0,
0,
0,
12710,
42321,
12678,
42321,
12711,
0,
0,
0,
12678,
21162,
57145,
42321,
21162,
42321,
12710,
0,
0,
12678,
12678,
12711,
0,
0,
0,
0,
0,
0,
0,
0,
0,
0,
0,
0,
0,
12678,
0,
10597,
0,
0,
0,
12710,
50774,
19049,
55032,
19049,
52919,
12710,
0,
0,
0,
0,
0,
0,
0,
0,
0,
0,
0,
0,
0,
0,
0,
0,
0,
0,
0,
0,
0,
0,
0,
0,
0,
12710,
52919,
55032,
21162,
52919,
42321,
12711,
0,
0,
12678,
12678,
0,
0,
0,
0,
0,
0,
0,
0,
0,
0,
0,
0,
0,
0,
0,
0,
0,
0,
0,
12678,
12678,
42353,
55032,
57113,
57145,
55032,
57145,
57145,
12678,
12710,
42321,
12678,
12711,
0,
0,
0,
0,
0,
0,
0,
0,
0,
0,
0,
0,
0,
0,
12678,
10597,
10597,
12710,
50806,
52887,
57113,
19017,
38128,
55064,
50774,
52951,
55064,
38095,
40208,
19049,
19017,
12710,
0,
0,
0,
0,
0,
0,
0,
0,
0,
0,
0,
0,
0,
0,
12678,
52951,
55000,
57145,
52951,
55032,
57145,
38128,
21130,
12710,
40208,
57112,
42321,
38128,
42321,
21130,
19049,
12711,
0,
0,
0,
0,
0,
0,
0,
0,
0,
0,
0,
0,
0,
0,
0,
12678,
12678,
57145,
55032,
57113,
42353,
40240,
12710,
0,
12678,
12678,
12710,
40240,
42321,
42321,
12710,
0,
0,
0,
0,
0,
0,
0,
0,
0,
0,
0,
0,
0,
0,
0,
0,
0,
0,
12678,
19017,
38127,
42321,
10630,
0,
0,
0,
0,
0,
10597,
12646,
12678,
0,
0,
0,
0,
0,
0,
0,
0,
0,
0,
0,
0,
0,
0,
0,
0,
0,
0,
12678,
42353,
40240,
12678,
12711,
0,
0,
0,
0,
0,
0,
0,
0,
0,
0,
0,
0,
0,
0,
0,
0,
0,
0,
0,
0,
0,
0,
0,
0,
0,
0,
0,
0,
12678,
12710,
0,
0,
0,
0,
0,
0,
0,
0,
0,
0,
0,
0,
0,
0,
0,
0,
0,
0,
0,
0,
0,
0,
0,
0,
0,
0,
0,
0,
0,
0,
0,
0,
0,
0,
0,
0,
0,
0,
0,
0,
0,
0,
0,
0,
0,
0,
0,
0,
0,
0,
0,
0,
0,
0,
0,
0,
0,
0,
0,
0,
0,
0,
0,
0,
0,
0,
0,
0,
0,
0,
0,
0,
0,
0,
0,
0,
0,
0,
0,
0,
0,
0,
0,
0,
0,
0,
0,
0,
0,
0,
0,
0,
0,
0,
0,
0,
0,
0,
0,
0,
0,
0,
0,
0,
0,
0,
0,
0,
0,
0,
0,
0,
0,
0,
0,
0,
0,
0,
0,
0,
0,
0,
0,
0,
0,
0,
0,
0,
0,
0,
0,
0,
0,
0,
0,
0,
0,
0,
0,
0,
0,
0,
0,
0,
0,
0,
0,
