2020
0,
0,
0,
0,
0,
0,
0,
0,
0,
0,
0,
0,
0,
0,
14759,
14759,
14759,
0,
0,
0,
0,
0,
0,
0,
0,
0,
0,
0,
0,
0,
0,
0,
0,
0,
0,
0,
0,
0,
0,
0,
0,
0,
0,
0,
14759,
14759,
34450,
34450,
34450,
14759,
0,
0,
0,
0,
0,
0,
0,
0,
0,
0,
0,
0,
0,
0,
0,
0,
0,
0,
0,
0,
0,
0,
0,
0,
14759,
14759,
21130,
34450,
21741,
34482,
21741,
12678,
0,
0,
0,
0,
0,
0,
0,
0,
0,
0,
0,
0,
0,
0,
0,
0,
0,
14759,
14759,
14759,
14759,
0,
0,
14759,
21709,
50375,
34450,
21741,
34482,
34482,
21162,
65503,
14759,
0,
0,
0,
0,
0,
0,
0,
0,
0,
0,
0,
0,
0,
0,
0,
14759,
21709,
21709,
21709,
21709,
14759,
14759,
12678,
34482,
21741,
65127,
34482,
21162,
34482,
21130,
58222,
12678,
0,
0,
0,
0,
0,
0,
0,
0,
0,
0,
0,
0,
0,
0,
0,
0,
12678,
12678,
21741,
21741,
21709,
21709,
21709,
21162,
21741,
65127,
21162,
21130,
21741,
58190,
21130,
12678,
0,
0,
0,
0,
0,
0,
0,
0,
0,
0,
0,
0,
0,
0,
0,
0,
0,
0,
12678,
12678,
12678,
21741,
21162,
21709,
65127,
19371,
12678,
50375,
21162,
58190,
21130,
12678,
0,
0,
0,
0,
0,
0,
0,
0,
0,
0,
0,
0,
0,
0,
0,
0,
0,
0,
0,
0,
0,
12678,
12678,
21741,
19371,
34450,
65095,
21162,
21130,
58190,
21130,
12678,
0,
0,
0,
0,
0,
0,
0,
0,
0,
0,
0,
0,
0,
0,
0,
0,
0,
0,
0,
0,
0,
0,
0,
21162,
19339,
34482,
21162,
21130,
58190,
21130,
21709,
12678,
0,
0,
0,
0,
0,
0,
0,
0,
0,
0,
0,
0,
0,
0,
0,
0,
0,
0,
0,
0,
0,
0,
23210,
34450,
21709,
21741,
21130,
34450,
58190,
21130,
12678,
0,
0,
0,
0,
0,
0,
0,
0,
0,
0,
0,
0,
0,
0,
0,
0,
0,
0,
0,
0,
0,
0,
14759,
34450,
34482,
21741,
21741,
21709,
21741,
21130,
21709,
12678,
0,
0,
14758,
14759,
14758,
0,
0,
0,
0,
0,
0,
0,
0,
0,
0,
0,
0,
0,
0,
0,
0,
14759,
21709,
34482,
19371,
19339,
21741,
21741,
34482,
34450,
12678,
0,
0,
14759,
19339,
19339,
19339,
14758,
14758,
0,
0,
0,
0,
0,
0,
0,
0,
0,
0,
0,
0,
0,
0,
12678,
34482,
21162,
34450,
21709,
21741,
19339,
21162,
34482,
34450,
14758,
14759,
19339,
19339,
19339,
21709,
21709,
21130,
14758,
0,
0,
0,
0,
0,
0,
0,
0,
0,
0,
0,
0,
14759,
34450,
34482,
21130,
19371,
21741,
21741,
21709,
12678,
12710,
34482,
34450,
12678,
19339,
19339,
21709,
21741,
65127,
21709,
12678,
0,
0,
0,
0,
0,
0,
0,
0,
0,
0,
0,
14759,
51162,
34482,
12710,
50375,
65095,
19339,
21741,
12678,
0,
0,
12710,
34482,
34450,
21130,
19339,
21741,
21741,
65127,
21741,
21709,
14758,
0,
0,
0,
0,
0,
0,
0,
0,
0,
14759,
51162,
34482,
12710,
0,
12678,
34482,
65095,
19339,
12678,
0,
0,
12678,
21162,
21162,
19339,
19339,
12678,
21741,
21741,
65127,
21741,
12678,
0,
0,
0,
0,
0,
0,
0,
0,
0,
12678,
34482,
12710,
0,
0,
12678,
34482,
65127,
19339,
21709,
14759,
14759,
21130,
19339,
19339,
19339,
12678,
0,
12678,
21741,
21741,
50407,
12678,
0,
0,
0,
0,
0,
0,
0,
0,
0,
12678,
12710,
0,
0,
0,
0,
12710,
65127,
19339,
21741,
21130,
34450,
21130,
19339,
19339,
19339,
12678,
0,
12678,
21741,
65127,
21741,
12678,
0,
0,
0,
0,
0,
0,
0,
0,
0,
0,
0,
0,
0,
0,
0,
12678,
34482,
65095,
19339,
21709,
21162,
34450,
21130,
19339,
19339,
12678,
14759,
21709,
21741,
65127,
21741,
12678,
0,
0,
0,
0,
0,
0,
0,
0,
0,
0,
0,
0,
0,
14759,
14759,
21130,
34482,
65127,
19339,
21741,
21130,
34482,
21709,
21130,
21130,
21130,
21709,
21162,
50407,
21741,
12678,
0,
0,
0,
0,
0,
0,
0,
0,
0,
0,
0,
0,
0,
14759,
45708,
45708,
45708,
21162,
34482,
19339,
21162,
34450,
21741,
21741,
21709,
21709,
21130,
21162,
54938,
21162,
50407,
12678,
0,
0,
0,
0,
0,
0,
0,
0,
0,
0,
0,
0,
0,
0,
12678,
12678,
12678,
45708,
12710,
21130,
34450,
21741,
21741,
21741,
21741,
21162,
65503,
21130,
19371,
21130,
12678,
0,
0,
0,
0,
0,
0,
0,
0,
0,
0,
0,
0,
0,
0,
0,
0,
0,
0,
12678,
21130,
21709,
21162,
21162,
21162,
21162,
21741,
21130,
34482,
21709,
21709,
65503,
12678,
0,
0,
0,
0,
0,
0,
0,
0,
0,
0,
0,
0,
0,
0,
0,
0,
0,
14759,
58190,
21709,
21162,
19339,
34450,
34450,
19339,
21162,
21709,
21162,
19339,
34482,
21741,
12678,
14758,
14758,
0,
0,
0,
0,
0,
0,
0,
0,
0,
0,
0,
0,
0,
0,
14759,
58190,
21709,
21741,
21130,
34450,
51194,
21741,
34450,
21130,
21162,
21130,
34450,
21741,
21162,
21709,
21130,
45708,
14758,
0,
0,
0,
0,
0,
0,
0,
0,
0,
0,
0,
0,
0,
12678,
58190,
21741,
21741,
21130,
34482,
34482,
21741,
34482,
34450,
34450,
21709,
34482,
21162,
21709,
21741,
21709,
21130,
12678,
0,
0,
0,
0,
0,
0,
0,
0,
0,
0,
0,
0,
0,
0,
12678,
58190,
21741,
21130,
19371,
34482,
34482,
19371,
12710,
12710,
21741,
34482,
12678,
19339,
19339,
21741,
21741,
12678,
0,
0,
0,
0,
0,
0,
0,
0,
0,
0,
0,
0,
0,
0,
0,
12678,
58190,
21709,
12678,
12710,
12710,
12678,
0,
0,
12678,
12710,
0,
12678,
58190,
19339,
19339,
21709,
14758,
0,
0,
0,
0,
0,
0,
0,
0,
0,
0,
0,
0,
0,
0,
0,
12678,
12678,
0,
0,
0,
0,
0,
0,
0,
0,
0,
0,
12678,
58190,
21709,
12678,
12678,
0,
0,
0,
0,
0,
0,
0,
0,
0,
0,
0,
0,
0,
0,
0,
0,
0,
0,
0,
0,
0,
0,
0,
0,
0,
0,
0,
0,
12678,
58190,
12678,
0,
0,
0,
0,
0,
0,
0,
0,
0,
0,
0,
0,
0,
0,
0,
0,
0,
0,
0,
0,
0,
0,
0,
0,
0,
0,
0,
0,
0,
0,
12678,
12678,
0,
0,
0,
0,
0,
0,
0,
0,
0,
0,
0,
0,
0,
0,
0,
0,
0,
0,
0,
0,
0,
0,
0,
0,
0,
0,
0,
0,
0,
0,
0,
0,
0,
0,
0,
0,
