2020
0,
0,
0,
0,
0,
0,
0,
0,
0,
0,
0,
0,
0,
0,
0,
0,
0,
0,
0,
0,
0,
0,
0,
0,
0,
0,
0,
0,
0,
0,
0,
0,
0,
0,
0,
0,
0,
0,
0,
0,
0,
0,
0,
0,
0,
0,
0,
0,
0,
0,
0,
0,
0,
0,
0,
0,
0,
0,
0,
0,
0,
0,
0,
0,
0,
0,
0,
0,
0,
0,
0,
0,
0,
0,
0,
0,
0,
0,
0,
0,
0,
0,
0,
0,
0,
0,
0,
0,
0,
0,
0,
0,
0,
0,
0,
0,
0,
0,
0,
0,
0,
0,
0,
0,
0,
0,
0,
0,
0,
0,
0,
0,
0,
0,
0,
0,
0,
0,
0,
0,
0,
0,
0,
0,
0,
0,
0,
0,
0,
0,
0,
0,
0,
0,
0,
0,
14759,
0,
0,
0,
0,
0,
0,
0,
0,
0,
0,
0,
0,
0,
0,
0,
0,
0,
0,
0,
0,
0,
0,
0,
0,
0,
0,
0,
0,
0,
0,
12710,
52151,
14759,
0,
0,
0,
0,
0,
0,
0,
0,
0,
0,
0,
0,
0,
0,
0,
0,
0,
0,
0,
0,
0,
0,
0,
0,
0,
0,
0,
0,
12678,
33423,
52151,
12678,
0,
0,
12678,
0,
0,
12678,
0,
0,
0,
0,
0,
0,
0,
0,
0,
0,
0,
0,
0,
0,
0,
0,
0,
0,
0,
0,
0,
0,
12710,
50038,
52151,
50070,
12710,
14759,
50070,
12710,
14759,
50038,
12710,
0,
0,
0,
0,
0,
0,
0,
0,
0,
0,
0,
0,
0,
0,
0,
0,
0,
0,
0,
0,
0,
14759,
52151,
52151,
52151,
52151,
52151,
52151,
23243,
17273,
17273,
14759,
0,
0,
0,
0,
0,
0,
0,
0,
0,
0,
0,
0,
0,
0,
0,
0,
0,
0,
0,
0,
0,
12678,
33423,
52151,
47957,
45908,
52151,
21130,
21130,
17273,
15126,
15127,
14759,
0,
0,
14759,
0,
0,
0,
0,
12710,
0,
0,
0,
0,
0,
0,
0,
0,
0,
0,
0,
0,
0,
12710,
52151,
50070,
21162,
23243,
50070,
65535,
23243,
21162,
21162,
17273,
12710,
12710,
52151,
12678,
0,
0,
12678,
52151,
14759,
0,
0,
0,
0,
0,
0,
0,
0,
0,
0,
0,
0,
0,
14759,
23243,
50070,
62909,
60828,
35536,
64557,
64525,
64557,
23243,
15192,
23243,
37584,
12710,
0,
0,
12710,
52151,
14759,
0,
0,
0,
0,
0,
0,
0,
0,
0,
0,
12710,
12678,
12678,
35536,
21130,
54553,
62908,
56602,
33423,
47817,
41608,
54090,
64557,
21130,
47957,
52151,
12678,
0,
12710,
33423,
35503,
35536,
12678,
0,
0,
0,
0,
0,
0,
0,
0,
12678,
62908,
60796,
58715,
62908,
58747,
58715,
62909,
58747,
58747,
37584,
64492,
64525,
64557,
21162,
50070,
37584,
12678,
0,
14759,
33455,
35536,
37584,
12678,
0,
0,
0,
0,
0,
0,
0,
0,
0,
14759,
12710,
60796,
62909,
23243,
60796,
62909,
65535,
60828,
37584,
64525,
64557,
23243,
56506,
35536,
14759,
0,
12710,
37584,
23211,
37584,
14759,
0,
0,
0,
0,
0,
0,
0,
0,
0,
0,
0,
0,
12678,
12710,
21130,
54553,
52151,
12678,
56602,
37584,
63422,
21130,
56538,
50263,
52344,
14759,
12678,
33455,
35536,
33423,
21162,
12710,
0,
0,
0,
0,
0,
0,
0,
0,
0,
0,
0,
0,
0,
0,
12710,
58748,
65535,
65535,
60796,
37584,
35504,
23243,
58587,
56506,
56538,
23243,
35504,
23243,
37584,
12710,
14759,
0,
0,
0,
0,
0,
0,
0,
0,
0,
0,
0,
0,
0,
12710,
14759,
60828,
60796,
52151,
65535,
35536,
52151,
50070,
23243,
58587,
56506,
35536,
52151,
23211,
56538,
14759,
0,
0,
0,
0,
0,
0,
0,
0,
0,
0,
0,
0,
0,
0,
12678,
54553,
60828,
56602,
54553,
62908,
56602,
56602,
52151,
21130,
47957,
56538,
21130,
21162,
37584,
50263,
33455,
12710,
0,
0,
0,
0,
0,
0,
0,
0,
0,
0,
0,
0,
0,
14759,
60828,
58748,
62909,
52119,
12710,
14759,
60828,
52118,
23243,
23211,
56506,
23243,
25727,
23243,
58587,
54457,
56538,
14759,
0,
0,
0,
0,
0,
0,
0,
0,
0,
0,
0,
0,
0,
14759,
12710,
12710,
14759,
12710,
0,
0,
21162,
21162,
23243,
54425,
54425,
23243,
23647,
23211,
23243,
54425,
12710,
14759,
0,
0,
0,
0,
0,
0,
0,
0,
0,
0,
0,
0,
0,
0,
0,
0,
0,
0,
0,
14759,
21130,
21130,
23243,
45908,
52312,
23243,
23581,
23614,
14759,
12678,
12678,
0,
0,
0,
0,
0,
0,
0,
0,
0,
0,
0,
0,
0,
0,
0,
0,
0,
0,
0,
12710,
62909,
60828,
60796,
52151,
23211,
23243,
25759,
15192,
25727,
14759,
0,
0,
0,
0,
0,
0,
0,
0,
0,
0,
0,
0,
0,
0,
0,
0,
0,
0,
0,
0,
12710,
58715,
62909,
58747,
50070,
52151,
50038,
21162,
25759,
58715,
12710,
0,
0,
0,
0,
0,
0,
0,
0,
0,
0,
0,
0,
0,
0,
0,
0,
0,
0,
0,
0,
0,
12678,
54553,
62908,
56602,
56602,
37584,
21130,
12678,
14759,
54553,
12678,
0,
0,
0,
0,
0,
0,
0,
0,
0,
0,
0,
0,
0,
0,
0,
0,
0,
0,
0,
0,
0,
12710,
60828,
62909,
60828,
60828,
62909,
60828,
12710,
0,
12710,
14759,
0,
0,
0,
0,
0,
0,
0,
0,
0,
0,
0,
0,
0,
0,
0,
0,
0,
0,
0,
0,
0,
0,
12710,
62909,
58747,
58747,
52151,
12710,
0,
0,
0,
0,
0,
0,
0,
0,
0,
0,
0,
0,
0,
0,
0,
0,
0,
0,
0,
0,
0,
0,
0,
0,
0,
0,
0,
14759,
12678,
12678,
14759,
0,
0,
0,
0,
0,
0,
0,
0,
0,
0,
0,
0,
0,
0,
0,
0,
0,
0,
0,
0,
0,
0,
0,
0,
0,
0,
0,
0,
0,
0,
0,
0,
0,
0,
0,
0,
0,
0,
0,
0,
0,
0,
0,
0,
0,
0,
0,
0,
0,
0,
0,
0,
0,
0,
0,
0,
0,
0,
0,
0,
0,
0,
0,
0,
0,
0,
0,
0,
0,
0,
0,
0,
0,
0,
0,
0,
0,
0,
0,
0,
0,
0,
0,
0,
0,
0,
0,
0,
0,
0,
0,
0,
0,
0,
0,
0,
0,
0,
0,
0,
0,
0,
0,
0,
0,
0,
0,
0,
0,
0,
0,
0,
0,
0,
0,
0,
0,
0,
0,
0,
0,
0,
0,
0,
0,
0,
0,
0,
0,
0,
0,
0,
0,
0,
0,
0,
0,
0,
0,
0,
0,
0,
0,
0,
0,
