2020
0,
0,
0,
0,
0,
0,
0,
0,
0,
0,
0,
0,
0,
0,
0,
0,
0,
0,
0,
0,
0,
0,
0,
0,
0,
0,
0,
0,
0,
0,
0,
0,
0,
0,
0,
0,
0,
0,
0,
0,
0,
0,
0,
0,
0,
0,
0,
0,
0,
0,
0,
0,
0,
0,
0,
0,
0,
0,
0,
0,
0,
0,
0,
0,
0,
0,
0,
0,
0,
0,
0,
0,
0,
0,
0,
0,
0,
0,
0,
0,
0,
0,
0,
0,
0,
0,
0,
0,
0,
0,
0,
0,
0,
0,
0,
0,
0,
0,
0,
0,
0,
0,
0,
0,
0,
0,
0,
0,
0,
0,
0,
0,
0,
0,
0,
0,
0,
0,
0,
0,
0,
0,
0,
0,
0,
0,
0,
0,
0,
0,
0,
0,
0,
0,
0,
0,
0,
0,
0,
0,
0,
0,
0,
0,
0,
0,
0,
0,
0,
0,
0,
0,
0,
0,
0,
0,
0,
0,
0,
0,
0,
0,
0,
0,
0,
0,
0,
0,
0,
0,
0,
0,
0,
0,
0,
0,
19049,
0,
0,
0,
0,
0,
0,
0,
0,
0,
0,
0,
0,
0,
0,
0,
0,
0,
0,
0,
0,
0,
0,
0,
0,
0,
0,
0,
0,
0,
0,
19049,
36479,
19017,
19017,
16969,
0,
0,
0,
0,
0,
0,
0,
0,
0,
0,
0,
0,
0,
0,
0,
0,
0,
0,
0,
0,
0,
0,
0,
0,
0,
0,
0,
19017,
19707,
36511,
38623,
19707,
19017,
0,
0,
0,
0,
0,
0,
0,
0,
0,
0,
0,
0,
0,
0,
0,
0,
0,
0,
0,
0,
0,
0,
0,
0,
0,
0,
19017,
27468,
27500,
38655,
38623,
21918,
19049,
0,
19017,
19049,
0,
0,
0,
0,
0,
0,
0,
0,
0,
0,
0,
0,
0,
0,
0,
0,
0,
0,
0,
0,
16904,
19017,
52683,
63250,
65427,
27500,
36446,
38591,
18985,
16904,
21918,
19838,
16937,
0,
0,
0,
0,
0,
0,
0,
0,
0,
0,
0,
0,
0,
0,
0,
0,
0,
16904,
19017,
61169,
48458,
65459,
61169,
50570,
65459,
61169,
36511,
36511,
19707,
19838,
19805,
16936,
0,
0,
0,
0,
0,
0,
0,
0,
0,
0,
0,
0,
0,
0,
0,
0,
19017,
65459,
65491,
65459,
52683,
65491,
65459,
52683,
19017,
19017,
38655,
38655,
19838,
21918,
19049,
0,
0,
0,
0,
0,
0,
0,
0,
0,
0,
0,
0,
0,
0,
0,
0,
19049,
63282,
65362,
27468,
25355,
25387,
27500,
63250,
50603,
65459,
61202,
38623,
65427,
25387,
65459,
19017,
0,
0,
0,
0,
0,
0,
0,
0,
0,
0,
0,
0,
0,
0,
0,
0,
19017,
61169,
63250,
27500,
61169,
63282,
65427,
25355,
65362,
50603,
25355,
36511,
25387,
23274,
27467,
19017,
0,
0,
0,
0,
0,
0,
0,
0,
0,
0,
0,
0,
0,
0,
0,
19017,
27468,
27468,
27500,
65459,
27500,
65491,
65459,
27500,
65491,
65459,
27500,
40703,
65459,
27500,
65459,
19049,
0,
0,
0,
0,
0,
0,
0,
0,
0,
0,
0,
0,
0,
0,
0,
18984,
65491,
63282,
65362,
27500,
61170,
25387,
27500,
63250,
65427,
52683,
61202,
65427,
50603,
25355,
52683,
19838,
16937,
0,
0,
0,
0,
0,
0,
0,
0,
0,
0,
0,
0,
0,
16936,
63250,
27500,
61170,
63282,
27500,
61169,
48490,
65459,
61169,
65394,
50603,
16904,
19017,
38591,
34366,
19838,
19805,
16936,
0,
0,
0,
0,
0,
0,
0,
0,
0,
0,
0,
19017,
19017,
19017,
65491,
52683,
27468,
27500,
65491,
65459,
52715,
65491,
65459,
65491,
52715,
65459,
65492,
38655,
38655,
21918,
21918,
21918,
19049,
0,
0,
0,
0,
0,
0,
0,
0,
0,
0,
16904,
52683,
25355,
63314,
52683,
63282,
65394,
65491,
63250,
65394,
52683,
61170,
27468,
38655,
36446,
38623,
38623,
19739,
21918,
19838,
19739,
19049,
0,
0,
0,
0,
0,
0,
0,
0,
0,
0,
0,
19017,
46410,
25355,
65491,
46410,
63282,
65491,
61169,
63282,
50603,
25355,
38559,
38623,
34366,
19805,
27435,
25355,
27468,
19805,
19707,
19017,
0,
0,
0,
0,
0,
0,
0,
0,
0,
0,
0,
0,
19017,
19017,
65491,
65491,
52715,
65491,
65459,
52683,
52683,
27500,
38655,
27468,
27468,
27500,
21918,
27500,
21918,
27468,
19049,
0,
0,
0,
0,
0,
0,
0,
0,
0,
0,
0,
0,
0,
0,
0,
19049,
61170,
63314,
52683,
46378,
48490,
42153,
37960,
27467,
50603,
25355,
27468,
19805,
25355,
19838,
19805,
16936,
0,
0,
0,
0,
0,
0,
0,
0,
0,
0,
0,
0,
0,
0,
0,
0,
16936,
63282,
65459,
37960,
40040,
52651,
46378,
42121,
27468,
19707,
25420,
19805,
19707,
27468,
19805,
16936,
0,
0,
0,
0,
0,
0,
0,
0,
0,
0,
0,
0,
0,
0,
0,
0,
0,
19017,
19017,
52683,
52683,
44233,
44233,
52683,
27500,
21918,
21918,
27500,
21918,
19017,
19049,
0,
0,
0,
0,
0,
0,
0,
0,
0,
0,
0,
0,
0,
0,
0,
0,
0,
0,
0,
0,
16904,
16904,
19017,
16904,
27468,
21886,
19707,
18985,
27468,
19707,
19017,
0,
0,
0,
0,
0,
0,
0,
0,
0,
0,
0,
0,
0,
0,
0,
0,
0,
0,
0,
0,
0,
0,
0,
0,
16904,
19805,
19017,
16937,
0,
18985,
16937,
0,
0,
0,
0,
0,
0,
0,
0,
0,
0,
0,
0,
0,
0,
0,
0,
0,
0,
0,
0,
0,
0,
0,
0,
0,
19017,
19049,
0,
0,
0,
0,
0,
0,
0,
0,
0,
0,
0,
0,
0,
0,
0,
0,
0,
0,
0,
0,
0,
0,
0,
0,
0,
0,
0,
0,
0,
0,
0,
0,
0,
0,
0,
0,
0,
0,
0,
0,
0,
0,
0,
0,
0,
0,
0,
0,
0,
0,
0,
0,
0,
0,
0,
0,
0,
0,
0,
0,
0,
0,
0,
0,
0,
0,
0,
0,
0,
0,
0,
0,
0,
0,
0,
0,
0,
0,
0,
0,
0,
0,
0,
0,
0,
0,
0,
0,
0,
0,
0,
0,
0,
0,
0,
0,
0,
0,
0,
0,
0,
0,
0,
0,
0,
0,
0,
0,
0,
0,
0,
0,
0,
0,
0,
0,
0,
0,
0,
0,
0,
0,
0,
0,
0,
0,
0,
0,
0,
0,
0,
0,
0,
0,
0,
0,
0,
0,
0,
0,
0,
0,
0,
0,
0,
0,
0,
0,
0,
0,
0,
0,
0,
0,
0,
0,
0,
0,
0,
0,
0,
0,
0,
0,
0,
0,
0,
0,
0,
0,
0,
0,
0,
0,
