2020
0,
0,
0,
0,
0,
0,
0,
0,
0,
0,
0,
0,
0,
0,
0,
0,
0,
0,
0,
0,
0,
0,
0,
0,
0,
0,
0,
0,
0,
0,
0,
0,
0,
0,
0,
0,
0,
0,
0,
0,
0,
0,
0,
0,
0,
0,
0,
0,
0,
0,
0,
0,
0,
0,
0,
0,
0,
0,
0,
0,
0,
0,
0,
0,
0,
0,
0,
0,
0,
0,
0,
0,
0,
0,
0,
0,
12710,
12710,
14791,
12743,
0,
0,
0,
0,
0,
0,
0,
0,
0,
0,
0,
0,
0,
0,
0,
0,
0,
0,
0,
0,
0,
0,
0,
0,
0,
0,
0,
0,
14791,
62743,
62418,
60305,
14823,
0,
0,
0,
0,
0,
0,
0,
0,
0,
0,
0,
0,
0,
0,
0,
0,
0,
0,
0,
0,
0,
0,
0,
0,
0,
0,
0,
14791,
29582,
62418,
62418,
62418,
14791,
0,
0,
0,
0,
0,
0,
0,
0,
0,
0,
0,
0,
0,
0,
0,
0,
0,
0,
0,
0,
0,
0,
0,
0,
0,
14791,
58225,
27437,
64856,
27436,
56176,
14824,
0,
0,
0,
0,
0,
0,
0,
0,
0,
0,
0,
0,
0,
0,
0,
0,
0,
0,
0,
0,
0,
0,
14791,
14791,
14791,
29582,
62418,
62418,
29582,
27501,
14791,
14791,
14823,
0,
0,
0,
0,
0,
0,
0,
0,
0,
0,
0,
0,
0,
0,
0,
0,
0,
0,
0,
14791,
14791,
23275,
25323,
62386,
29582,
29582,
62418,
62418,
62418,
14823,
65535,
65535,
14824,
0,
0,
0,
0,
0,
0,
0,
0,
0,
0,
0,
0,
0,
0,
0,
0,
12678,
14791,
21162,
21162,
65535,
31727,
21162,
62418,
25388,
25388,
29582,
21162,
35435,
49902,
12743,
0,
0,
0,
0,
0,
0,
0,
0,
0,
0,
0,
0,
0,
0,
0,
0,
0,
14791,
64856,
62418,
62386,
62418,
47854,
29549,
62418,
62418,
27501,
29582,
23243,
49902,
53021,
65535,
14824,
0,
14759,
14824,
0,
0,
0,
0,
0,
0,
0,
0,
0,
0,
0,
0,
0,
0,
14791,
49902,
60305,
62418,
62386,
45773,
25356,
62386,
60338,
25324,
35468,
23243,
23275,
23243,
37548,
14823,
48795,
14759,
14824,
0,
0,
0,
0,
0,
0,
0,
0,
0,
0,
0,
0,
0,
14791,
58257,
56176,
62418,
45740,
21162,
29582,
58225,
56177,
23275,
21162,
27469,
52988,
27469,
48762,
37549,
45740,
48762,
14824,
0,
0,
0,
0,
0,
0,
0,
0,
0,
0,
0,
0,
14791,
62418,
62418,
62386,
49934,
62418,
65535,
35953,
23275,
49934,
65535,
23275,
52988,
53021,
50908,
52988,
53021,
37516,
14824,
0,
0,
0,
0,
0,
0,
0,
0,
0,
0,
0,
0,
0,
14759,
62418,
62418,
60305,
62418,
23243,
23243,
25356,
29582,
65535,
25356,
50875,
50907,
53021,
50875,
50940,
53021,
35468,
50908,
14824,
0,
0,
0,
0,
0,
0,
0,
0,
0,
0,
0,
0,
12710,
62418,
58257,
56176,
62418,
21162,
25388,
29582,
25388,
21162,
37549,
46682,
48730,
53020,
46682,
48762,
53020,
46649,
14791,
0,
0,
0,
0,
0,
0,
0,
0,
0,
0,
0,
0,
0,
0,
14791,
62418,
62418,
25356,
29582,
29582,
29582,
62418,
23275,
37549,
37549,
53020,
53021,
52988,
53020,
53021,
50940,
14824,
0,
0,
0,
0,
0,
0,
0,
0,
0,
0,
0,
0,
0,
0,
0,
14791,
23243,
29582,
27501,
27501,
62418,
62386,
37516,
37549,
35468,
37548,
53021,
27501,
50908,
29614,
50875,
50940,
14824,
0,
0,
0,
0,
0,
0,
0,
0,
0,
0,
0,
0,
0,
0,
12710,
12678,
14791,
45741,
56176,
62418,
58257,
35435,
49902,
21162,
45740,
29582,
27469,
48762,
29582,
33387,
35435,
37548,
12678,
14823,
0,
0,
0,
0,
0,
0,
0,
0,
0,
0,
0,
0,
0,
0,
0,
14791,
62418,
62418,
37548,
49902,
62418,
23275,
29582,
29582,
49902,
29582,
39597,
49902,
49902,
39597,
50940,
14791,
14824,
0,
0,
0,
0,
0,
0,
0,
0,
0,
0,
0,
0,
0,
14823,
33840,
21162,
14791,
14791,
60305,
62418,
58257,
23211,
49902,
45741,
27501,
23275,
21162,
47821,
49902,
45741,
50908,
14824,
0,
0,
0,
0,
0,
0,
0,
0,
0,
0,
0,
0,
0,
14791,
12710,
12743,
0,
0,
12710,
62418,
58225,
21162,
49902,
25388,
23243,
65535,
63454,
23211,
49902,
43692,
14823,
0,
0,
0,
0,
0,
0,
0,
0,
0,
0,
0,
0,
0,
0,
0,
0,
0,
0,
14791,
29582,
25356,
29582,
29582,
23275,
23275,
25323,
62418,
23275,
49902,
49902,
37549,
52988,
14824,
0,
0,
0,
0,
0,
0,
0,
0,
0,
0,
0,
0,
0,
0,
0,
0,
0,
12710,
12710,
14791,
27469,
27469,
29582,
58257,
60338,
62418,
45741,
23243,
37548,
12710,
14759,
14824,
0,
0,
0,
0,
0,
0,
0,
0,
0,
0,
0,
0,
0,
0,
0,
0,
0,
0,
0,
0,
12710,
21162,
25323,
58225,
58257,
49934,
65503,
65503,
14824,
0,
0,
0,
0,
0,
0,
0,
0,
0,
0,
0,
0,
0,
0,
0,
0,
0,
0,
0,
0,
0,
0,
14791,
29582,
23275,
29582,
25356,
62418,
62418,
23275,
14791,
0,
0,
0,
0,
0,
0,
0,
0,
0,
0,
0,
0,
0,
0,
0,
0,
0,
0,
0,
0,
0,
0,
0,
14791,
12710,
27469,
29582,
45741,
23275,
65535,
65503,
14823,
0,
0,
0,
0,
0,
0,
0,
0,
0,
0,
0,
0,
0,
0,
0,
0,
0,
0,
0,
0,
0,
0,
0,
0,
12710,
45741,
29582,
25388,
27469,
14791,
12743,
0,
0,
0,
0,
0,
0,
0,
0,
0,
0,
0,
0,
0,
0,
0,
0,
0,
0,
0,
0,
0,
0,
14791,
14791,
14791,
49902,
49902,
49902,
49902,
14824,
0,
0,
0,
0,
0,
0,
0,
0,
0,
0,
0,
0,
0,
0,
0,
0,
0,
0,
0,
0,
0,
0,
0,
0,
14759,
27469,
29582,
27469,
45741,
14791,
14791,
0,
0,
0,
0,
0,
0,
0,
0,
0,
0,
0,
0,
0,
0,
0,
0,
0,
0,
0,
0,
0,
0,
0,
0,
0,
0,
12710,
14791,
12710,
12710,
0,
0,
0,
0,
0,
0,
0,
0,
0,
0,
0,
0,
0,
0,
0,
0,
0,
0,
0,
0,
0,
0,
0,
0,
0,
0,
0,
0,
0,
0,
0,
0,
0,
0,
0,
0,
0,
0,
0,
0,
0,
0,
0,
0,
0,
0,
0,
0,
0,
0,
0,
0,
0,
0,
0,
0,
0,
0,
0,
0,
0,
0,
0,
0,
0,
0,
0,
0,
0,
0,
0,
0,
0,
0,
0,
0,
0,
0,
0,
