2020
0,
0,
0,
0,
0,
12710,
12710,
14759,
12743,
0,
0,
0,
0,
0,
0,
0,
14759,
12743,
0,
0,
0,
0,
0,
0,
0,
0,
0,
0,
0,
0,
0,
0,
0,
0,
0,
0,
0,
12710,
65425,
65522,
65490,
12678,
14791,
0,
0,
0,
0,
14758,
39850,
37737,
12743,
0,
0,
0,
0,
0,
0,
0,
0,
0,
0,
0,
0,
0,
0,
0,
0,
0,
0,
0,
12678,
65522,
65393,
63280,
65383,
12678,
12678,
14759,
12678,
35657,
23243,
21130,
12678,
0,
12678,
12710,
0,
0,
0,
0,
0,
0,
0,
0,
0,
0,
0,
0,
0,
0,
0,
14791,
65490,
65523,
65522,
65490,
23243,
33840,
65535,
65535,
33808,
23243,
65384,
23242,
52646,
14791,
50743,
50775,
14791,
0,
0,
0,
0,
0,
0,
0,
0,
0,
0,
0,
0,
0,
0,
0,
14758,
65522,
65490,
65425,
23275,
65535,
48663,
52856,
50743,
23242,
65384,
21162,
52614,
14759,
12678,
12743,
0,
0,
0,
0,
0,
0,
0,
0,
0,
0,
0,
0,
0,
0,
0,
0,
0,
14759,
21162,
61095,
23243,
31695,
46517,
52824,
31695,
21130,
23243,
21130,
12678,
0,
0,
0,
0,
0,
0,
0,
0,
0,
0,
0,
0,
0,
0,
0,
0,
0,
0,
0,
0,
0,
14791,
37770,
23243,
23243,
23243,
23243,
23243,
54727,
23243,
42086,
12743,
0,
0,
0,
0,
0,
0,
0,
0,
0,
0,
0,
0,
0,
0,
0,
0,
0,
0,
0,
0,
14791,
37770,
21162,
23243,
37769,
35689,
23243,
42054,
52614,
14759,
12711,
0,
0,
0,
0,
0,
0,
0,
0,
0,
0,
0,
0,
0,
0,
0,
0,
12710,
12678,
12710,
12711,
0,
14759,
21162,
61095,
65384,
21130,
21130,
23275,
48454,
12710,
0,
0,
0,
0,
0,
0,
0,
0,
0,
0,
0,
0,
0,
0,
0,
0,
0,
0,
14791,
65383,
65416,
54727,
12710,
14791,
54727,
54726,
44167,
54726,
54727,
23275,
54726,
12710,
14791,
0,
0,
0,
0,
0,
0,
0,
0,
0,
0,
0,
0,
0,
0,
0,
0,
0,
0,
12710,
54759,
65351,
65287,
65416,
65351,
65287,
65384,
42054,
42054,
65416,
65319,
65319,
54727,
12678,
0,
0,
0,
0,
0,
0,
0,
0,
0,
0,
0,
0,
0,
0,
0,
0,
0,
0,
12710,
14758,
61095,
44167,
63207,
61095,
65383,
63175,
61095,
65416,
63175,
50502,
54727,
12678,
0,
0,
0,
0,
14791,
0,
0,
0,
0,
0,
0,
0,
0,
0,
0,
0,
0,
0,
0,
0,
14791,
65416,
65416,
65383,
65416,
65383,
65383,
44167,
44167,
65383,
14791,
0,
0,
0,
0,
14791,
65535,
12743,
0,
0,
0,
0,
0,
0,
0,
0,
0,
0,
0,
0,
0,
14790,
63175,
65416,
65319,
63207,
65416,
65287,
39974,
54759,
52582,
52614,
65384,
12711,
0,
0,
0,
12710,
42087,
12710,
0,
0,
0,
0,
0,
0,
0,
0,
0,
0,
0,
0,
0,
14758,
61095,
65383,
63207,
61095,
65383,
39942,
12678,
54727,
39942,
21130,
54759,
61095,
12710,
0,
12678,
39974,
23275,
63390,
12710,
0,
0,
0,
0,
0,
0,
0,
0,
0,
0,
0,
0,
14791,
65384,
65416,
65416,
65384,
23275,
65535,
65535,
54727,
23243,
37802,
23275,
65384,
23243,
14791,
44135,
44167,
23243,
42087,
14791,
0,
0,
0,
0,
0,
0,
0,
0,
0,
0,
0,
0,
0,
12710,
65416,
65319,
63207,
44135,
42054,
50534,
54727,
21162,
35689,
23275,
50534,
63207,
23243,
39974,
42054,
44135,
39942,
12711,
0,
0,
0,
0,
0,
0,
0,
0,
0,
0,
0,
0,
0,
12678,
65384,
65287,
39942,
54727,
50534,
48454,
54727,
21130,
21130,
23243,
21162,
63175,
23243,
39942,
39974,
42087,
12678,
0,
0,
0,
0,
0,
0,
0,
0,
0,
0,
0,
0,
0,
14791,
65384,
65416,
65416,
54727,
54759,
54727,
54727,
23243,
35921,
65535,
65535,
33840,
23243,
23243,
23243,
23243,
44135,
14791,
0,
0,
0,
0,
0,
0,
0,
0,
0,
0,
0,
0,
0,
14790,
63175,
65384,
12710,
21162,
54727,
52582,
50534,
23243,
65535,
48630,
52856,
48630,
21162,
65384,
21162,
52614,
23243,
12678,
12711,
0,
0,
0,
0,
0,
0,
0,
0,
0,
0,
0,
14791,
65287,
61095,
14791,
0,
12678,
23243,
50534,
37894,
23243,
31727,
48598,
52856,
31695,
21130,
65384,
21130,
50534,
23275,
46517,
48630,
12743,
0,
0,
0,
0,
0,
0,
0,
0,
0,
0,
14791,
65384,
14791,
0,
0,
14791,
50316,
23243,
23243,
39850,
23243,
23243,
23243,
23243,
23243,
23243,
23243,
23243,
23243,
14759,
14791,
0,
0,
0,
0,
0,
0,
0,
0,
0,
0,
0,
12710,
12711,
0,
0,
0,
12678,
50284,
46123,
46091,
39850,
35657,
21162,
65416,
63175,
21130,
50284,
46091,
46123,
14791,
0,
0,
0,
12678,
12743,
0,
0,
0,
0,
0,
0,
0,
0,
0,
0,
0,
0,
0,
12678,
50284,
46123,
46091,
37802,
21162,
63175,
65416,
61095,
21130,
50284,
44043,
12711,
0,
0,
12678,
14791,
63422,
12743,
0,
0,
0,
0,
0,
0,
0,
0,
0,
0,
0,
0,
0,
0,
14791,
50284,
37802,
23275,
65416,
65522,
65384,
23243,
50284,
50316,
23243,
37802,
14759,
14791,
44167,
54759,
52824,
14791,
0,
0,
0,
0,
0,
0,
0,
0,
0,
0,
0,
0,
0,
0,
14791,
21162,
35657,
23275,
65393,
65393,
65523,
21130,
46091,
50284,
21130,
35689,
23275,
48454,
50534,
54726,
12678,
0,
0,
0,
0,
0,
0,
0,
0,
0,
0,
0,
0,
0,
0,
0,
0,
12678,
21162,
65523,
65425,
65393,
65523,
21130,
21162,
23243,
35657,
37737,
23275,
50502,
52614,
42086,
39942,
12743,
0,
0,
0,
0,
0,
0,
0,
0,
0,
0,
0,
0,
0,
0,
0,
0,
14791,
65523,
65522,
65522,
65523,
23243,
54727,
54727,
14759,
14791,
54759,
54727,
54759,
54759,
54759,
65535,
14791,
0,
0,
0,
0,
0,
0,
0,
0,
0,
0,
0,
0,
0,
0,
0,
12678,
65523,
65393,
65393,
65523,
12678,
12678,
14791,
0,
0,
14759,
12678,
50534,
54726,
12678,
12743,
0,
0,
0,
0,
0,
0,
0,
0,
0,
0,
0,
0,
0,
0,
0,
0,
12710,
65522,
14758,
65393,
14791,
0,
0,
0,
0,
0,
0,
0,
12678,
12743,
0,
0,
0,
0,
0,
0,
0,
0,
0,
0,
0,
0,
0,
0,
0,
0,
0,
0,
0,
14759,
0,
14791,
0,
0,
0,
0,
0,
0,
0,
0,
0,
0,
0,
0,
0,
0,
0,
0,
0,
0,
0,
0,
0,
0,
0,
0,
0,
0,
0,
0,
0,
0,
0,
0,
0,
0,
0,
0,
0,
0,
0,
0,
0,
0,
0,
0,
0,
0,
0,
0,
