2020
0,
0,
0,
0,
0,
0,
0,
0,
0,
0,
0,
0,
0,
0,
0,
0,
0,
0,
0,
0,
0,
0,
0,
0,
0,
0,
0,
0,
0,
0,
0,
0,
0,
0,
0,
0,
0,
0,
0,
0,
0,
0,
0,
0,
0,
0,
0,
0,
0,
0,
0,
0,
0,
0,
0,
0,
0,
0,
0,
0,
0,
0,
0,
0,
0,
0,
0,
0,
0,
0,
0,
0,
0,
0,
0,
0,
0,
0,
0,
0,
14759,
12678,
12711,
0,
0,
0,
0,
0,
0,
0,
0,
0,
0,
0,
0,
0,
0,
0,
0,
0,
0,
0,
0,
0,
0,
0,
0,
0,
0,
0,
0,
14791,
57049,
52823,
52856,
14823,
0,
0,
0,
0,
0,
0,
0,
0,
0,
0,
0,
0,
0,
0,
0,
0,
0,
0,
0,
0,
0,
0,
0,
0,
0,
0,
0,
0,
14791,
23243,
54969,
54969,
14791,
0,
0,
0,
0,
0,
0,
0,
0,
0,
0,
0,
0,
0,
0,
0,
0,
0,
0,
0,
0,
0,
0,
0,
0,
0,
12678,
12711,
0,
12678,
21162,
54937,
29614,
14791,
0,
0,
0,
0,
0,
0,
0,
0,
0,
0,
0,
0,
0,
0,
0,
0,
0,
0,
0,
0,
14759,
12710,
14823,
0,
14791,
65202,
14791,
63090,
23275,
55001,
52856,
14823,
0,
0,
0,
0,
0,
0,
0,
0,
0,
0,
0,
0,
0,
0,
0,
0,
0,
0,
0,
14791,
57049,
54937,
54937,
14791,
50284,
65202,
65235,
65138,
50284,
23275,
52856,
14823,
0,
0,
0,
0,
0,
0,
0,
0,
0,
0,
0,
0,
0,
0,
0,
0,
0,
0,
12710,
65503,
65535,
31695,
31727,
54969,
46091,
21162,
64787,
58897,
60977,
65170,
21130,
14791,
0,
0,
0,
0,
0,
0,
0,
0,
0,
0,
0,
0,
0,
0,
0,
0,
0,
14823,
65535,
65535,
28094,
23243,
65535,
52364,
64754,
64786,
64819,
65138,
65202,
50316,
23210,
37737,
14759,
14791,
0,
0,
0,
0,
0,
0,
0,
0,
0,
0,
0,
0,
0,
0,
0,
14823,
65535,
65535,
28094,
34431,
28028,
52364,
64722,
64754,
23275,
64722,
65170,
65235,
63058,
23243,
39817,
50775,
14823,
0,
0,
0,
0,
0,
0,
0,
0,
0,
0,
0,
0,
0,
0,
14791,
35592,
65503,
65535,
25883,
32286,
50316,
60945,
62641,
64787,
60561,
60977,
23243,
21130,
21162,
23243,
48630,
14791,
0,
0,
0,
0,
0,
0,
0,
0,
0,
0,
0,
0,
0,
12710,
50316,
50284,
37737,
65535,
65535,
28061,
36575,
50284,
65202,
65235,
63090,
23275,
65535,
65535,
65535,
54969,
14791,
0,
0,
0,
0,
0,
0,
0,
0,
0,
0,
0,
0,
0,
0,
12710,
50316,
48204,
37705,
65535,
65535,
28029,
36575,
34399,
50284,
65235,
63058,
65170,
23243,
23211,
65535,
65535,
65535,
14823,
0,
0,
0,
0,
0,
0,
0,
0,
0,
0,
0,
0,
12678,
46091,
50316,
46091,
35624,
65535,
63422,
25882,
23243,
21130,
32319,
50316,
58897,
60977,
65202,
58865,
23243,
65535,
63422,
52823,
14791,
0,
0,
0,
0,
0,
0,
0,
0,
0,
0,
0,
14791,
50284,
50316,
50284,
39817,
65535,
65535,
28093,
55001,
23243,
23243,
50348,
65202,
65203,
65235,
23243,
57050,
65535,
65535,
54969,
14823,
0,
0,
0,
0,
0,
0,
0,
0,
0,
0,
0,
14758,
48203,
50316,
48204,
37705,
65535,
65535,
27996,
14823,
65535,
23211,
36575,
48203,
65170,
23275,
65535,
65535,
65535,
50775,
14823,
0,
0,
0,
0,
0,
0,
0,
0,
0,
0,
0,
0,
12710,
46091,
50316,
46091,
35624,
65535,
63454,
25883,
65535,
48662,
21162,
65535,
46091,
35592,
23243,
50711,
65535,
23243,
21162,
65535,
14791,
0,
0,
0,
0,
0,
0,
0,
0,
0,
0,
0,
14791,
50284,
50316,
50284,
50284,
39785,
65535,
65535,
23243,
23275,
65535,
65535,
65535,
29321,
39785,
23243,
23275,
39785,
37705,
39817,
65535,
14823,
0,
0,
0,
0,
0,
0,
0,
0,
0,
0,
14758,
46123,
50316,
48203,
46155,
39817,
65535,
65535,
65535,
65535,
65535,
65535,
27208,
37705,
39785,
35592,
37705,
39785,
35592,
37737,
54937,
12711,
0,
0,
0,
0,
0,
0,
0,
0,
0,
0,
0,
12678,
50316,
46091,
46091,
50316,
35592,
35592,
65535,
63422,
35592,
39785,
46091,
35592,
37705,
35592,
37672,
37705,
35592,
37705,
65535,
12711,
0,
0,
0,
0,
0,
0,
0,
0,
0,
0,
0,
14791,
50316,
50284,
50284,
50316,
50284,
50284,
39785,
39785,
50316,
50316,
50284,
39785,
39785,
29321,
29353,
39785,
37705,
37737,
14823,
0,
0,
0,
0,
0,
0,
0,
0,
0,
0,
0,
0,
0,
14791,
48203,
46155,
50316,
46123,
46155,
50316,
46123,
48203,
50316,
35592,
37705,
39785,
35592,
37705,
29321,
12678,
14791,
0,
0,
0,
0,
0,
0,
0,
0,
0,
0,
0,
0,
0,
0,
0,
12710,
46091,
50316,
46091,
46091,
50316,
46091,
46123,
50316,
35592,
35592,
37705,
35592,
29288,
14823,
0,
0,
0,
0,
0,
0,
0,
0,
0,
0,
0,
0,
0,
0,
0,
0,
0,
0,
14791,
50316,
50316,
50316,
50316,
50316,
50316,
39785,
39785,
29321,
29321,
29321,
39817,
54969,
14823,
0,
0,
0,
0,
0,
0,
0,
0,
0,
0,
0,
0,
0,
0,
0,
0,
0,
0,
14759,
12710,
46155,
50316,
46123,
37705,
39785,
35592,
37705,
39785,
35592,
37705,
33840,
12711,
0,
0,
0,
0,
0,
0,
0,
0,
0,
0,
0,
0,
0,
0,
0,
0,
0,
0,
0,
0,
12678,
23243,
21162,
35624,
39785,
35592,
35624,
37705,
35592,
37705,
54969,
12711,
0,
0,
0,
0,
0,
0,
0,
0,
0,
0,
0,
0,
0,
0,
0,
0,
0,
0,
0,
0,
0,
14791,
37737,
14759,
14759,
14791,
39785,
39785,
37737,
14759,
14823,
0,
0,
0,
0,
0,
0,
0,
0,
0,
0,
0,
0,
0,
0,
0,
0,
0,
0,
0,
0,
0,
0,
14759,
12743,
0,
0,
0,
12710,
14759,
12711,
0,
0,
0,
0,
0,
0,
0,
0,
0,
0,
0,
0,
0,
0,
0,
0,
0,
0,
0,
0,
0,
0,
0,
0,
0,
0,
0,
0,
0,
0,
0,
0,
0,
0,
0,
0,
0,
0,
0,
0,
0,
0,
0,
0,
0,
0,
0,
0,
0,
0,
0,
0,
0,
0,
0,
0,
0,
0,
0,
0,
0,
0,
0,
0,
0,
0,
0,
0,
0,
0,
0,
0,
0,
0,
0,
0,
0,
0,
0,
0,
0,
0,
0,
0,
0,
0,
0,
0,
0,
0,
0,
0,
0,
0,
0,
0,
0,
0,
0,
0,
0,
0,
0,
0,
0,
0,
0,
