2020
0,
0,
0,
0,
0,
0,
0,
0,
0,
0,
0,
0,
0,
0,
0,
0,
0,
0,
0,
0,
0,
0,
0,
0,
0,
0,
0,
0,
0,
0,
0,
0,
0,
0,
0,
0,
0,
0,
0,
0,
0,
0,
0,
0,
0,
0,
0,
0,
0,
0,
0,
0,
0,
0,
0,
0,
0,
0,
0,
0,
0,
0,
0,
0,
0,
0,
0,
0,
0,
0,
0,
0,
0,
0,
0,
0,
0,
0,
0,
0,
0,
0,
0,
0,
0,
0,
0,
0,
0,
0,
0,
0,
0,
0,
0,
0,
0,
0,
0,
0,
0,
0,
0,
0,
0,
0,
0,
0,
0,
0,
0,
0,
0,
0,
0,
0,
0,
0,
0,
0,
0,
0,
0,
0,
0,
0,
0,
0,
0,
0,
0,
0,
0,
0,
0,
0,
0,
0,
0,
0,
12678,
10597,
0,
0,
0,
0,
0,
0,
0,
0,
0,
0,
0,
0,
0,
0,
0,
0,
0,
0,
0,
0,
0,
0,
0,
0,
0,
0,
0,
0,
10597,
12646,
54846,
43960,
12646,
0,
0,
0,
0,
0,
0,
0,
0,
0,
0,
0,
0,
0,
0,
0,
0,
0,
0,
0,
0,
0,
0,
0,
0,
12678,
12678,
12678,
33752,
54846,
57023,
54846,
48187,
12678,
0,
0,
0,
12678,
12678,
0,
0,
0,
0,
0,
0,
0,
0,
0,
0,
0,
0,
0,
0,
0,
0,
10597,
12678,
50684,
50587,
21130,
48539,
50620,
54846,
48507,
43993,
12678,
10597,
0,
12678,
40089,
42235,
12678,
0,
0,
0,
0,
0,
0,
0,
0,
0,
0,
0,
0,
0,
0,
12646,
19049,
44348,
19049,
19049,
54846,
50619,
52700,
54846,
43960,
35638,
28230,
26053,
12678,
44316,
40121,
12678,
0,
0,
0,
0,
0,
0,
0,
0,
0,
0,
0,
0,
0,
0,
0,
12678,
44348,
44348,
44348,
21130,
21130,
54846,
65535,
13479,
12678,
48187,
48187,
36777,
36777,
21130,
33752,
28262,
12678,
0,
0,
0,
0,
0,
0,
0,
0,
0,
0,
0,
0,
0,
0,
10597,
40121,
44348,
19017,
50684,
54814,
29557,
59228,
65535,
57115,
43993,
46107,
26021,
19049,
46107,
33524,
35638,
19049,
10597,
0,
0,
0,
0,
0,
0,
0,
0,
0,
0,
0,
0,
0,
0,
10597,
21130,
31638,
19049,
21130,
50619,
52700,
54846,
15625,
17737,
48155,
43960,
46106,
48155,
43960,
21130,
54910,
48539,
12678,
12678,
0,
0,
0,
0,
0,
0,
0,
0,
0,
0,
0,
0,
0,
12678,
54814,
54814,
12678,
12678,
12678,
54846,
54814,
54846,
17834,
17802,
48155,
48187,
21130,
54846,
54846,
21130,
33752,
44348,
12678,
0,
0,
0,
0,
0,
0,
0,
0,
0,
0,
0,
10597,
54846,
50684,
48539,
12678,
0,
0,
12678,
10597,
10597,
54813,
48507,
35638,
21130,
48507,
52700,
52733,
32456,
21130,
42235,
10597,
0,
0,
0,
0,
0,
0,
0,
0,
0,
0,
0,
12678,
54846,
50652,
52700,
12678,
0,
0,
0,
0,
0,
12678,
50620,
54813,
54846,
50620,
54813,
28230,
26085,
28230,
12678,
0,
0,
0,
0,
0,
0,
0,
0,
0,
0,
0,
0,
0,
12678,
54814,
54814,
54846,
12678,
0,
0,
0,
0,
12678,
54814,
54846,
54846,
54813,
54846,
33752,
33752,
21130,
12678,
0,
0,
0,
0,
0,
0,
0,
0,
0,
0,
0,
0,
0,
12678,
48507,
48539,
54814,
48507,
10597,
0,
0,
0,
0,
10597,
52700,
54813,
48507,
31671,
52733,
48507,
42267,
19049,
0,
12678,
0,
0,
0,
0,
0,
0,
0,
0,
0,
0,
0,
0,
12646,
42235,
54846,
50652,
52733,
12678,
0,
0,
0,
10597,
54813,
54846,
50620,
54813,
56991,
52797,
54814,
44316,
10597,
44348,
12678,
0,
0,
0,
0,
0,
0,
0,
0,
0,
0,
0,
0,
12678,
12678,
54814,
54846,
12678,
0,
0,
0,
12678,
54846,
54846,
54813,
54846,
54846,
54813,
54846,
44348,
33752,
44348,
12678,
0,
0,
0,
0,
0,
0,
0,
0,
0,
0,
0,
0,
0,
0,
10597,
50587,
54814,
10597,
0,
0,
0,
12646,
52765,
48507,
50652,
52700,
48507,
52733,
42235,
29557,
12678,
0,
0,
0,
0,
0,
0,
0,
0,
0,
0,
0,
0,
0,
0,
0,
0,
12678,
54846,
10597,
0,
0,
0,
0,
12678,
31638,
54813,
54814,
50620,
33752,
21130,
10597,
0,
0,
0,
0,
0,
0,
0,
0,
0,
0,
0,
0,
0,
0,
0,
0,
12678,
21130,
54846,
12678,
0,
0,
0,
0,
0,
12678,
44348,
33752,
31671,
48155,
12678,
0,
0,
0,
0,
0,
0,
0,
0,
0,
0,
0,
0,
0,
0,
0,
0,
12678,
48507,
31638,
54814,
10597,
0,
0,
0,
0,
0,
10597,
42202,
42235,
15625,
17770,
12678,
0,
0,
0,
0,
0,
0,
0,
0,
0,
0,
0,
0,
0,
0,
0,
0,
12678,
50652,
52733,
12678,
0,
0,
0,
10597,
12678,
0,
10597,
54813,
44316,
43993,
12678,
0,
0,
0,
0,
0,
0,
0,
0,
0,
0,
0,
0,
0,
0,
0,
0,
0,
0,
12678,
12678,
0,
0,
0,
12678,
52733,
54814,
12678,
52733,
54814,
54846,
17769,
12678,
0,
0,
0,
0,
0,
0,
0,
0,
0,
0,
0,
0,
0,
0,
0,
0,
0,
0,
0,
0,
0,
0,
0,
12678,
48507,
19049,
33751,
48507,
50652,
17737,
10597,
0,
0,
0,
0,
0,
0,
0,
0,
0,
0,
0,
0,
0,
0,
0,
0,
0,
0,
0,
0,
0,
0,
0,
0,
0,
12678,
54814,
54846,
52733,
12678,
12678,
0,
0,
0,
0,
0,
0,
0,
0,
0,
0,
0,
0,
0,
0,
0,
0,
0,
0,
0,
0,
0,
0,
0,
0,
0,
0,
0,
12678,
12678,
12678,
0,
0,
0,
0,
0,
0,
0,
0,
0,
0,
0,
0,
0,
0,
0,
0,
0,
0,
0,
0,
0,
0,
0,
0,
0,
0,
0,
0,
0,
0,
0,
0,
0,
0,
0,
0,
0,
0,
0,
0,
0,
0,
0,
0,
0,
0,
0,
0,
0,
0,
0,
0,
0,
0,
0,
0,
0,
0,
0,
0,
0,
0,
0,
0,
0,
0,
0,
0,
0,
0,
0,
0,
0,
0,
0,
0,
0,
0,
0,
0,
0,
0,
0,
0,
0,
0,
0,
0,
0,
0,
0,
0,
0,
0,
0,
0,
0,
0,
0,
0,
0,
0,
0,
0,
0,
0,
0,
0,
0,
0,
0,
0,
0,
0,
0,
0,
0,
0,
0,
0,
0,
0,
0,
0,
0,
0,
0,
0,
0,
0,
0,
0,
0,
0,
0,
0,
0,
0,
0,
0,
