2020
0,
0,
0,
0,
0,
0,
0,
0,
0,
0,
0,
0,
0,
0,
0,
0,
0,
0,
0,
0,
0,
0,
0,
0,
0,
0,
0,
0,
0,
0,
0,
0,
0,
0,
0,
0,
0,
0,
0,
0,
0,
0,
0,
0,
0,
0,
0,
0,
0,
0,
0,
0,
0,
0,
0,
0,
0,
0,
0,
0,
0,
0,
0,
0,
0,
0,
0,
0,
0,
0,
0,
0,
0,
0,
0,
0,
0,
0,
0,
0,
0,
0,
0,
0,
0,
0,
0,
0,
0,
0,
0,
0,
0,
0,
0,
0,
0,
0,
0,
0,
0,
0,
0,
0,
0,
0,
0,
0,
0,
0,
0,
0,
0,
0,
0,
0,
0,
0,
0,
0,
0,
0,
0,
0,
0,
0,
0,
0,
0,
0,
0,
0,
0,
0,
0,
0,
0,
0,
0,
0,
0,
0,
0,
0,
0,
0,
0,
0,
0,
0,
0,
0,
0,
0,
0,
0,
0,
0,
0,
0,
0,
0,
0,
0,
0,
0,
0,
0,
0,
0,
0,
0,
0,
0,
0,
0,
0,
0,
0,
0,
0,
0,
0,
0,
0,
0,
0,
0,
0,
0,
0,
0,
0,
0,
0,
0,
0,
0,
0,
0,
0,
0,
0,
0,
0,
0,
0,
0,
0,
12678,
12678,
12711,
0,
0,
0,
0,
0,
0,
0,
0,
0,
0,
0,
0,
0,
0,
0,
0,
0,
0,
0,
0,
0,
0,
0,
0,
0,
12711,
0,
0,
12678,
54193,
54225,
58386,
10597,
12710,
0,
0,
0,
0,
0,
0,
0,
0,
0,
0,
0,
0,
0,
0,
0,
12711,
0,
12678,
12678,
12710,
0,
0,
12678,
41814,
12678,
12678,
60467,
19049,
21130,
60435,
58354,
51918,
12711,
0,
0,
0,
0,
0,
0,
0,
0,
0,
0,
0,
0,
0,
12678,
39733,
12678,
41814,
39733,
39733,
12678,
12678,
21098,
35443,
21098,
58386,
35443,
39732,
52386,
21162,
56274,
60435,
60435,
12678,
0,
0,
0,
0,
0,
0,
0,
0,
0,
0,
0,
0,
12678,
37652,
37651,
65185,
58849,
19017,
41846,
57083,
12645,
45415,
33808,
19049,
41846,
56769,
19049,
58386,
54193,
56306,
49869,
12678,
0,
0,
0,
0,
0,
0,
0,
0,
0,
0,
0,
0,
0,
12678,
39733,
41814,
21130,
41814,
54970,
52857,
50712,
54970,
52857,
52889,
21130,
35410,
60435,
60435,
58354,
60435,
60435,
56306,
12711,
0,
0,
0,
0,
0,
0,
0,
0,
0,
0,
0,
0,
0,
12646,
21162,
39733,
39733,
41846,
50776,
52825,
54970,
50744,
35953,
21130,
56274,
58386,
60435,
56274,
60435,
60435,
47789,
12678,
12711,
0,
0,
0,
0,
0,
0,
0,
0,
0,
0,
0,
10597,
37619,
41814,
31281,
37652,
54970,
48631,
48631,
54938,
44405,
19049,
35411,
54193,
54225,
58386,
54193,
56306,
49870,
45708,
33330,
12710,
0,
0,
0,
0,
0,
0,
0,
0,
0,
0,
0,
12678,
12678,
21162,
41814,
41846,
54970,
54938,
54938,
64010,
64042,
50712,
41814,
35410,
21130,
21162,
58387,
60435,
60467,
58386,
12711,
0,
0,
0,
0,
0,
0,
0,
0,
0,
0,
0,
0,
0,
12678,
41814,
39733,
39733,
41814,
52825,
61309,
12678,
12646,
43335,
41814,
19049,
63073,
21130,
21097,
60435,
60435,
47789,
12711,
0,
0,
0,
0,
0,
0,
0,
0,
0,
0,
0,
0,
0,
0,
12678,
19049,
37652,
41846,
48631,
19017,
64010,
39206,
19049,
41814,
37619,
37652,
52386,
19017,
56306,
58386,
31249,
33330,
12710,
0,
0,
0,
0,
0,
0,
0,
0,
0,
0,
0,
0,
12678,
41814,
41814,
35411,
41814,
41814,
54938,
21130,
21162,
50712,
41814,
41814,
41814,
21162,
58387,
51918,
35443,
41814,
41814,
41814,
12711,
0,
0,
0,
0,
0,
0,
0,
0,
0,
0,
0,
10597,
12678,
19049,
39732,
65185,
37652,
39700,
21162,
46518,
39733,
41814,
19017,
21130,
60435,
54225,
58386,
35411,
31281,
39765,
12678,
12678,
0,
0,
0,
0,
0,
0,
0,
0,
0,
0,
0,
0,
12678,
37652,
58849,
41814,
31249,
37652,
41814,
37620,
37652,
35411,
31249,
56273,
58386,
54193,
56306,
58386,
45708,
12710,
0,
0,
0,
0,
0,
0,
0,
0,
0,
0,
0,
0,
0,
0,
12678,
41846,
65153,
41814,
35411,
21130,
41814,
41814,
35411,
35443,
58387,
60435,
60467,
58387,
60435,
51918,
49869,
12711,
0,
0,
0,
0,
0,
0,
0,
0,
0,
0,
0,
0,
0,
12646,
41846,
60961,
39700,
41814,
37652,
12646,
12678,
37652,
12678,
60435,
54225,
58354,
60435,
47757,
58386,
60435,
12678,
0,
0,
0,
0,
0,
0,
0,
0,
0,
0,
0,
0,
0,
0,
10597,
41814,
37652,
37652,
41814,
12678,
0,
0,
12678,
0,
12710,
54193,
12646,
51918,
54193,
12646,
12711,
0,
0,
0,
0,
0,
0,
0,
0,
0,
0,
0,
0,
0,
0,
0,
12678,
41814,
12678,
12678,
12711,
0,
0,
0,
0,
0,
0,
12711,
0,
12678,
12678,
12711,
0,
0,
0,
0,
0,
0,
0,
0,
0,
0,
0,
0,
0,
0,
0,
0,
0,
12678,
0,
0,
0,
0,
0,
0,
0,
0,
0,
0,
0,
0,
0,
0,
0,
0,
0,
0,
0,
0,
0,
0,
0,
0,
0,
0,
0,
0,
0,
0,
0,
0,
0,
0,
0,
0,
0,
0,
0,
0,
0,
0,
0,
0,
0,
0,
0,
0,
0,
0,
0,
0,
0,
0,
0,
0,
0,
0,
0,
0,
0,
0,
0,
0,
0,
0,
0,
0,
0,
0,
0,
0,
0,
0,
0,
0,
0,
0,
0,
0,
0,
0,
0,
0,
0,
0,
0,
0,
0,
0,
0,
0,
0,
0,
0,
0,
0,
0,
0,
0,
0,
0,
0,
0,
0,
0,
0,
0,
0,
0,
0,
0,
0,
0,
0,
0,
0,
0,
0,
0,
0,
0,
0,
0,
0,
0,
0,
0,
0,
0,
0,
0,
0,
0,
0,
0,
0,
0,
0,
0,
0,
0,
0,
0,
0,
0,
0,
0,
0,
0,
0,
0,
0,
0,
0,
0,
0,
0,
0,
0,
0,
0,
0,
0,
0,
0,
0,
0,
0,
0,
0,
0,
0,
0,
0,
0,
0,
0,
0,
0,
0,
0,
0,
0,
0,
0,
0,
0,
0,
0,
0,
0,
0,
0,
0,
0,
0,
0,
0,
0,
0,
0,
0,
0,
0,
0,
0,
0,
0,
0,
0,
0,
0,
0,
0,
0,
0,
0,
0,
0,
0,
0,
0,
0,
0,
0,
0,
0,
0,
0,
0,
0,
0,
0,
0,
0,
0,
0,
0,
0,
0,
0,
0,
0,
0,
0,
0,
0,
