2020
0,
0,
0,
0,
0,
0,
12678,
12743,
0,
0,
0,
0,
12678,
12678,
0,
0,
0,
0,
0,
0,
0,
0,
0,
0,
0,
0,
0,
0,
0,
0,
0,
0,
0,
0,
0,
0,
0,
0,
12710,
65402,
12743,
0,
0,
0,
12678,
65535,
12678,
0,
12678,
0,
0,
0,
0,
0,
0,
0,
0,
0,
0,
0,
0,
0,
0,
0,
0,
0,
0,
0,
0,
0,
12710,
65402,
65402,
12678,
12678,
0,
12678,
65535,
65535,
12678,
65535,
12678,
0,
0,
0,
0,
0,
0,
0,
0,
0,
0,
0,
0,
0,
0,
0,
0,
0,
0,
0,
0,
0,
12710,
65402,
50605,
61137,
12743,
0,
12710,
65535,
48630,
65535,
12678,
0,
0,
0,
0,
12678,
12678,
0,
0,
0,
0,
0,
0,
0,
0,
0,
0,
0,
0,
0,
0,
0,
12710,
61169,
65402,
14791,
0,
0,
0,
12678,
65535,
65535,
12678,
0,
0,
0,
12678,
31695,
12678,
0,
0,
0,
0,
0,
0,
0,
0,
0,
0,
0,
0,
0,
0,
0,
0,
12710,
65402,
61137,
12743,
0,
12678,
12678,
65535,
21130,
12678,
0,
12678,
12678,
19577,
21130,
12678,
0,
0,
0,
0,
0,
0,
0,
0,
0,
0,
0,
0,
0,
0,
0,
12711,
61169,
37929,
65402,
61169,
12678,
61169,
61169,
21130,
19577,
62218,
12678,
50605,
19577,
19577,
31695,
12678,
0,
0,
0,
0,
0,
0,
0,
0,
0,
0,
0,
0,
0,
0,
0,
12678,
12678,
12678,
21130,
61169,
61169,
50605,
61169,
50605,
19577,
39431,
21130,
19577,
21130,
19577,
12678,
0,
0,
0,
0,
0,
0,
0,
0,
0,
0,
0,
0,
0,
0,
0,
0,
0,
0,
12710,
61169,
37929,
61169,
61169,
61169,
50605,
19577,
19577,
21130,
31695,
65535,
15123,
12678,
0,
0,
0,
0,
0,
0,
0,
0,
0,
0,
0,
0,
0,
0,
0,
0,
0,
12711,
61137,
61169,
61169,
61169,
61169,
61169,
62218,
19577,
15123,
21130,
65535,
48630,
12678,
0,
0,
0,
0,
0,
0,
0,
0,
0,
0,
0,
0,
0,
0,
0,
0,
0,
0,
12678,
61169,
65402,
65402,
61169,
61169,
12678,
21130,
19577,
21130,
48630,
48630,
21130,
12678,
0,
0,
0,
0,
0,
0,
0,
0,
0,
0,
0,
0,
0,
0,
0,
0,
0,
12711,
37897,
61169,
65402,
65402,
61169,
21130,
65535,
19577,
21130,
65535,
21130,
31695,
36345,
12678,
0,
0,
0,
0,
0,
0,
0,
0,
0,
0,
0,
0,
0,
0,
0,
12743,
12743,
61137,
37929,
61169,
61169,
61169,
61169,
21130,
19577,
21130,
65535,
65535,
21130,
36345,
36345,
36345,
12678,
0,
0,
0,
0,
0,
0,
0,
0,
0,
0,
0,
0,
0,
12743,
65370,
65370,
61169,
50573,
50605,
61169,
61169,
61169,
50573,
21130,
21130,
65535,
65535,
65535,
21130,
36345,
15123,
12678,
0,
0,
0,
0,
0,
0,
0,
0,
0,
0,
0,
0,
0,
0,
12710,
12710,
50605,
61169,
61169,
37929,
61169,
61169,
61169,
21162,
65535,
65535,
48630,
65535,
21130,
21130,
15123,
19577,
12678,
0,
0,
0,
0,
0,
0,
0,
0,
0,
0,
0,
0,
0,
0,
0,
12710,
61169,
61169,
61137,
37929,
37929,
50605,
21130,
65535,
31695,
65535,
21130,
65535,
21130,
19577,
19577,
15123,
12678,
0,
0,
0,
0,
0,
0,
0,
0,
0,
0,
0,
0,
0,
12743,
12678,
37929,
61169,
61169,
61137,
50573,
21162,
65503,
65535,
21130,
65535,
21130,
65535,
65535,
21130,
19577,
19577,
15123,
12678,
0,
0,
0,
0,
0,
0,
0,
0,
0,
0,
0,
12743,
65370,
65370,
61137,
37929,
50605,
61169,
61169,
21130,
65535,
21162,
50605,
21130,
65535,
65535,
65535,
21130,
37929,
37929,
19577,
12678,
0,
0,
0,
0,
0,
0,
0,
0,
0,
0,
0,
0,
12710,
12710,
50605,
61137,
37929,
37929,
50605,
21130,
21162,
50573,
37929,
21130,
65535,
48630,
65535,
21130,
50605,
61169,
37929,
31695,
12678,
0,
0,
0,
0,
0,
0,
0,
0,
0,
0,
0,
0,
0,
12710,
61169,
61137,
61137,
37929,
37897,
37897,
37929,
21130,
65535,
65535,
65535,
12678,
12678,
50605,
61169,
50605,
31695,
12678,
0,
0,
0,
0,
0,
0,
0,
0,
0,
0,
0,
0,
0,
0,
12710,
61169,
61169,
61137,
61137,
61137,
50573,
21130,
65535,
48630,
65535,
12678,
0,
12678,
61169,
50605,
21130,
12678,
0,
0,
0,
0,
0,
0,
0,
0,
0,
0,
0,
0,
0,
0,
0,
12710,
37929,
61169,
61169,
50605,
21162,
21130,
65535,
21162,
65535,
12678,
0,
0,
12678,
12678,
31695,
12678,
0,
0,
0,
0,
0,
0,
0,
0,
0,
0,
0,
0,
0,
0,
0,
0,
12678,
21162,
21162,
19577,
21130,
65503,
65535,
21130,
21162,
15123,
12678,
0,
0,
0,
12678,
12678,
0,
0,
0,
0,
0,
0,
0,
0,
0,
0,
0,
0,
0,
0,
12743,
12743,
15123,
19545,
19545,
15123,
21130,
65535,
21162,
50573,
37897,
19577,
15123,
12678,
0,
0,
0,
0,
0,
0,
0,
0,
0,
0,
0,
0,
0,
0,
0,
0,
0,
12743,
19545,
19545,
36313,
61137,
19577,
15123,
12678,
12710,
61137,
50605,
61137,
37929,
15123,
12678,
0,
0,
0,
0,
0,
0,
0,
0,
0,
0,
0,
0,
0,
0,
0,
0,
0,
12678,
12678,
36313,
61169,
61169,
19577,
12678,
0,
0,
21162,
50605,
61169,
50573,
61137,
31695,
12678,
0,
0,
0,
0,
0,
0,
0,
0,
0,
0,
0,
0,
0,
0,
0,
0,
0,
12678,
61169,
61169,
36345,
19577,
12678,
0,
0,
0,
12710,
12710,
50605,
61169,
21130,
12678,
0,
0,
0,
0,
0,
0,
0,
0,
0,
0,
0,
0,
0,
0,
0,
0,
0,
12678,
61169,
36345,
19577,
15123,
12678,
0,
0,
0,
0,
0,
12710,
12710,
31695,
12678,
0,
0,
0,
0,
0,
0,
0,
0,
0,
0,
0,
0,
0,
0,
0,
0,
0,
12678,
12710,
12710,
19577,
12678,
0,
0,
0,
0,
0,
0,
0,
0,
12678,
12678,
0,
0,
0,
0,
0,
0,
0,
0,
0,
0,
0,
0,
0,
0,
0,
0,
0,
0,
0,
12678,
19577,
12678,
0,
0,
0,
0,
0,
0,
0,
0,
0,
0,
0,
0,
0,
0,
0,
0,
0,
0,
0,
0,
0,
0,
0,
0,
0,
0,
0,
0,
0,
12678,
12678,
0,
0,
0,
0,
0,
0,
0,
0,
0,
0,
0,
0,
0,
0,
0,
0,
0,
0,
0,
0,
0,
0,
0,
0,
0,
0,
0,
0,
0,
0,
0,
0,
0,
0,
0,
0,
0,
0,
0,
0,
0,
0,
0,
0,
0,
0,
0,
0,
0,
0,
0,
