2020
0,
0,
0,
0,
0,
0,
0,
0,
0,
0,
0,
0,
0,
0,
0,
0,
0,
0,
0,
0,
0,
0,
0,
0,
0,
0,
0,
0,
0,
0,
0,
0,
0,
0,
0,
0,
0,
0,
0,
0,
0,
0,
0,
0,
0,
0,
0,
0,
0,
0,
0,
0,
12710,
12678,
12710,
0,
0,
0,
0,
0,
0,
0,
0,
0,
0,
0,
0,
0,
0,
0,
0,
0,
0,
0,
0,
0,
0,
0,
0,
0,
0,
0,
12710,
14759,
23243,
11310,
11310,
14759,
0,
0,
0,
0,
0,
0,
0,
0,
0,
0,
0,
0,
0,
0,
0,
0,
0,
0,
0,
14759,
0,
0,
0,
0,
0,
14759,
28083,
28148,
19697,
21130,
21162,
52825,
12678,
0,
0,
0,
0,
0,
0,
0,
0,
0,
0,
0,
0,
0,
0,
0,
0,
0,
12710,
21482,
12678,
0,
0,
0,
12710,
30326,
17584,
19697,
30326,
28148,
11310,
23243,
12678,
0,
0,
0,
0,
0,
0,
0,
0,
0,
0,
0,
0,
0,
0,
0,
0,
0,
14759,
21482,
21482,
14759,
14759,
12710,
30326,
30326,
30294,
30326,
30326,
30294,
30326,
19730,
12710,
0,
0,
0,
0,
0,
0,
0,
0,
0,
0,
0,
0,
0,
0,
0,
0,
12678,
19337,
21482,
21130,
28116,
30326,
28084,
28148,
30326,
28083,
28148,
30294,
28083,
28181,
30294,
12678,
0,
0,
0,
0,
0,
0,
0,
0,
0,
0,
0,
0,
0,
0,
0,
0,
12710,
19369,
21482,
21162,
11278,
30326,
21162,
21162,
30326,
28148,
30261,
30326,
28148,
30294,
11310,
17584,
12710,
0,
0,
0,
0,
0,
0,
0,
0,
0,
0,
0,
0,
0,
0,
0,
14759,
21482,
21482,
21482,
23243,
23243,
32268,
32300,
23243,
30294,
30326,
30326,
30294,
30326,
30326,
19697,
14759,
0,
0,
0,
0,
0,
0,
0,
0,
0,
0,
0,
0,
0,
0,
0,
0,
12678,
21482,
19337,
21130,
32300,
30059,
19337,
23243,
21130,
28116,
30293,
28083,
28181,
30293,
17519,
12678,
0,
0,
0,
0,
0,
0,
0,
0,
0,
0,
0,
0,
0,
12678,
14759,
0,
12710,
23243,
19369,
21162,
32300,
25803,
32236,
32300,
21162,
30261,
11310,
11245,
12710,
30326,
17584,
12710,
0,
0,
0,
0,
0,
0,
0,
0,
0,
0,
0,
0,
12710,
62351,
64431,
12710,
62351,
23243,
21162,
32268,
21482,
32236,
21482,
21482,
21162,
19729,
30326,
12710,
65535,
19730,
17617,
14759,
0,
0,
0,
0,
0,
0,
0,
0,
0,
0,
0,
12710,
62868,
56142,
45642,
56142,
56142,
64431,
21130,
25739,
32300,
30059,
30091,
23243,
28083,
17584,
12710,
56109,
65535,
19697,
17519,
12678,
0,
0,
0,
0,
0,
0,
0,
0,
0,
0,
0,
14759,
64981,
60270,
45642,
64981,
60302,
65078,
21162,
27851,
21482,
30155,
21162,
23243,
28148,
19697,
14759,
65535,
30294,
19729,
17584,
12710,
0,
0,
0,
0,
0,
0,
0,
0,
0,
0,
12710,
64431,
62351,
43561,
64431,
65045,
62351,
64431,
21162,
21450,
27916,
21162,
19729,
30326,
30261,
30294,
30326,
17617,
19729,
19730,
12710,
0,
0,
0,
0,
0,
0,
0,
0,
0,
0,
0,
12678,
65046,
56142,
21130,
64431,
56142,
56142,
65078,
56142,
21130,
21482,
21130,
21130,
30326,
28083,
28116,
19697,
17519,
17617,
19697,
12678,
12678,
0,
0,
0,
0,
0,
0,
0,
0,
0,
0,
12710,
65078,
23243,
65120,
23243,
62351,
65013,
65078,
65013,
23243,
21482,
19401,
23243,
30326,
17617,
62351,
19729,
17617,
19729,
23243,
17617,
52857,
14759,
0,
0,
0,
0,
0,
0,
0,
0,
0,
0,
14759,
23243,
65152,
23243,
62351,
65045,
65078,
21162,
39882,
23243,
21450,
23243,
19730,
62351,
62351,
19730,
17617,
23243,
19730,
17617,
19729,
65535,
12710,
0,
0,
0,
0,
0,
0,
0,
0,
12678,
62351,
21130,
62944,
23243,
56142,
56142,
45642,
21130,
37769,
23243,
21130,
21130,
19729,
56109,
21130,
23243,
17519,
17617,
19697,
11181,
17617,
17617,
12678,
0,
0,
0,
0,
0,
0,
0,
0,
12710,
65078,
62351,
21162,
64431,
43562,
43562,
23243,
39881,
23243,
23243,
27884,
27916,
23243,
21162,
19729,
19729,
17617,
11310,
19729,
17617,
19729,
65535,
12710,
0,
0,
0,
0,
0,
0,
0,
0,
12678,
65078,
60303,
43561,
45642,
60303,
64981,
23243,
21162,
21162,
27916,
25803,
21162,
19730,
17584,
19697,
19729,
17584,
19729,
19729,
17584,
19729,
19729,
12678,
0,
0,
0,
0,
0,
0,
0,
0,
12678,
62351,
56142,
39433,
64431,
56142,
62868,
65078,
21130,
25739,
27916,
19337,
21130,
19729,
17519,
17584,
23243,
21130,
17617,
11278,
17519,
12678,
12710,
0,
0,
0,
0,
0,
0,
0,
0,
0,
0,
14759,
65045,
43561,
65078,
62351,
62351,
65078,
21162,
23243,
27916,
19401,
27916,
23243,
17617,
19729,
19729,
17617,
23243,
14759,
12710,
0,
0,
0,
0,
0,
0,
0,
0,
0,
0,
0,
0,
14759,
65013,
60270,
45642,
60303,
60303,
64431,
21162,
12710,
27916,
30155,
32236,
23243,
17584,
19697,
23243,
21162,
52825,
14759,
0,
0,
0,
0,
0,
0,
0,
0,
0,
0,
0,
0,
0,
0,
12678,
12678,
45642,
56142,
56142,
23243,
19337,
12678,
32300,
30059,
19337,
21482,
21130,
17584,
19697,
17519,
17617,
12710,
0,
0,
0,
0,
0,
0,
0,
0,
0,
0,
0,
0,
0,
0,
0,
0,
14759,
12710,
23243,
21482,
12710,
0,
14759,
27916,
32300,
32300,
23243,
19729,
19730,
19697,
52857,
14759,
0,
0,
0,
0,
0,
0,
0,
0,
0,
0,
0,
0,
0,
0,
0,
0,
0,
0,
12710,
21482,
12678,
0,
14759,
30155,
27884,
21482,
19369,
21162,
19729,
17584,
12710,
0,
0,
0,
0,
0,
0,
0,
0,
0,
0,
0,
0,
0,
0,
0,
0,
0,
0,
0,
0,
14759,
12678,
0,
14759,
19337,
30091,
32300,
30059,
12678,
12710,
12678,
0,
0,
0,
0,
0,
0,
0,
0,
0,
0,
0,
0,
0,
0,
0,
0,
0,
0,
0,
0,
0,
0,
0,
0,
14759,
32268,
21482,
32300,
32268,
14759,
0,
0,
0,
0,
0,
0,
0,
0,
0,
0,
0,
0,
0,
0,
0,
0,
0,
0,
0,
0,
0,
0,
0,
0,
0,
0,
0,
12678,
30155,
21482,
12678,
0,
0,
0,
0,
0,
0,
0,
0,
0,
0,
0,
0,
0,
0,
0,
0,
0,
0,
0,
0,
0,
0,
0,
0,
0,
0,
0,
0,
0,
12678,
14759,
0,
0,
0,
0,
0,
0,
0,
0,
0,
0,
0,
0,
0,
0,
0,
0,
0,
0,
0,
0,
0,
0,
0,
0,
0,
0,
0,
0,
0,
0,
0,
0,
0,
0,
0,
0,
0,
0,
0,
0,
0,
0,
0,
0,
0,
0,
