2020
0,
0,
0,
0,
0,
0,
0,
0,
0,
0,
0,
0,
0,
0,
0,
0,
0,
0,
0,
0,
0,
0,
0,
0,
0,
0,
0,
0,
0,
0,
0,
0,
0,
0,
0,
0,
0,
0,
0,
0,
0,
0,
0,
0,
0,
0,
0,
0,
0,
0,
0,
0,
0,
0,
0,
0,
0,
0,
0,
0,
0,
0,
0,
0,
0,
0,
0,
0,
0,
0,
0,
0,
0,
0,
0,
0,
0,
0,
0,
0,
0,
0,
0,
0,
0,
0,
0,
0,
0,
0,
0,
0,
0,
0,
0,
0,
0,
0,
0,
0,
0,
0,
0,
0,
0,
0,
0,
0,
0,
0,
0,
12710,
12743,
0,
0,
0,
0,
0,
0,
0,
0,
0,
0,
0,
0,
0,
0,
0,
0,
0,
0,
0,
0,
0,
0,
0,
0,
0,
0,
0,
0,
12678,
14791,
61066,
61066,
14791,
0,
12678,
14759,
12710,
0,
0,
0,
0,
0,
0,
0,
0,
0,
0,
0,
0,
0,
0,
0,
0,
0,
0,
0,
0,
0,
14759,
12710,
14791,
65355,
65291,
65291,
23243,
14791,
52856,
52856,
12743,
0,
0,
0,
0,
0,
0,
0,
0,
0,
0,
0,
0,
0,
0,
0,
0,
0,
12710,
14759,
12710,
14758,
56743,
54663,
65323,
65355,
65291,
65323,
65535,
23243,
33840,
14791,
0,
0,
0,
0,
0,
0,
0,
0,
0,
0,
0,
0,
0,
0,
0,
0,
0,
12710,
48390,
54662,
50438,
48390,
23275,
42022,
63114,
65355,
61066,
50470,
65535,
21130,
48598,
14791,
0,
0,
0,
0,
0,
0,
0,
0,
0,
0,
0,
0,
0,
0,
0,
0,
0,
0,
12710,
14759,
14759,
23243,
65355,
65323,
65323,
65355,
23211,
14791,
65535,
12710,
12743,
0,
0,
0,
0,
0,
0,
0,
0,
0,
0,
0,
0,
0,
0,
0,
0,
0,
0,
0,
0,
0,
14790,
65258,
65355,
65290,
65290,
56743,
65535,
14791,
65535,
12711,
0,
0,
0,
12743,
0,
0,
0,
0,
0,
0,
0,
0,
0,
0,
0,
0,
0,
0,
0,
0,
0,
14791,
63114,
61066,
65355,
42022,
61066,
14759,
12678,
13099,
65535,
12710,
0,
0,
12710,
48598,
12743,
0,
0,
0,
0,
0,
0,
0,
0,
0,
0,
0,
0,
0,
0,
0,
12710,
14791,
23243,
23211,
23275,
65323,
65291,
14791,
23243,
65535,
65535,
50743,
12710,
14791,
52583,
52824,
14791,
0,
0,
0,
0,
0,
0,
0,
0,
0,
0,
0,
0,
0,
0,
12710,
21162,
35591,
33510,
23242,
65355,
65290,
54630,
65387,
65535,
65535,
23243,
50711,
50775,
35921,
21162,
54630,
14791,
0,
0,
0,
0,
0,
0,
0,
0,
0,
0,
0,
0,
0,
14758,
31462,
31430,
33543,
21162,
61066,
65355,
63114,
21162,
54663,
21130,
21162,
54695,
46549,
48630,
52856,
31695,
21162,
23243,
12710,
0,
0,
0,
0,
0,
0,
0,
0,
0,
0,
0,
0,
0,
14759,
14759,
23243,
23275,
65355,
65355,
23243,
39848,
23275,
54662,
54662,
56743,
54663,
52856,
23243,
23275,
65535,
52856,
12743,
0,
0,
0,
0,
0,
0,
0,
0,
0,
0,
0,
0,
0,
0,
0,
14791,
65258,
21162,
23243,
48201,
39815,
23243,
21162,
23242,
56743,
21162,
23243,
65535,
65535,
52823,
14791,
0,
0,
0,
0,
0,
0,
0,
0,
0,
0,
0,
0,
0,
0,
0,
12678,
39848,
21130,
21130,
50314,
46089,
37703,
23275,
37703,
21130,
23275,
63114,
50502,
52856,
48598,
65503,
12710,
12678,
12711,
0,
0,
0,
0,
0,
0,
0,
0,
0,
0,
0,
0,
0,
14759,
41896,
39848,
23243,
50314,
41896,
41896,
23243,
41896,
39848,
23243,
65355,
65355,
56743,
65535,
23243,
23275,
54695,
65535,
14791,
0,
0,
0,
0,
0,
0,
0,
0,
0,
0,
0,
14758,
37735,
41896,
21162,
46121,
50314,
39815,
21162,
23275,
37735,
37735,
23243,
52550,
65258,
23243,
21130,
52582,
23275,
50470,
23211,
14791,
0,
0,
0,
0,
0,
0,
0,
0,
0,
0,
0,
12710,
35655,
12710,
12710,
44041,
41896,
37703,
21130,
35591,
21130,
37703,
23243,
21130,
21162,
54695,
48390,
50470,
23243,
50438,
65535,
12743,
0,
0,
0,
0,
0,
0,
0,
0,
0,
0,
0,
14759,
12743,
0,
14791,
50282,
41896,
23243,
33542,
35591,
23243,
39848,
23275,
54662,
54695,
56743,
54663,
23243,
54695,
12710,
14791,
0,
0,
0,
0,
0,
0,
0,
0,
0,
0,
0,
0,
0,
0,
0,
14758,
46121,
14791,
31462,
31462,
23243,
31462,
21162,
54695,
50470,
52550,
23243,
21130,
12710,
14791,
0,
0,
0,
0,
0,
0,
0,
0,
0,
0,
0,
0,
0,
0,
0,
0,
0,
12678,
12710,
0,
12678,
31430,
23275,
31430,
12678,
14791,
21130,
21162,
54663,
12710,
0,
0,
0,
0,
0,
0,
0,
0,
0,
0,
0,
0,
0,
0,
0,
0,
0,
0,
0,
0,
0,
0,
14791,
33543,
14759,
14759,
0,
14791,
54695,
56743,
54695,
14759,
0,
0,
0,
0,
0,
0,
0,
0,
0,
0,
0,
0,
0,
0,
0,
0,
0,
0,
0,
0,
0,
0,
0,
12711,
0,
0,
0,
0,
12710,
52582,
54663,
12710,
0,
0,
0,
0,
0,
0,
0,
0,
0,
0,
0,
0,
0,
0,
0,
0,
0,
0,
0,
0,
0,
0,
0,
0,
0,
0,
0,
0,
12710,
50502,
14791,
0,
0,
0,
0,
0,
0,
0,
0,
0,
0,
0,
0,
0,
0,
0,
0,
0,
0,
0,
0,
0,
0,
0,
0,
0,
0,
0,
0,
0,
14791,
54695,
14791,
0,
0,
0,
0,
0,
0,
0,
0,
0,
0,
0,
0,
0,
0,
0,
0,
0,
0,
0,
0,
0,
0,
0,
0,
0,
0,
0,
0,
0,
0,
12711,
0,
0,
0,
0,
0,
0,
0,
0,
0,
0,
0,
0,
0,
0,
0,
0,
0,
0,
0,
0,
0,
0,
0,
0,
0,
0,
0,
0,
0,
0,
0,
0,
0,
0,
0,
0,
0,
0,
0,
0,
0,
0,
0,
0,
0,
0,
0,
0,
0,
0,
0,
0,
0,
0,
0,
0,
0,
0,
0,
0,
0,
0,
0,
0,
0,
0,
0,
0,
0,
0,
0,
0,
0,
0,
0,
0,
0,
0,
0,
0,
0,
0,
0,
0,
0,
0,
0,
0,
0,
0,
0,
0,
0,
0,
0,
0,
0,
0,
0,
0,
0,
0,
0,
0,
0,
0,
0,
0,
0,
0,
0,
0,
0,
0,
0,
0,
0,
0,
0,
0,
0,
0,
0,
0,
0,
0,
0,
0,
0,
0,
0,
0,
0,
0,
0,
0,
0,
0,
0,
0,
