2020
0,
0,
0,
0,
0,
0,
0,
0,
0,
0,
0,
0,
0,
0,
0,
0,
0,
0,
0,
0,
0,
0,
0,
0,
0,
0,
0,
0,
0,
0,
0,
0,
0,
0,
0,
0,
0,
0,
0,
0,
0,
0,
0,
0,
0,
0,
0,
0,
0,
0,
0,
0,
0,
0,
0,
0,
0,
0,
0,
0,
0,
0,
0,
0,
0,
0,
0,
0,
0,
0,
0,
0,
0,
0,
0,
0,
0,
0,
0,
0,
0,
0,
0,
0,
0,
0,
0,
0,
0,
0,
0,
0,
0,
0,
0,
0,
0,
0,
0,
0,
0,
0,
0,
0,
0,
0,
0,
0,
0,
0,
0,
0,
0,
0,
0,
0,
0,
0,
0,
0,
0,
0,
0,
0,
0,
0,
0,
0,
0,
0,
0,
0,
0,
0,
0,
0,
14856,
0,
0,
0,
0,
0,
0,
0,
0,
0,
0,
0,
0,
0,
0,
0,
0,
0,
0,
0,
0,
0,
0,
0,
0,
0,
0,
0,
0,
0,
0,
14824,
28255,
12710,
14856,
0,
14759,
14856,
0,
0,
0,
0,
0,
0,
0,
0,
0,
0,
0,
0,
0,
0,
0,
0,
0,
0,
0,
0,
0,
0,
0,
0,
12710,
14823,
21693,
28190,
21498,
14791,
28222,
30399,
14791,
0,
0,
0,
0,
0,
0,
0,
14824,
0,
0,
0,
0,
0,
0,
0,
0,
0,
0,
0,
0,
0,
0,
14791,
21499,
23547,
25356,
30431,
30431,
30431,
30431,
30431,
30399,
14856,
0,
0,
0,
0,
0,
14823,
21790,
14856,
0,
0,
0,
0,
0,
0,
0,
0,
0,
0,
0,
0,
0,
14791,
21400,
25356,
28255,
21433,
30431,
28287,
28287,
30431,
21692,
14791,
0,
0,
0,
0,
12711,
21433,
21790,
14791,
0,
0,
0,
0,
0,
0,
0,
0,
0,
0,
0,
0,
0,
0,
12710,
25356,
28255,
28222,
30431,
28222,
23243,
30431,
19352,
14791,
0,
0,
0,
0,
12711,
21693,
21466,
14791,
0,
0,
0,
0,
0,
0,
0,
0,
0,
0,
0,
0,
0,
0,
14791,
21499,
23547,
30431,
30431,
14791,
14791,
23547,
59056,
14856,
0,
0,
0,
14791,
23275,
25356,
14856,
0,
0,
0,
0,
0,
0,
0,
0,
0,
0,
0,
0,
0,
0,
0,
12743,
30431,
28255,
28222,
23870,
63455,
28222,
23547,
54831,
54831,
14791,
12710,
14791,
61136,
61300,
56943,
14824,
0,
0,
0,
0,
0,
0,
0,
0,
0,
0,
0,
0,
0,
0,
14759,
28222,
30431,
21400,
19352,
23838,
28222,
21400,
61136,
54831,
56879,
61136,
63348,
63380,
65494,
61300,
63380,
59056,
14791,
0,
0,
0,
0,
0,
0,
0,
0,
0,
0,
0,
0,
0,
14824,
30431,
30431,
30431,
30431,
21499,
21790,
21790,
21499,
21499,
21499,
61168,
65494,
65494,
65494,
65494,
65494,
65494,
14856,
0,
0,
0,
0,
0,
0,
0,
0,
0,
0,
0,
0,
0,
0,
12743,
30431,
28255,
19612,
14791,
12710,
12710,
25356,
19352,
19644,
21790,
21692,
44665,
65494,
61300,
63381,
65462,
14791,
0,
0,
0,
0,
0,
0,
0,
0,
0,
0,
0,
0,
0,
0,
0,
14791,
14759,
12710,
0,
0,
0,
14791,
23211,
23243,
23838,
28255,
28287,
30431,
42552,
63381,
23275,
23243,
0,
0,
0,
0,
0,
0,
0,
0,
0,
0,
0,
0,
0,
0,
0,
0,
0,
0,
0,
0,
14823,
57050,
40147,
57049,
25356,
25356,
30431,
30431,
30431,
25356,
46811,
59056,
14856,
0,
0,
0,
0,
0,
0,
0,
0,
0,
0,
0,
0,
0,
0,
0,
0,
0,
0,
0,
14791,
57050,
50743,
35953,
57049,
50743,
23243,
30431,
19612,
21693,
23838,
61268,
14824,
0,
0,
0,
0,
0,
0,
0,
0,
0,
0,
0,
0,
0,
0,
0,
0,
0,
0,
14791,
52824,
40147,
50775,
52824,
40147,
35953,
52856,
25356,
19612,
21725,
23838,
42552,
63413,
14824,
0,
0,
0,
0,
0,
0,
0,
0,
0,
0,
0,
0,
0,
0,
0,
0,
0,
14791,
57049,
57050,
57049,
57049,
57050,
40147,
57049,
25356,
23838,
25356,
23870,
30431,
65494,
14856,
0,
0,
0,
0,
0,
0,
0,
0,
0,
0,
0,
0,
0,
0,
0,
0,
0,
14791,
50743,
54969,
35921,
50743,
57049,
35921,
50775,
23308,
19611,
23243,
30399,
28190,
44665,
14824,
0,
0,
0,
0,
0,
0,
0,
0,
0,
0,
0,
0,
0,
0,
0,
0,
0,
0,
14791,
57050,
50775,
52824,
40147,
50743,
23243,
21790,
19352,
14791,
25356,
28222,
30367,
14824,
0,
0,
0,
0,
0,
0,
0,
0,
0,
0,
0,
0,
0,
0,
0,
0,
0,
0,
14823,
40147,
57049,
57049,
40147,
54969,
25356,
21790,
14824,
0,
14824,
30399,
30399,
14856,
0,
0,
0,
0,
0,
0,
0,
0,
0,
0,
0,
0,
0,
0,
0,
0,
0,
0,
0,
14791,
12710,
35921,
57049,
21163,
21693,
21790,
19319,
12710,
0,
12711,
28287,
14824,
0,
0,
0,
0,
0,
0,
0,
0,
0,
0,
0,
0,
0,
0,
0,
0,
0,
0,
0,
0,
0,
12710,
14791,
12710,
14791,
21790,
19612,
14823,
0,
0,
14824,
0,
0,
0,
0,
0,
0,
0,
0,
0,
0,
0,
0,
0,
0,
0,
0,
0,
0,
0,
0,
0,
0,
0,
0,
0,
14823,
21790,
21758,
14856,
0,
0,
0,
0,
0,
0,
0,
0,
0,
0,
0,
0,
0,
0,
0,
0,
0,
0,
0,
0,
0,
0,
0,
0,
0,
0,
0,
0,
0,
14823,
19579,
14791,
0,
0,
0,
0,
0,
0,
0,
0,
0,
0,
0,
0,
0,
0,
0,
0,
0,
0,
0,
0,
0,
0,
0,
0,
0,
0,
0,
0,
0,
0,
14791,
0,
0,
0,
0,
0,
0,
0,
0,
0,
0,
0,
0,
0,
0,
0,
0,
0,
0,
0,
0,
0,
0,
0,
0,
0,
0,
0,
0,
0,
0,
0,
0,
0,
0,
0,
0,
0,
0,
0,
0,
0,
0,
0,
0,
0,
0,
0,
0,
0,
0,
0,
0,
0,
0,
0,
0,
0,
0,
0,
0,
0,
0,
0,
0,
0,
0,
0,
0,
0,
0,
0,
0,
0,
0,
0,
0,
0,
0,
0,
0,
0,
0,
0,
0,
0,
0,
0,
0,
0,
0,
0,
0,
0,
0,
0,
0,
0,
0,
0,
0,
0,
0,
0,
0,
0,
0,
0,
0,
0,
0,
0,
0,
0,
0,
0,
0,
0,
0,
0,
0,
0,
0,
0,
0,
0,
0,
0,
0,
0,
0,
0,
0,
0,
0,
0,
0,
0,
0,
0,
