2020
0,
0,
0,
0,
0,
0,
0,
0,
0,
0,
0,
0,
0,
0,
0,
0,
0,
0,
0,
0,
0,
0,
0,
0,
0,
0,
0,
0,
0,
0,
0,
0,
0,
0,
0,
0,
0,
0,
0,
0,
0,
0,
0,
0,
0,
0,
0,
0,
0,
0,
0,
0,
0,
0,
0,
0,
0,
0,
0,
0,
0,
0,
0,
0,
0,
0,
0,
0,
0,
0,
0,
0,
0,
0,
0,
0,
0,
0,
0,
0,
0,
0,
0,
0,
0,
0,
0,
0,
0,
0,
0,
0,
0,
0,
0,
0,
0,
0,
0,
0,
0,
0,
0,
0,
0,
0,
0,
0,
0,
0,
0,
0,
0,
0,
0,
0,
0,
0,
0,
0,
0,
0,
0,
0,
0,
0,
0,
0,
0,
0,
0,
0,
0,
0,
0,
0,
0,
0,
0,
0,
0,
0,
0,
12710,
14791,
0,
0,
0,
0,
0,
0,
0,
0,
0,
0,
0,
0,
0,
0,
0,
0,
0,
0,
0,
0,
0,
0,
0,
0,
0,
0,
0,
0,
0,
12678,
27282,
29363,
12678,
0,
0,
0,
0,
0,
0,
0,
0,
0,
0,
0,
0,
0,
0,
0,
0,
0,
0,
0,
0,
0,
0,
0,
0,
0,
0,
0,
14759,
29363,
29395,
29395,
14759,
0,
0,
0,
0,
0,
0,
0,
0,
0,
0,
0,
0,
0,
0,
0,
0,
0,
0,
12710,
12710,
12711,
0,
0,
0,
0,
0,
0,
14759,
21162,
21162,
23243,
12678,
14759,
0,
0,
0,
0,
0,
0,
0,
0,
0,
0,
0,
0,
0,
0,
0,
0,
0,
14759,
31510,
29461,
12710,
12678,
12678,
0,
0,
12678,
50099,
58285,
60366,
33623,
21130,
48502,
12710,
12678,
0,
0,
0,
0,
0,
0,
0,
0,
0,
0,
0,
0,
0,
0,
0,
0,
14759,
33624,
33624,
33623,
33623,
12710,
14759,
33624,
33624,
33623,
14759,
33624,
33623,
23275,
65535,
33623,
12710,
12710,
14759,
0,
0,
0,
0,
0,
0,
0,
0,
0,
0,
0,
0,
0,
0,
12678,
33624,
31510,
31543,
23243,
39898,
39931,
33624,
31510,
33623,
33624,
31510,
23243,
52696,
46422,
33623,
23211,
27282,
14791,
0,
0,
0,
0,
0,
0,
0,
0,
0,
0,
0,
0,
0,
12678,
33624,
29461,
31510,
42044,
37817,
39898,
42044,
29461,
31510,
33623,
29461,
31542,
23243,
63390,
48502,
31543,
21098,
29363,
12711,
0,
0,
0,
0,
0,
0,
0,
0,
0,
0,
0,
0,
0,
14759,
33623,
23243,
44092,
42012,
42044,
44092,
33623,
33624,
33624,
33623,
33624,
23275,
65535,
65535,
33624,
23211,
29395,
14791,
0,
0,
0,
0,
0,
0,
0,
0,
0,
0,
0,
0,
0,
0,
12710,
39930,
42044,
39898,
39931,
42044,
31510,
33590,
64559,
31510,
33623,
23243,
46422,
50615,
29395,
31509,
23243,
14759,
0,
0,
0,
0,
0,
0,
0,
0,
0,
0,
0,
0,
0,
14791,
37817,
37817,
42044,
37817,
39898,
42044,
29461,
31510,
14759,
58286,
31542,
23243,
63390,
65535,
29363,
29429,
12711,
0,
0,
0,
0,
0,
0,
0,
0,
0,
0,
0,
0,
0,
14791,
44092,
42044,
42044,
44092,
42044,
44092,
33624,
33624,
50099,
64559,
64559,
33624,
23243,
52696,
29396,
33624,
33624,
33624,
14791,
0,
0,
0,
0,
0,
0,
0,
0,
0,
0,
0,
0,
12678,
12710,
12678,
12710,
42044,
39898,
39931,
33624,
31510,
62446,
64559,
45906,
33623,
23243,
63422,
29363,
33623,
31510,
33623,
14759,
0,
0,
0,
0,
0,
0,
0,
0,
0,
0,
0,
0,
0,
0,
12678,
39898,
42044,
37817,
31542,
33656,
43857,
60398,
48019,
29461,
23243,
65535,
27281,
31543,
33591,
29461,
33623,
12711,
0,
0,
0,
0,
0,
0,
0,
0,
0,
0,
0,
0,
0,
12710,
42044,
42044,
23243,
33624,
33624,
33656,
50067,
33624,
33624,
33624,
23243,
29396,
33624,
33624,
33624,
33624,
29396,
33624,
14791,
0,
0,
0,
0,
0,
0,
0,
0,
0,
0,
0,
0,
12710,
12678,
12678,
23243,
31510,
31543,
33624,
31510,
31543,
33624,
27282,
33623,
33624,
31510,
33623,
33623,
31510,
29395,
33623,
31509,
14791,
0,
0,
0,
0,
0,
0,
0,
0,
0,
0,
0,
0,
0,
12678,
42044,
37817,
31542,
33624,
29461,
31542,
33623,
29461,
31543,
33623,
21130,
31543,
33591,
27281,
33623,
33591,
29461,
14791,
0,
0,
0,
0,
0,
0,
0,
0,
0,
0,
0,
0,
12710,
42044,
44092,
33624,
33624,
33624,
33624,
33624,
33624,
33624,
33624,
33624,
23243,
33624,
33624,
33624,
33624,
33624,
33623,
14823,
0,
0,
0,
0,
0,
0,
0,
0,
0,
0,
0,
0,
12678,
39898,
42044,
29462,
31542,
33624,
29461,
21162,
33623,
29461,
33591,
33623,
29461,
21163,
33623,
29461,
33623,
33623,
12678,
0,
0,
0,
0,
0,
0,
0,
0,
0,
0,
0,
0,
12710,
37817,
39898,
33624,
29462,
31542,
23243,
27281,
27314,
23243,
29461,
31543,
33623,
29461,
21163,
33591,
29461,
23211,
12711,
0,
0,
0,
0,
0,
0,
0,
0,
0,
0,
0,
0,
0,
14791,
42044,
33624,
33624,
33623,
14759,
29395,
29395,
29395,
29395,
23243,
33624,
23243,
33624,
23243,
23243,
23243,
29395,
14791,
0,
0,
0,
0,
0,
0,
0,
0,
0,
0,
0,
0,
12678,
44092,
29462,
31510,
12710,
12678,
0,
14759,
27281,
12678,
29395,
27281,
21163,
29395,
12678,
12710,
29363,
27281,
14759,
0,
0,
0,
0,
0,
0,
0,
0,
0,
0,
0,
0,
0,
12678,
42044,
12678,
12710,
0,
0,
0,
12710,
12678,
0,
12711,
27282,
12710,
14759,
0,
0,
12711,
27281,
14759,
0,
0,
0,
0,
0,
0,
0,
0,
0,
0,
0,
0,
0,
12710,
12710,
0,
0,
0,
0,
0,
0,
0,
0,
0,
14791,
0,
0,
0,
0,
0,
14791,
0,
0,
0,
0,
0,
0,
0,
0,
0,
0,
0,
0,
0,
0,
0,
0,
0,
0,
0,
0,
0,
0,
0,
0,
0,
0,
0,
0,
0,
0,
0,
0,
0,
0,
0,
0,
0,
0,
0,
0,
0,
0,
0,
0,
0,
0,
0,
0,
0,
0,
0,
0,
0,
0,
0,
0,
0,
0,
0,
0,
0,
0,
0,
0,
0,
0,
0,
0,
0,
0,
0,
0,
0,
0,
0,
0,
0,
0,
0,
0,
0,
0,
0,
0,
0,
0,
0,
0,
0,
0,
0,
0,
0,
0,
0,
0,
0,
0,
0,
0,
0,
0,
0,
0,
0,
0,
0,
0,
0,
0,
0,
0,
0,
0,
0,
0,
0,
0,
0,
0,
0,
0,
0,
0,
0,
0,
0,
0,
0,
0,
0,
0,
0,
0,
0,
0,
