2020
0,
0,
0,
0,
0,
0,
0,
0,
0,
0,
0,
0,
0,
0,
0,
0,
0,
0,
0,
0,
0,
0,
0,
0,
0,
0,
0,
0,
0,
0,
0,
0,
0,
0,
0,
0,
0,
0,
0,
0,
0,
0,
0,
0,
14759,
12710,
0,
0,
0,
0,
0,
0,
0,
0,
0,
0,
0,
0,
0,
0,
0,
0,
0,
0,
0,
0,
0,
0,
0,
0,
0,
14759,
14759,
0,
14759,
14759,
29396,
29396,
14759,
0,
0,
0,
0,
0,
0,
0,
0,
0,
0,
0,
0,
0,
0,
0,
0,
0,
0,
0,
0,
0,
0,
0,
14759,
49803,
41481,
14759,
54668,
54668,
21130,
29396,
12678,
0,
0,
0,
0,
0,
0,
0,
0,
0,
0,
0,
0,
0,
0,
0,
0,
0,
0,
0,
0,
0,
0,
0,
12678,
41481,
49803,
54668,
54700,
54700,
54668,
29396,
12678,
14759,
0,
0,
0,
0,
0,
0,
0,
0,
0,
0,
0,
0,
0,
0,
0,
0,
0,
0,
0,
0,
0,
0,
0,
12678,
21130,
21162,
54700,
21162,
21162,
21130,
21130,
29396,
14759,
0,
14759,
14759,
0,
0,
0,
0,
0,
0,
0,
0,
0,
0,
0,
0,
0,
0,
0,
0,
0,
0,
14759,
49803,
49835,
54668,
21162,
29396,
49803,
49803,
29396,
21130,
12678,
0,
12678,
29396,
14759,
0,
0,
0,
0,
0,
0,
0,
0,
0,
0,
0,
0,
0,
0,
0,
0,
0,
12678,
41481,
21130,
21162,
29396,
29396,
29396,
21130,
21130,
37849,
37849,
14759,
0,
12678,
29396,
12710,
0,
0,
0,
0,
0,
0,
0,
0,
0,
0,
0,
0,
0,
0,
0,
0,
0,
12678,
49803,
49803,
12678,
29396,
21130,
37849,
54668,
63185,
63185,
54668,
14759,
12678,
29396,
12678,
0,
0,
0,
0,
0,
0,
0,
0,
0,
0,
0,
0,
0,
14759,
14759,
0,
0,
0,
12678,
12678,
0,
12678,
37849,
63185,
63217,
63217,
63217,
37849,
54668,
21130,
29396,
12678,
0,
12710,
12710,
0,
0,
0,
0,
0,
0,
0,
0,
0,
0,
12678,
29396,
12710,
14759,
14759,
0,
0,
0,
12678,
37849,
37881,
63217,
63217,
63217,
37849,
63217,
21130,
29396,
12678,
14759,
29396,
21130,
14759,
0,
0,
0,
0,
0,
0,
0,
0,
0,
0,
12678,
29396,
29396,
21130,
14759,
14759,
14759,
37849,
37849,
37849,
63217,
63217,
63217,
63185,
63217,
65503,
21130,
21130,
63185,
54668,
54668,
12678,
14759,
0,
0,
0,
0,
0,
0,
0,
0,
0,
0,
12678,
12678,
29396,
29396,
21130,
29396,
37849,
37849,
54668,
63217,
63217,
63217,
63217,
63217,
48630,
21130,
37849,
37881,
63217,
21162,
37849,
12678,
0,
0,
0,
0,
0,
0,
0,
0,
0,
0,
0,
0,
21130,
37849,
37849,
37849,
29396,
37849,
63217,
63217,
65535,
12710,
12710,
65535,
63217,
21130,
37849,
21130,
21162,
37849,
12678,
0,
0,
0,
0,
0,
0,
0,
0,
0,
0,
0,
0,
14759,
37849,
37849,
12678,
12678,
37849,
37849,
37881,
63217,
63217,
65503,
65503,
63217,
63217,
12678,
12678,
37849,
37849,
21130,
29396,
14759,
0,
0,
0,
0,
0,
0,
0,
0,
0,
0,
12710,
37849,
37849,
12678,
0,
12678,
21130,
37849,
37849,
37881,
54700,
63217,
63217,
63217,
37881,
12678,
0,
12678,
21130,
29396,
29396,
37849,
14759,
0,
0,
0,
0,
0,
0,
0,
0,
0,
12678,
37849,
12678,
0,
0,
0,
12678,
37849,
37849,
37849,
37849,
37881,
37881,
37881,
12678,
0,
0,
12678,
29396,
21130,
12678,
37849,
12678,
0,
0,
0,
0,
0,
0,
0,
0,
0,
12678,
37849,
12678,
0,
0,
0,
0,
12678,
37849,
21130,
21130,
37849,
21130,
37849,
12678,
0,
0,
12678,
29396,
12678,
0,
12678,
0,
0,
0,
0,
0,
0,
0,
0,
0,
0,
0,
12678,
0,
0,
0,
0,
0,
0,
12678,
37849,
37849,
62221,
62221,
12678,
0,
0,
0,
12678,
29396,
12678,
0,
0,
0,
0,
0,
0,
0,
0,
0,
0,
0,
0,
0,
0,
0,
0,
0,
0,
0,
14759,
37849,
37849,
62221,
62221,
37849,
12678,
0,
0,
0,
12678,
29396,
12678,
0,
0,
0,
0,
0,
0,
0,
0,
0,
0,
0,
0,
0,
0,
0,
0,
0,
0,
0,
12678,
37849,
37849,
37849,
37849,
12678,
0,
0,
0,
0,
12678,
37849,
12678,
0,
0,
0,
0,
0,
0,
0,
0,
0,
0,
0,
0,
0,
0,
0,
0,
0,
14759,
14759,
0,
12678,
21130,
21130,
12678,
0,
0,
0,
0,
0,
12678,
37849,
12678,
0,
0,
0,
0,
0,
0,
0,
0,
0,
0,
0,
0,
0,
0,
0,
0,
14759,
62221,
49803,
14759,
0,
12678,
21130,
37849,
14759,
0,
0,
0,
14759,
37849,
12678,
0,
0,
0,
0,
0,
0,
0,
0,
0,
0,
0,
0,
0,
0,
0,
0,
0,
12678,
49803,
62221,
63185,
12710,
63185,
63185,
29396,
37849,
14759,
0,
14759,
29396,
37849,
12678,
0,
0,
0,
0,
0,
0,
0,
0,
0,
0,
0,
0,
0,
0,
0,
0,
0,
0,
12678,
12678,
21162,
63185,
63217,
63217,
63185,
29396,
12678,
14759,
29396,
37849,
12678,
0,
0,
0,
0,
0,
0,
0,
0,
0,
0,
0,
0,
0,
0,
0,
0,
0,
0,
12710,
49803,
62221,
63185,
63217,
63217,
63217,
63217,
21130,
29396,
29396,
37849,
12678,
0,
0,
0,
0,
0,
0,
0,
0,
0,
0,
0,
0,
0,
0,
0,
0,
0,
0,
0,
12678,
62221,
21130,
21130,
54700,
63217,
63217,
63217,
29396,
21130,
12678,
12678,
0,
0,
0,
0,
0,
0,
0,
0,
0,
0,
0,
0,
0,
0,
0,
0,
0,
0,
0,
0,
0,
12678,
49803,
62221,
63217,
63217,
63217,
29428,
37849,
12678,
0,
0,
0,
0,
0,
0,
0,
0,
0,
0,
0,
0,
0,
0,
0,
0,
0,
0,
0,
0,
0,
0,
0,
12678,
62221,
62221,
54700,
12678,
12678,
37849,
29396,
12678,
0,
0,
0,
0,
0,
0,
0,
0,
0,
0,
0,
0,
0,
0,
0,
0,
0,
0,
0,
0,
0,
0,
0,
0,
12678,
12678,
12678,
0,
0,
12678,
12678,
0,
0,
0,
0,
0,
0,
0,
0,
0,
0,
0,
0,
0,
0,
0,
0,
0,
0,
0,
0,
0,
0,
0,
0,
0,
0,
0,
0,
0,
0,
0,
0,
0,
0,
0,
0,
0,
0,
0,
0,
0,
0,
0,
0,
0,
0,
0,
0,
0,
0,
0,
0,
0,
0,
0,
0,
0,
0,
0,
0,
0,
0,
0,
0,
0,
0,
0,
0,
0,
0,
0,
0,
0,
0,
0,
0,
0,
0,
