2020
0,
0,
0,
0,
0,
0,
0,
0,
0,
0,
0,
0,
0,
0,
0,
0,
0,
0,
0,
0,
0,
0,
0,
0,
0,
0,
0,
0,
0,
0,
0,
0,
0,
0,
0,
0,
0,
0,
0,
0,
0,
0,
0,
0,
0,
0,
0,
0,
0,
0,
0,
0,
0,
0,
0,
0,
0,
0,
0,
0,
0,
0,
0,
0,
0,
0,
0,
0,
0,
0,
0,
0,
0,
0,
0,
0,
0,
0,
0,
0,
0,
0,
0,
0,
0,
0,
0,
0,
0,
0,
0,
0,
0,
0,
0,
0,
0,
0,
0,
0,
0,
0,
0,
0,
0,
0,
0,
0,
0,
0,
0,
0,
0,
0,
14759,
14823,
0,
0,
0,
0,
0,
0,
0,
0,
0,
0,
0,
0,
0,
0,
0,
0,
0,
0,
0,
0,
0,
0,
0,
0,
0,
0,
0,
0,
0,
12710,
38031,
33805,
12743,
0,
0,
0,
0,
0,
0,
0,
0,
0,
0,
0,
0,
0,
0,
0,
0,
0,
0,
0,
0,
0,
0,
0,
0,
12710,
12710,
14759,
12710,
35919,
38031,
21162,
23211,
14823,
0,
0,
0,
0,
0,
0,
0,
0,
0,
0,
0,
0,
0,
0,
0,
0,
0,
0,
0,
0,
0,
0,
14791,
29973,
46783,
29973,
23243,
38031,
23243,
23243,
38031,
38031,
14823,
0,
0,
0,
0,
0,
0,
0,
0,
0,
0,
0,
0,
0,
0,
0,
0,
0,
0,
0,
0,
12678,
29973,
21130,
21162,
46815,
27794,
21162,
38031,
33806,
33838,
23243,
12711,
0,
0,
0,
0,
0,
0,
0,
0,
0,
0,
0,
0,
0,
0,
0,
0,
0,
0,
0,
0,
12710,
23275,
65535,
50712,
23275,
44639,
23211,
38031,
35918,
23211,
14823,
0,
0,
0,
0,
0,
0,
0,
0,
0,
0,
0,
0,
0,
0,
0,
0,
0,
0,
12710,
14823,
0,
23275,
65535,
14823,
65535,
30005,
46783,
29973,
23243,
12710,
14823,
0,
0,
0,
0,
0,
0,
0,
0,
0,
0,
0,
0,
0,
0,
0,
0,
0,
0,
12678,
21130,
52825,
12710,
42526,
65535,
63454,
21130,
23243,
21130,
42527,
46783,
12711,
0,
0,
0,
0,
0,
0,
0,
0,
0,
0,
0,
0,
0,
0,
0,
0,
0,
0,
0,
14791,
50712,
52857,
35951,
44639,
23243,
23243,
44671,
46815,
44639,
23243,
46815,
44639,
14791,
0,
0,
0,
0,
0,
0,
0,
0,
0,
0,
0,
0,
0,
0,
0,
0,
0,
0,
14791,
50744,
14791,
35951,
23243,
52857,
52825,
23243,
29973,
29940,
29940,
23275,
44703,
46783,
14823,
0,
0,
0,
0,
0,
0,
0,
0,
0,
0,
0,
0,
0,
0,
0,
0,
0,
0,
12711,
0,
12710,
63454,
65535,
48599,
46550,
23275,
63454,
63454,
29973,
21130,
42527,
14823,
0,
0,
0,
0,
0,
0,
0,
0,
0,
0,
0,
0,
0,
0,
0,
0,
0,
0,
0,
0,
14791,
65535,
65535,
50744,
50712,
23243,
58024,
58057,
65535,
23211,
44703,
46783,
12743,
0,
0,
0,
0,
0,
0,
0,
0,
0,
0,
0,
0,
0,
0,
12710,
14759,
12710,
0,
14791,
52825,
50776,
52857,
52825,
52825,
52857,
23211,
60137,
65535,
29940,
23275,
46783,
14791,
0,
0,
0,
0,
0,
0,
0,
0,
0,
0,
0,
0,
0,
12710,
46344,
65510,
48424,
12678,
14759,
21162,
33806,
52857,
48599,
48599,
52857,
21130,
65503,
65535,
27762,
21162,
46783,
12711,
0,
0,
0,
0,
0,
0,
0,
0,
0,
0,
0,
0,
0,
14790,
65509,
65509,
65509,
50537,
54697,
65509,
23243,
52857,
52825,
52825,
52857,
23243,
65535,
29973,
44703,
23275,
46783,
14791,
0,
0,
0,
0,
0,
0,
0,
0,
0,
0,
0,
0,
0,
14791,
52585,
65510,
52617,
12710,
14791,
23243,
35951,
52857,
35951,
35951,
52857,
23243,
29973,
46815,
44703,
23275,
46783,
12710,
0,
0,
0,
0,
0,
0,
0,
0,
0,
0,
0,
0,
0,
0,
12678,
12710,
12743,
0,
0,
12710,
46550,
52857,
33806,
46550,
23243,
42526,
42527,
46783,
21130,
42559,
29973,
12678,
12678,
14823,
0,
0,
0,
0,
0,
0,
0,
0,
0,
0,
0,
0,
0,
0,
0,
0,
0,
14791,
35951,
52857,
52825,
35951,
23243,
44703,
44735,
46815,
29940,
46783,
23275,
35919,
35951,
23243,
12710,
14823,
0,
0,
0,
0,
0,
0,
0,
0,
0,
0,
0,
0,
0,
0,
0,
0,
14759,
52857,
50744,
23243,
46815,
27860,
21162,
23275,
44671,
44703,
23275,
35918,
35951,
38031,
35918,
35951,
14823,
0,
0,
0,
0,
0,
0,
0,
0,
0,
0,
0,
0,
0,
0,
0,
0,
14791,
21162,
42526,
23243,
48599,
63454,
23275,
27795,
42559,
29973,
21130,
21162,
23243,
33805,
35918,
14823,
0,
0,
0,
0,
0,
0,
0,
0,
0,
0,
0,
0,
0,
0,
0,
0,
0,
14759,
23243,
46815,
65535,
12710,
65535,
23243,
46783,
29973,
21162,
35951,
23243,
21162,
14823,
0,
0,
0,
0,
0,
0,
0,
0,
0,
0,
0,
0,
0,
0,
0,
0,
0,
14759,
12710,
23243,
46815,
50712,
65535,
52857,
23211,
44703,
29973,
21162,
35951,
38031,
33838,
14823,
0,
0,
0,
0,
0,
0,
0,
0,
0,
0,
0,
0,
0,
0,
0,
0,
12710,
52857,
33806,
33806,
23275,
42526,
27795,
29973,
21130,
42559,
23243,
12678,
12678,
23243,
33805,
14791,
0,
0,
0,
0,
0,
0,
0,
0,
0,
0,
0,
0,
0,
0,
0,
0,
14791,
52857,
52857,
23243,
14759,
29973,
29973,
23275,
46783,
29973,
14823,
0,
0,
14759,
14823,
0,
0,
0,
0,
0,
0,
0,
0,
0,
0,
0,
0,
0,
0,
0,
0,
0,
12710,
23275,
50744,
14791,
0,
12710,
12710,
29973,
27860,
14791,
0,
0,
0,
0,
0,
0,
0,
0,
0,
0,
0,
0,
0,
0,
0,
0,
0,
0,
0,
0,
0,
0,
0,
14759,
12711,
0,
0,
0,
12678,
14759,
12711,
0,
0,
0,
0,
0,
0,
0,
0,
0,
0,
0,
0,
0,
0,
0,
0,
0,
0,
0,
0,
0,
0,
0,
0,
0,
0,
0,
0,
0,
0,
0,
0,
0,
0,
0,
0,
0,
0,
0,
0,
0,
0,
0,
0,
0,
0,
0,
0,
0,
0,
0,
0,
0,
0,
0,
0,
0,
0,
0,
0,
0,
0,
0,
0,
0,
0,
0,
0,
0,
0,
0,
0,
0,
0,
0,
0,
0,
0,
0,
0,
0,
0,
0,
0,
0,
0,
0,
0,
0,
0,
0,
0,
0,
0,
0,
0,
0,
0,
0,
0,
0,
0,
0,
0,
0,
0,
0,
0,
