2020
0,
0,
0,
0,
0,
0,
0,
0,
0,
0,
0,
0,
0,
0,
0,
0,
0,
0,
0,
0,
0,
0,
0,
0,
0,
0,
0,
0,
0,
0,
0,
0,
0,
0,
0,
0,
0,
0,
0,
0,
0,
0,
0,
0,
0,
0,
0,
0,
0,
0,
0,
0,
0,
0,
0,
0,
0,
0,
0,
0,
0,
0,
0,
0,
0,
0,
0,
0,
0,
0,
14791,
0,
14823,
0,
0,
0,
0,
0,
0,
0,
0,
0,
0,
0,
0,
0,
0,
0,
0,
0,
0,
0,
0,
0,
0,
0,
0,
0,
0,
0,
0,
14758,
60236,
12678,
37352,
12710,
0,
0,
0,
0,
0,
0,
0,
0,
0,
0,
0,
0,
0,
0,
0,
0,
0,
0,
0,
0,
0,
0,
0,
0,
0,
0,
14758,
64429,
64397,
37351,
37352,
14791,
0,
0,
12710,
12710,
14823,
0,
0,
0,
0,
0,
0,
0,
0,
0,
0,
0,
0,
0,
0,
0,
0,
0,
0,
0,
0,
0,
14758,
64429,
64397,
51881,
37352,
12710,
12710,
14759,
49875,
50545,
52625,
12710,
12710,
14823,
0,
0,
0,
0,
0,
0,
0,
0,
0,
0,
0,
0,
0,
0,
0,
0,
0,
0,
0,
14758,
60236,
60204,
37352,
35271,
21130,
52625,
46319,
46352,
52625,
46319,
41485,
51923,
12678,
0,
0,
0,
0,
0,
0,
0,
0,
0,
0,
0,
0,
0,
0,
0,
0,
0,
0,
14759,
64397,
64397,
37352,
37352,
23211,
23243,
23243,
50513,
23243,
23211,
51923,
51923,
49843,
14791,
0,
0,
12710,
14823,
0,
0,
0,
0,
0,
0,
0,
0,
0,
0,
0,
0,
0,
14759,
64365,
64364,
53962,
37351,
23211,
61176,
48432,
23210,
52625,
48432,
21162,
23243,
47794,
14791,
0,
12710,
52593,
52625,
12711,
0,
0,
0,
0,
0,
0,
0,
0,
0,
0,
0,
0,
0,
12678,
60204,
64429,
35271,
35271,
23243,
54837,
54837,
61144,
35758,
48400,
37384,
21130,
54167,
14759,
45681,
47794,
50545,
46319,
12743,
0,
0,
0,
0,
0,
0,
0,
0,
0,
0,
0,
0,
12710,
64397,
64429,
37351,
37351,
23243,
59063,
59095,
61176,
59063,
37352,
64429,
51881,
23243,
60410,
37903,
52625,
52625,
48465,
14823,
0,
0,
0,
0,
0,
0,
0,
0,
0,
0,
0,
0,
12710,
64364,
64429,
51881,
37351,
23243,
59030,
59031,
61176,
56950,
37351,
53962,
49833,
23243,
61176,
56950,
37903,
37935,
48432,
14791,
0,
0,
0,
0,
0,
0,
0,
0,
0,
0,
0,
0,
0,
12678,
64429,
60236,
35271,
37384,
21130,
54837,
61144,
35758,
48400,
37384,
21130,
35822,
61143,
54167,
56982,
50545,
46319,
12743,
0,
0,
0,
0,
0,
0,
0,
0,
0,
0,
0,
0,
0,
14758,
64429,
64397,
37351,
37352,
23243,
61176,
61176,
61143,
40015,
65535,
50545,
39983,
60410,
60410,
61176,
52625,
52593,
61143,
14823,
0,
0,
0,
0,
0,
0,
0,
0,
0,
0,
0,
0,
14758,
64429,
64365,
51881,
37352,
23210,
59031,
61176,
35822,
12710,
65535,
48432,
37903,
60410,
56950,
61143,
37935,
47794,
61143,
14791,
0,
0,
0,
0,
0,
0,
0,
0,
0,
0,
0,
0,
0,
14759,
60236,
60236,
37352,
35271,
21130,
61144,
35790,
65503,
65535,
21130,
21130,
23243,
54837,
37870,
60377,
45713,
48464,
35822,
12710,
0,
0,
0,
0,
0,
0,
0,
0,
0,
0,
0,
0,
14759,
64397,
64397,
37352,
37351,
23243,
61176,
61143,
61144,
23243,
23243,
60410,
60410,
23243,
37935,
51923,
50545,
37935,
52625,
14791,
0,
0,
0,
0,
0,
0,
0,
0,
0,
0,
0,
0,
14759,
62316,
62284,
53962,
35271,
21162,
61176,
56950,
59030,
23243,
56216,
58297,
60410,
54167,
21162,
14791,
46352,
37903,
23211,
12711,
0,
0,
0,
0,
0,
0,
0,
0,
0,
0,
0,
0,
0,
12678,
60236,
64429,
35271,
35271,
23243,
54837,
21162,
61176,
54837,
47794,
60377,
54135,
12743,
0,
12678,
12678,
14791,
0,
0,
0,
0,
0,
0,
0,
0,
0,
0,
0,
0,
0,
0,
14758,
64397,
64429,
37351,
37352,
23243,
23243,
61176,
61176,
61143,
61144,
51924,
58329,
14823,
0,
0,
0,
0,
0,
0,
0,
0,
0,
0,
0,
0,
0,
0,
0,
0,
0,
0,
12710,
62284,
64429,
49801,
35303,
23243,
56950,
59031,
61176,
56216,
59031,
51923,
12711,
0,
0,
0,
0,
0,
0,
0,
0,
0,
0,
0,
0,
0,
0,
0,
0,
0,
0,
0,
0,
12678,
64429,
60204,
35271,
37384,
21130,
56918,
60410,
54135,
12678,
14791,
0,
0,
0,
0,
0,
0,
0,
0,
0,
0,
0,
0,
0,
0,
0,
0,
0,
0,
0,
0,
0,
14759,
64429,
64429,
37352,
37384,
23243,
12710,
12710,
14823,
0,
0,
0,
0,
0,
0,
0,
0,
0,
0,
0,
0,
0,
0,
0,
0,
0,
0,
0,
0,
0,
0,
0,
12678,
64429,
62284,
49833,
37352,
12711,
0,
0,
0,
0,
0,
0,
0,
0,
0,
0,
0,
0,
0,
0,
0,
0,
0,
0,
0,
0,
0,
0,
0,
0,
0,
0,
0,
14759,
60236,
60236,
37384,
21130,
12711,
0,
0,
0,
0,
0,
0,
0,
0,
0,
0,
0,
0,
0,
0,
0,
0,
0,
0,
0,
0,
0,
0,
0,
0,
0,
0,
12710,
64429,
64429,
37384,
23243,
14823,
0,
0,
0,
0,
0,
0,
0,
0,
0,
0,
0,
0,
0,
0,
0,
0,
0,
0,
0,
0,
0,
0,
0,
0,
0,
0,
14759,
62284,
35303,
23243,
35271,
12743,
0,
0,
0,
0,
0,
0,
0,
0,
0,
0,
0,
0,
0,
0,
0,
0,
0,
0,
0,
0,
0,
0,
0,
0,
0,
0,
0,
12678,
35271,
23243,
12710,
0,
0,
0,
0,
0,
0,
0,
0,
0,
0,
0,
0,
0,
0,
0,
0,
0,
0,
0,
0,
0,
0,
0,
0,
0,
0,
0,
0,
0,
12710,
14823,
0,
0,
0,
0,
0,
0,
0,
0,
0,
0,
0,
0,
0,
0,
0,
0,
0,
0,
0,
0,
0,
0,
0,
0,
0,
0,
0,
0,
0,
0,
0,
0,
0,
0,
0,
0,
0,
0,
0,
0,
0,
0,
0,
0,
0,
0,
0,
0,
0,
0,
0,
0,
0,
0,
0,
0,
0,
0,
0,
0,
0,
0,
0,
0,
0,
0,
0,
0,
0,
0,
0,
0,
0,
0,
0,
0,
0,
0,
0,
0,
0,
0,
0,
0,
0,
0,
0,
0,
0,
0,
0,
0,
0,
0,
0,
0,
0,
0,
0,
0,
0,
0,
0,
0,
0,
0,
0,
0,
0,
0,
0,
0,
0,
