2020
0,
0,
0,
0,
0,
0,
0,
0,
0,
0,
0,
0,
0,
0,
0,
0,
0,
0,
0,
0,
0,
0,
0,
0,
0,
0,
0,
0,
0,
0,
0,
0,
0,
0,
0,
0,
0,
0,
0,
0,
0,
0,
0,
0,
0,
0,
0,
0,
0,
0,
0,
0,
12711,
12711,
12711,
0,
0,
0,
0,
0,
0,
0,
0,
0,
0,
0,
0,
0,
0,
0,
0,
0,
0,
0,
0,
0,
0,
0,
0,
0,
0,
0,
12711,
12711,
14929,
48599,
65503,
12711,
0,
0,
0,
0,
0,
0,
0,
0,
0,
0,
0,
0,
0,
0,
0,
0,
0,
0,
0,
0,
0,
0,
0,
0,
0,
12711,
48599,
65503,
45447,
62123,
12710,
0,
0,
0,
0,
0,
0,
0,
0,
0,
0,
0,
0,
0,
0,
0,
0,
0,
0,
0,
0,
0,
0,
0,
0,
12711,
12711,
21130,
21303,
14961,
62091,
65481,
60800,
12711,
0,
0,
0,
0,
0,
0,
0,
0,
0,
0,
0,
0,
0,
0,
0,
0,
0,
0,
0,
0,
12711,
12711,
12711,
62091,
65503,
65503,
21130,
21271,
45447,
62123,
62123,
12678,
0,
0,
0,
0,
0,
0,
0,
0,
0,
0,
0,
0,
0,
0,
0,
0,
0,
0,
12711,
12711,
31839,
31839,
21271,
62091,
62123,
21162,
21271,
14929,
48599,
65503,
14929,
12678,
0,
0,
0,
0,
0,
0,
0,
0,
0,
0,
0,
0,
0,
0,
0,
0,
0,
12711,
21271,
31839,
31871,
21271,
21271,
21271,
62091,
62091,
21130,
21271,
14961,
14961,
12678,
0,
0,
0,
0,
0,
0,
0,
0,
0,
0,
0,
0,
0,
0,
0,
0,
0,
12711,
21271,
21271,
21271,
21271,
21271,
21271,
21271,
62091,
65503,
65503,
21130,
21271,
12678,
0,
0,
0,
0,
0,
0,
0,
0,
0,
0,
0,
0,
0,
0,
0,
0,
0,
12711,
14929,
21271,
21271,
21271,
21271,
65481,
65481,
65481,
62091,
62123,
21162,
12678,
12678,
0,
0,
0,
0,
0,
0,
0,
0,
0,
0,
0,
0,
0,
0,
0,
0,
0,
0,
12678,
21271,
21271,
21271,
21271,
65481,
12710,
62123,
65513,
45447,
62091,
45447,
12678,
0,
0,
0,
0,
0,
0,
0,
0,
0,
0,
0,
0,
0,
0,
0,
0,
0,
0,
12711,
14929,
21271,
21271,
21271,
21271,
65513,
62091,
62091,
60832,
45447,
65503,
65503,
12678,
0,
0,
0,
0,
0,
0,
0,
0,
0,
0,
0,
0,
0,
0,
0,
0,
0,
0,
12678,
14929,
21271,
21271,
21271,
65481,
60832,
65481,
60800,
21303,
62091,
62123,
45479,
12678,
12711,
12711,
0,
0,
0,
0,
0,
0,
0,
0,
0,
0,
0,
0,
0,
0,
0,
12711,
21271,
14929,
21271,
21271,
21271,
21303,
21303,
21303,
21303,
45447,
62091,
21130,
21130,
65488,
65488,
65488,
12711,
0,
0,
0,
0,
0,
0,
0,
0,
0,
0,
0,
0,
0,
0,
12678,
21271,
14929,
21271,
21271,
65481,
21271,
21271,
21271,
21130,
21130,
21130,
65488,
65488,
65520,
65520,
65520,
65488,
12711,
0,
0,
0,
0,
0,
0,
0,
0,
0,
0,
0,
0,
0,
12678,
21271,
50508,
14929,
21271,
21303,
21271,
21271,
21271,
21130,
50508,
65488,
50540,
14961,
14961,
14961,
65520,
65520,
50508,
12711,
0,
0,
0,
0,
0,
0,
0,
0,
0,
0,
0,
0,
12678,
21271,
50540,
14929,
21271,
21271,
60800,
21271,
21271,
21271,
14961,
14961,
14961,
21271,
21271,
14929,
14961,
65520,
65520,
12678,
0,
0,
0,
0,
0,
0,
0,
0,
0,
0,
0,
0,
12678,
21271,
65520,
50508,
14929,
21271,
21303,
21271,
21271,
21271,
21271,
21130,
21130,
21271,
21271,
21271,
14929,
50540,
65520,
12678,
0,
0,
0,
0,
0,
0,
0,
0,
0,
0,
0,
0,
12678,
21271,
65520,
65520,
14929,
21271,
21271,
21271,
21271,
21271,
21271,
31839,
31839,
21130,
21271,
21271,
21271,
14961,
50540,
12678,
0,
0,
0,
0,
0,
0,
0,
0,
0,
0,
0,
0,
0,
12678,
50540,
65520,
65488,
14929,
21271,
21271,
21271,
21271,
12678,
12678,
31871,
31839,
21130,
21271,
21271,
14929,
21162,
50508,
12711,
0,
0,
0,
0,
0,
0,
0,
0,
0,
0,
0,
0,
12678,
21303,
50540,
50540,
65488,
14929,
12678,
12678,
12678,
0,
0,
12678,
31871,
31839,
21130,
21130,
14929,
21130,
50540,
12678,
0,
0,
0,
0,
0,
0,
0,
0,
0,
0,
0,
0,
12678,
21271,
50540,
65520,
65520,
12678,
0,
0,
0,
0,
0,
12678,
21130,
31871,
31839,
31839,
21130,
65503,
21162,
12678,
0,
0,
0,
0,
0,
0,
0,
0,
0,
0,
0,
0,
0,
12678,
21303,
65520,
65520,
12678,
0,
0,
0,
0,
0,
12678,
65488,
21130,
31871,
31871,
65503,
48631,
12678,
0,
0,
0,
0,
0,
0,
0,
0,
0,
0,
0,
0,
0,
0,
12678,
21271,
50540,
50540,
65488,
12711,
0,
0,
0,
12711,
50508,
65520,
21130,
65513,
31871,
31871,
21303,
12678,
0,
0,
0,
0,
0,
0,
0,
0,
0,
0,
0,
0,
0,
0,
12678,
21271,
50540,
65520,
65520,
12678,
0,
0,
0,
12678,
65520,
50540,
21130,
31871,
65513,
65513,
31839,
48599,
12711,
0,
0,
0,
0,
0,
0,
0,
0,
0,
0,
0,
0,
0,
12678,
21271,
21303,
65520,
12710,
0,
0,
0,
12711,
50508,
50540,
21303,
21271,
21130,
65513,
65513,
31871,
65535,
65503,
12711,
0,
0,
0,
0,
0,
0,
0,
0,
0,
0,
0,
0,
0,
12678,
21271,
65520,
12678,
0,
0,
0,
12678,
65520,
21303,
21271,
14929,
12678,
12710,
21303,
65535,
12710,
12710,
0,
0,
0,
0,
0,
0,
0,
0,
0,
0,
0,
0,
0,
0,
12678,
21271,
12710,
0,
0,
0,
12711,
65488,
21303,
21271,
12678,
12678,
0,
0,
12678,
12710,
12678,
0,
0,
0,
0,
0,
0,
0,
0,
0,
0,
0,
0,
0,
0,
12711,
21271,
12678,
0,
0,
0,
12711,
21271,
21303,
12678,
12678,
0,
0,
0,
0,
0,
0,
0,
0,
0,
0,
0,
0,
0,
0,
0,
0,
0,
0,
0,
0,
12711,
31839,
21271,
12678,
0,
0,
0,
12678,
12678,
12678,
0,
0,
0,
0,
0,
0,
0,
0,
0,
0,
0,
0,
0,
0,
0,
0,
0,
0,
0,
0,
0,
0,
12678,
12678,
12678,
0,
0,
0,
0,
0,
0,
0,
0,
0,
0,
0,
0,
0,
0,
0,
0,
0,
0,
0,
0,
0,
0,
0,
0,
0,
0,
0,
0,
0,
0,
0,
0,
0,
0,
0,
0,
0,
0,
0,
0,
0,
0,
0,
0,
0,
0,
0,
0,
0,
0,
0,
0,
0,
0,
0,
