2020
0,
0,
0,
0,
0,
0,
0,
0,
0,
0,
0,
0,
0,
0,
0,
0,
0,
0,
0,
0,
0,
0,
0,
0,
0,
0,
0,
0,
0,
0,
0,
0,
0,
0,
0,
0,
0,
0,
0,
0,
0,
0,
0,
0,
0,
0,
0,
0,
0,
0,
0,
0,
0,
0,
0,
0,
0,
0,
0,
0,
0,
0,
0,
0,
0,
0,
0,
0,
0,
0,
0,
0,
0,
0,
0,
0,
0,
0,
0,
0,
0,
0,
14823,
0,
0,
0,
0,
0,
0,
0,
0,
0,
0,
0,
0,
0,
0,
0,
0,
0,
0,
0,
0,
0,
0,
0,
0,
0,
0,
0,
0,
0,
0,
14791,
40147,
14823,
0,
0,
0,
0,
0,
0,
0,
0,
0,
0,
0,
0,
0,
0,
0,
0,
0,
0,
0,
0,
0,
0,
0,
0,
0,
0,
14791,
14791,
0,
12710,
40179,
40147,
14823,
0,
0,
0,
0,
0,
0,
0,
0,
0,
0,
0,
0,
0,
0,
0,
0,
0,
0,
0,
0,
0,
0,
0,
0,
14791,
50712,
50712,
12678,
12678,
40147,
21162,
21130,
14791,
14791,
0,
0,
0,
0,
0,
0,
0,
0,
0,
0,
0,
0,
0,
0,
0,
0,
0,
0,
14791,
14791,
14823,
0,
12678,
19559,
50744,
48663,
21130,
21162,
19527,
25931,
21130,
21130,
14791,
0,
0,
0,
0,
0,
0,
0,
0,
0,
0,
0,
0,
0,
0,
0,
0,
0,
12678,
50712,
50712,
12678,
19527,
19527,
40179,
50744,
21130,
25931,
19559,
25931,
21130,
21130,
21130,
14791,
0,
0,
0,
0,
0,
0,
0,
0,
0,
0,
0,
0,
0,
0,
0,
0,
0,
12710,
40179,
40147,
15207,
50744,
50744,
50744,
50712,
21162,
19559,
25931,
19527,
21130,
14791,
0,
0,
0,
0,
0,
0,
0,
0,
0,
0,
0,
0,
0,
0,
0,
0,
14791,
14791,
21130,
21162,
21162,
50744,
50744,
50744,
50744,
50744,
21162,
25931,
19559,
65502,
48266,
19527,
14791,
0,
0,
0,
0,
0,
0,
0,
0,
0,
0,
0,
0,
0,
14791,
14791,
40147,
19527,
19527,
19527,
15207,
50744,
50744,
50744,
15207,
50744,
21162,
25963,
55877,
14758,
48298,
48266,
12678,
0,
0,
0,
0,
0,
0,
0,
0,
0,
0,
0,
0,
14791,
50712,
50712,
50744,
50744,
19559,
15207,
15207,
50744,
50744,
50744,
15207,
50744,
21130,
19559,
65503,
65502,
48266,
19559,
12678,
0,
0,
0,
0,
0,
0,
0,
0,
0,
0,
0,
0,
0,
12710,
12710,
21162,
21162,
19559,
15175,
25963,
15175,
50712,
15207,
19559,
50744,
48664,
21130,
25963,
21130,
19527,
14790,
0,
0,
0,
0,
0,
0,
0,
0,
0,
0,
0,
0,
0,
0,
0,
12678,
15175,
21130,
21130,
25931,
25931,
25931,
15175,
25931,
19559,
50744,
50744,
21130,
21162,
48664,
21130,
14791,
0,
0,
0,
0,
0,
0,
0,
0,
0,
0,
0,
0,
0,
0,
12742,
15175,
15175,
19527,
19527,
21162,
25963,
25931,
25931,
25963,
19559,
50744,
50744,
21130,
50712,
50744,
40147,
12678,
14791,
0,
0,
0,
0,
0,
0,
0,
0,
0,
0,
0,
0,
12742,
15175,
15175,
19527,
19559,
15175,
19527,
21162,
39816,
25963,
25963,
19559,
50744,
50744,
21130,
50744,
50744,
40179,
21130,
50712,
14791,
0,
0,
0,
0,
0,
0,
0,
0,
0,
0,
0,
12678,
19527,
19527,
19559,
19559,
19527,
19559,
21130,
48266,
39848,
25963,
19559,
50744,
50744,
21130,
21130,
50744,
21162,
48298,
39816,
12678,
0,
0,
0,
0,
0,
0,
0,
0,
0,
0,
14790,
19527,
15175,
19559,
19559,
19559,
19559,
15175,
21130,
48298,
39816,
25963,
19559,
50744,
21162,
25931,
21162,
50744,
21130,
39848,
65503,
65503,
14791,
0,
0,
0,
0,
0,
0,
0,
0,
0,
12710,
19559,
19527,
19559,
19559,
19559,
15175,
15175,
15175,
21162,
48266,
19559,
50744,
50744,
21130,
19559,
46218,
21162,
48266,
39816,
39849,
65535,
12678,
0,
0,
0,
0,
0,
0,
0,
0,
0,
0,
12678,
19559,
19559,
19559,
15175,
19527,
15175,
15175,
21130,
48298,
19559,
50744,
50744,
21162,
25931,
48298,
48266,
48298,
48266,
39816,
39848,
12678,
0,
0,
0,
0,
0,
0,
0,
0,
0,
0,
12678,
15175,
19559,
19559,
15175,
19559,
19527,
15175,
21130,
19559,
50744,
50744,
21162,
25931,
25963,
21162,
21162,
48298,
39816,
65503,
12678,
0,
0,
0,
0,
0,
0,
0,
0,
0,
0,
0,
12678,
19527,
19559,
15175,
19527,
19559,
19559,
19527,
15175,
21130,
40179,
50744,
21130,
19559,
19559,
31495,
39816,
12678,
12678,
12678,
0,
0,
0,
0,
0,
0,
0,
0,
0,
0,
0,
0,
0,
12678,
19559,
15175,
19559,
19559,
19559,
15175,
15175,
21130,
40179,
21162,
25931,
25931,
21130,
21130,
12678,
0,
0,
0,
0,
0,
0,
0,
0,
0,
0,
0,
0,
0,
0,
0,
0,
0,
12678,
15175,
15175,
19559,
19559,
19527,
21130,
40147,
21162,
25931,
21162,
21162,
39816,
31495,
31495,
14823,
0,
0,
0,
0,
0,
0,
0,
0,
0,
0,
0,
0,
0,
0,
0,
0,
0,
12678,
21130,
19559,
19559,
21130,
40147,
21162,
25931,
21162,
39816,
39816,
31495,
50744,
50744,
12678,
0,
0,
0,
0,
0,
0,
0,
0,
0,
0,
0,
0,
0,
0,
0,
0,
0,
12678,
25931,
21130,
21130,
21130,
21162,
25931,
21162,
39816,
39816,
39816,
39816,
31527,
31527,
12678,
0,
0,
0,
0,
0,
0,
0,
0,
0,
0,
0,
0,
0,
0,
0,
0,
14791,
19527,
25963,
25931,
19527,
25931,
39816,
39816,
21130,
12678,
39816,
39816,
31495,
50712,
12678,
0,
0,
0,
0,
0,
0,
0,
0,
0,
0,
0,
0,
0,
0,
0,
0,
14791,
25931,
25931,
19559,
25963,
39816,
39816,
39816,
12678,
12678,
0,
12678,
12678,
12678,
12710,
0,
0,
0,
0,
0,
0,
0,
0,
0,
0,
0,
0,
0,
0,
0,
0,
0,
0,
12678,
12678,
39816,
39816,
39816,
12678,
12678,
0,
0,
0,
0,
0,
0,
0,
0,
0,
0,
0,
0,
0,
0,
0,
0,
0,
0,
0,
0,
0,
0,
0,
0,
0,
0,
0,
12678,
12678,
12678,
0,
0,
0,
0,
0,
0,
0,
0,
0,
0,
0,
0,
0,
0,
0,
0,
0,
0,
0,
0,
0,
0,
0,
0,
0,
0,
0,
0,
0,
0,
0,
0,
0,
0,
0,
0,
0,
0,
0,
0,
0,
0,
0,
0,
0,
0,
0,
0,
0,
0,
0,
0,
0,
0,
0,
0,
0,
0,
0,
0,
0,
0,
0,
0,
0,
0,
0,
0,
0,
0,
0,
0,
0,
0,
0,
0,
0,
0,
0,
0,
0,
0,
0,
0,
