1818
0,
0,
0,
0,
0,
0,
0,
0,
0,
0,
0,
0,
0,
0,
0,
0,
0,
0,
0,
0,
12678,
14791,
0,
0,
0,
0,
0,
0,
0,
0,
0,
0,
0,
0,
0,
0,
0,
0,
0,
0,
0,
0,
0,
0,
0,
0,
0,
0,
0,
0,
0,
14790,
64773,
64774,
14791,
0,
0,
0,
0,
0,
0,
0,
0,
0,
0,
0,
0,
0,
0,
0,
0,
0,
0,
0,
0,
0,
0,
0,
0,
0,
12678,
12710,
14791,
62597,
64709,
64774,
54024,
14791,
0,
0,
0,
0,
0,
0,
0,
0,
0,
0,
0,
0,
0,
0,
0,
0,
0,
0,
0,
0,
0,
0,
12678,
14791,
60549,
62629,
58217,
60517,
62597,
49735,
60517,
14791,
0,
0,
0,
0,
0,
0,
0,
0,
0,
0,
0,
0,
0,
0,
0,
0,
0,
0,
0,
0,
14759,
14791,
64773,
64773,
64773,
64773,
64774,
58217,
64773,
64774,
58185,
14823,
0,
0,
0,
0,
0,
0,
0,
0,
0,
0,
0,
0,
0,
0,
0,
0,
0,
0,
12678,
14758,
64773,
62629,
64677,
64773,
62629,
64709,
49736,
54056,
64709,
64774,
12711,
0,
0,
0,
0,
0,
0,
0,
0,
0,
0,
0,
0,
0,
0,
0,
0,
0,
0,
14791,
62629,
62597,
58217,
12678,
21162,
64773,
62597,
54056,
64774,
12678,
62629,
58185,
12711,
0,
0,
0,
0,
0,
0,
0,
0,
0,
0,
0,
0,
0,
0,
0,
0,
0,
0,
0,
14759,
14759,
14823,
0,
14791,
60265,
64773,
64774,
14791,
15276,
58217,
14823,
0,
0,
0,
0,
0,
0,
0,
0,
0,
0,
0,
0,
0,
0,
0,
0,
0,
0,
0,
0,
0,
0,
0,
0,
14758,
64773,
62629,
65535,
65535,
54024,
56105,
23243,
12711,
0,
0,
0,
0,
0,
0,
0,
0,
0,
0,
0,
0,
0,
0,
0,
0,
0,
0,
0,
0,
0,
14759,
12678,
62597,
64773,
62597,
54056,
58217,
51976,
21162,
49736,
46518,
14791,
0,
0,
0,
0,
0,
0,
0,
0,
0,
0,
0,
0,
0,
0,
0,
0,
0,
0,
0,
14791,
60265,
64773,
64774,
23243,
58217,
58217,
23243,
23243,
49736,
49736,
49736,
14823,
0,
0,
0,
0,
0,
0,
0,
0,
0,
0,
0,
0,
0,
0,
0,
0,
0,
0,
12710,
62629,
64774,
12678,
12678,
14791,
54024,
54056,
23243,
43527,
12678,
14791,
46518,
14791,
0,
0,
0,
0,
0,
0,
0,
0,
0,
0,
0,
0,
0,
0,
0,
0,
0,
14791,
45607,
21130,
14823,
0,
0,
14791,
54024,
54056,
58217,
12711,
0,
0,
12678,
14791,
0,
0,
0,
0,
0,
0,
0,
0,
0,
0,
0,
0,
0,
0,
0,
0,
0,
14791,
49736,
49736,
14823,
0,
0,
0,
14791,
58217,
58217,
58217,
14759,
14791,
58217,
58217,
14823,
0,
0,
0,
0,
0,
0,
0,
0,
0,
0,
0,
0,
0,
0,
0,
0,
14791,
45575,
45575,
49736,
12711,
0,
0,
12678,
54056,
58217,
61070,
65230,
58893,
21130,
56136,
58185,
12711,
0,
0,
0,
0,
0,
0,
0,
0,
0,
0,
0,
0,
0,
0,
0,
0,
12678,
45607,
49736,
45575,
12678,
14791,
62629,
64709,
64774,
63118,
65262,
65327,
54668,
56137,
58185,
12711,
0,
0,
0,
0,
0,
0,
0,
0,
0,
0,
0,
0,
0,
0,
0,
0,
14791,
49736,
49736,
49736,
49736,
23275,
64773,
64773,
23243,
65359,
65359,
65359,
65327,
23243,
58217,
14823,
0,
0,
0,
0,
0,
0,
0,
0,
0,
0,
0,
0,
0,
0,
0,
14759,
62629,
21130,
49736,
45575,
21162,
64773,
62597,
64677,
64774,
21162,
65230,
65295,
21162,
65535,
23243,
12711,
0,
0,
0,
0,
0,
0,
0,
0,
0,
0,
0,
0,
0,
0,
0,
14791,
64677,
62629,
23243,
21130,
62629,
64774,
21162,
64709,
64773,
21130,
65230,
23243,
21162,
64709,
23243,
52588,
14791,
0,
0,
0,
0,
0,
0,
0,
0,
0,
0,
0,
0,
0,
0,
0,
14759,
64773,
64773,
64773,
23243,
23243,
58217,
64773,
64773,
64774,
23243,
23275,
64773,
64806,
65535,
23243,
14823,
0,
0,
0,
0,
0,
0,
0,
0,
0,
0,
0,
0,
0,
0,
0,
12678,
62597,
64774,
21130,
13131,
15276,
21130,
54056,
23243,
60517,
62629,
64741,
60517,
21162,
23243,
51944,
56104,
14791,
0,
0,
0,
0,
0,
0,
0,
0,
0,
0,
0,
0,
0,
0,
0,
14758,
64774,
54056,
13163,
15276,
19502,
23210,
58217,
21162,
64709,
23243,
21162,
64741,
64773,
62597,
58217,
65535,
12711,
0,
0,
0,
0,
0,
0,
0,
0,
0,
0,
0,
0,
0,
0,
14791,
64773,
64774,
58217,
15276,
21615,
23243,
58217,
58185,
23243,
23275,
64773,
64773,
64773,
64741,
58217,
58217,
14791,
0,
0,
0,
0,
0,
0,
0,
0,
12678,
12710,
12678,
12711,
0,
0,
0,
14791,
60549,
54024,
58217,
13131,
19502,
23243,
51976,
54056,
58185,
51976,
64709,
64741,
51944,
56137,
50712,
12711,
0,
0,
0,
0,
0,
0,
14759,
14758,
64199,
64264,
64231,
64199,
14759,
12678,
0,
14791,
62629,
62629,
58217,
13163,
19534,
21615,
12678,
56104,
58185,
54024,
56137,
58185,
54024,
56137,
14791,
0,
0,
0,
0,
0,
0,
14759,
64264,
64264,
64263,
64805,
65477,
65445,
64774,
64264,
14823,
0,
14790,
64774,
58217,
58217,
15276,
14823,
0,
14791,
23243,
58185,
58217,
58217,
12710,
14823,
0,
0,
0,
0,
0,
0,
0,
12678,
12710,
14726,
62151,
64263,
64199,
63205,
65477,
65285,
62597,
14759,
21130,
21130,
64774,
51976,
54056,
14823,
0,
12678,
58185,
21130,
21162,
14791,
0,
0,
0,
0,
0,
0,
0,
0,
0,
0,
0,
0,
14758,
64264,
64231,
64231,
65477,
65381,
65381,
64774,
56104,
56105,
23243,
56104,
56137,
58217,
12678,
56137,
58217,
54056,
58185,
14823,
0,
0,
0,
0,
0,
0,
0,
0,
0,
0,
0,
0,
0,
14759,
14791,
64263,
64296,
64773,
14759,
14759,
58185,
58185,
58217,
23243,
23243,
58217,
58185,
23243,
58217,
58185,
58217,
14823,
0,
0,
0,
0,
0,
0,
0,
0,
0,
0,
0,
0,
0,
0,
0,
12678,
14759,
12711,
0,
0,
12678,
12678,
58185,
51976,
54024,
23243,
21130,
21162,
58185,
51944,
14791,
0,
0,
0,
0,
0,
0,
0,
0,
0,
0,
0,
0,
0,
0,
0,
0,
0,
0,
0,
0,
0,
0,
0,
14759,
14758,
56137,
58217,
54056,
56137,
14759,
12743,
0,
0,
0,
0,
0,
0,
0,
0,
0,
0,
0,
0,
0,
0,
0,
0,
0,
0,
0,
0,
0,
0,
0,
0,
0,
0,
14759,
14759,
14759,
14759,
0,
0,
0,
0,
0,
0,
0,
0,
0,
0,
0,
