1818
0,
0,
0,
0,
0,
0,
0,
0,
0,
0,
0,
0,
0,
0,
0,
0,
0,
0,
0,
0,
0,
0,
0,
0,
0,
0,
0,
0,
0,
0,
0,
0,
0,
0,
0,
0,
0,
0,
0,
0,
0,
0,
0,
0,
0,
0,
0,
0,
0,
0,
0,
0,
0,
0,
0,
0,
0,
0,
0,
0,
0,
0,
0,
0,
0,
0,
0,
0,
0,
0,
0,
0,
0,
0,
0,
0,
0,
0,
0,
0,
0,
0,
0,
0,
0,
0,
0,
0,
0,
0,
0,
0,
0,
0,
0,
0,
0,
0,
0,
0,
0,
0,
0,
0,
0,
0,
0,
0,
0,
0,
0,
0,
12678,
14791,
0,
0,
0,
0,
0,
0,
0,
0,
0,
0,
0,
0,
0,
0,
0,
0,
0,
0,
0,
0,
0,
0,
0,
0,
0,
0,
0,
0,
12710,
14791,
23606,
50743,
14759,
0,
0,
0,
0,
0,
0,
0,
0,
0,
0,
0,
0,
0,
0,
0,
0,
0,
0,
0,
0,
0,
0,
0,
0,
0,
0,
12678,
21461,
23607,
21130,
21428,
14823,
0,
0,
0,
0,
0,
0,
0,
0,
0,
0,
0,
0,
0,
0,
0,
0,
0,
0,
0,
0,
0,
0,
0,
0,
0,
14759,
14791,
23574,
23275,
34238,
23275,
0,
0,
0,
0,
0,
0,
0,
0,
0,
0,
0,
0,
0,
0,
0,
0,
0,
0,
0,
0,
0,
0,
0,
0,
12710,
14759,
34303,
23574,
14791,
34303,
34239,
34239,
14823,
0,
12710,
14823,
0,
0,
0,
0,
0,
0,
0,
0,
0,
0,
0,
0,
0,
0,
0,
12678,
12710,
12743,
0,
14791,
32093,
30012,
34271,
32093,
32092,
34271,
30012,
21460,
23243,
12678,
15121,
17234,
12711,
0,
0,
0,
0,
0,
0,
0,
0,
0,
0,
0,
0,
0,
14791,
33808,
52856,
33808,
14759,
34303,
34271,
34239,
34303,
34271,
23574,
17267,
34239,
34271,
56875,
21162,
14759,
17267,
15186,
14791,
0,
0,
0,
0,
0,
0,
0,
0,
0,
0,
0,
0,
14791,
48630,
52856,
50743,
31727,
14791,
21526,
32158,
34303,
34238,
32158,
14791,
32158,
34238,
56875,
21162,
54762,
23243,
15153,
14791,
0,
0,
0,
0,
0,
0,
0,
0,
0,
0,
0,
0,
0,
12678,
52824,
48630,
46517,
37704,
21130,
30012,
34271,
32092,
12678,
37736,
32092,
50570,
56843,
21130,
52650,
65459,
21130,
12711,
0,
0,
0,
0,
0,
0,
0,
0,
0,
0,
0,
0,
0,
0,
14791,
52823,
37703,
29318,
23243,
34239,
34271,
14791,
65535,
65535,
23574,
54763,
23275,
54762,
56843,
65492,
54730,
23275,
0,
0,
0,
0,
0,
0,
0,
0,
0,
0,
0,
0,
0,
0,
0,
12710,
27237,
50282,
48202,
21163,
34303,
34238,
21526,
23639,
54730,
54730,
23243,
54730,
56811,
65492,
54730,
65427,
14823,
0,
0,
0,
0,
0,
0,
0,
0,
0,
0,
0,
0,
0,
0,
0,
12678,
48234,
21130,
30012,
34271,
32093,
32092,
56875,
50538,
21130,
56875,
50538,
63282,
56875,
50538,
63250,
14791,
0,
0,
0,
0,
0,
0,
0,
0,
0,
0,
0,
0,
0,
0,
0,
14758,
29318,
23243,
34271,
17267,
17267,
34271,
23607,
23243,
23243,
56875,
23243,
23243,
23275,
56843,
65491,
56843,
14791,
0,
0,
0,
0,
0,
0,
0,
0,
0,
0,
0,
0,
0,
0,
14758,
50282,
21162,
21162,
23243,
21162,
21162,
23243,
21162,
54730,
23243,
34206,
65535,
23243,
21162,
56810,
56843,
14791,
0,
0,
0,
0,
0,
0,
0,
0,
0,
0,
0,
0,
0,
12710,
44041,
29317,
27205,
27205,
52856,
48598,
21130,
23243,
21130,
21130,
23607,
30044,
32125,
52824,
21130,
21162,
54763,
12711,
0,
0,
0,
0,
0,
0,
0,
0,
0,
0,
0,
0,
0,
14791,
29317,
23243,
33840,
33840,
29350,
52824,
52824,
23243,
23607,
34271,
34303,
23607,
36351,
65535,
23243,
34271,
23243,
14791,
0,
0,
0,
0,
0,
0,
0,
0,
0,
0,
0,
0,
0,
12710,
21162,
52856,
48630,
31695,
33840,
29318,
48630,
23243,
21493,
21493,
34271,
32125,
21526,
23275,
32093,
34206,
36351,
65503,
14791,
0,
0,
0,
0,
0,
0,
0,
0,
0,
0,
0,
0,
14759,
63422,
65535,
48598,
46517,
33840,
27205,
27205,
52856,
21130,
21461,
23607,
21130,
21162,
34271,
30012,
32125,
34271,
21461,
65535,
14791,
0,
0,
0,
0,
0,
0,
0,
0,
0,
0,
14791,
65535,
12710,
14791,
65535,
52823,
29318,
37703,
37703,
29350,
52823,
23243,
23243,
23607,
23607,
17267,
34271,
34271,
17267,
23639,
65535,
14823,
0,
0,
0,
0,
0,
0,
0,
0,
0,
0,
14791,
65535,
12678,
14791,
65535,
21130,
29318,
46121,
27237,
39784,
48630,
48630,
52824,
21130,
21163,
23607,
15121,
15186,
23639,
46550,
14791,
0,
0,
0,
0,
0,
0,
0,
0,
0,
0,
0,
0,
14759,
63422,
65535,
12678,
44041,
50282,
12678,
35591,
37736,
27205,
27205,
52856,
46517,
48598,
23243,
21428,
21461,
12710,
12711,
0,
0,
0,
0,
0,
0,
0,
0,
0,
0,
0,
0,
0,
0,
14759,
14823,
0,
14759,
14823,
0,
14759,
14791,
29317,
37736,
39784,
23275,
52856,
52824,
14759,
14759,
0,
0,
0,
0,
0,
0,
0,
0,
0,
0,
0,
0,
0,
0,
0,
0,
0,
0,
0,
0,
0,
0,
0,
0,
12678,
12678,
14791,
21493,
21162,
14823,
0,
0,
0,
0,
0,
0,
0,
0,
0,
0,
0,
0,
0,
0,
0,
0,
0,
0,
0,
0,
0,
0,
0,
0,
0,
0,
0,
0,
14791,
21460,
12743,
0,
0,
0,
0,
0,
0,
0,
0,
0,
0,
0,
0,
0,
0,
0,
0,
0,
0,
0,
0,
0,
0,
0,
0,
0,
0,
0,
0,
0,
14759,
14823,
0,
0,
0,
0,
0,
0,
0,
0,
0,
0,
0,
0,
0,
0,
0,
0,
0,
0,
0,
0,
0,
0,
0,
0,
0,
0,
0,
0,
0,
0,
0,
0,
0,
0,
0,
0,
0,
0,
0,
0,
0,
0,
0,
0,
0,
0,
0,
0,
0,
0,
0,
0,
0,
0,
0,
0,
0,
0,
0,
0,
0,
0,
0,
0,
0,
0,
0,
0,
0,
0,
0,
0,
0,
0,
0,
0,
0,
0,
0,
0,
0,
0,
0,
0,
0,
0,
0,
0,
0,
0,
0,
0,
0,
0,
0,
0,
0,
0,
0,
0,
0,
0,
0,
0,
0,
0,
0,
0,
0,
0,
0,
0,
0,
0,
0,
0,
0,
0,
0,
0,
0,
0,
0,
0,
0,
0,
0,
0,
0,
0,
0,
0,
0,
0,
0,
0,
0,
0,
0,
0,
