1818
0,
0,
0,
0,
0,
0,
0,
0,
0,
0,
0,
0,
0,
0,
0,
0,
0,
0,
0,
0,
0,
0,
0,
0,
0,
0,
0,
0,
0,
0,
0,
0,
0,
0,
0,
0,
0,
0,
0,
0,
0,
0,
0,
0,
0,
0,
0,
0,
0,
0,
0,
0,
0,
0,
0,
0,
0,
0,
0,
0,
0,
0,
0,
0,
0,
0,
0,
0,
0,
0,
0,
0,
0,
0,
0,
0,
0,
0,
0,
0,
0,
0,
0,
0,
0,
0,
0,
0,
0,
0,
0,
0,
0,
0,
0,
0,
0,
0,
0,
0,
0,
0,
0,
12710,
12743,
0,
0,
0,
0,
0,
0,
0,
0,
0,
12710,
12743,
0,
0,
0,
0,
0,
0,
0,
0,
0,
0,
0,
0,
0,
0,
0,
0,
0,
0,
0,
12710,
12710,
0,
0,
0,
0,
0,
0,
0,
0,
12710,
46559,
12710,
0,
0,
0,
0,
0,
0,
0,
0,
0,
0,
0,
0,
0,
0,
0,
0,
0,
0,
12710,
12710,
0,
0,
0,
0,
0,
0,
0,
0,
12678,
42334,
46559,
12710,
0,
0,
0,
0,
0,
0,
0,
0,
0,
0,
0,
0,
0,
0,
0,
0,
0,
0,
12710,
12710,
0,
0,
0,
0,
0,
0,
0,
14791,
46559,
46559,
12710,
0,
0,
0,
0,
0,
0,
0,
0,
0,
0,
0,
0,
0,
0,
0,
0,
0,
0,
0,
0,
12710,
12710,
0,
0,
0,
0,
12678,
12678,
23243,
21162,
42366,
12710,
0,
0,
0,
0,
0,
0,
0,
0,
0,
0,
0,
0,
0,
0,
0,
0,
0,
0,
0,
0,
0,
12678,
12743,
0,
0,
14759,
62250,
63422,
64331,
60170,
21130,
12743,
0,
0,
0,
0,
0,
0,
0,
0,
0,
0,
0,
0,
0,
0,
0,
0,
0,
0,
0,
0,
0,
0,
12710,
12710,
14790,
65478,
65478,
65478,
65478,
65478,
65478,
54726,
12743,
0,
0,
0,
0,
0,
0,
0,
0,
0,
0,
0,
0,
0,
0,
0,
0,
0,
0,
12710,
12711,
0,
0,
0,
12678,
23275,
63270,
63238,
65478,
61158,
63238,
65478,
48421,
12710,
0,
0,
0,
0,
0,
0,
0,
0,
0,
0,
0,
0,
0,
0,
0,
0,
0,
12710,
12678,
0,
0,
12710,
61158,
65478,
63270,
63238,
65478,
61158,
63238,
65478,
48421,
12710,
0,
0,
0,
12710,
12678,
0,
0,
0,
0,
0,
0,
0,
0,
0,
0,
0,
12710,
12743,
0,
0,
0,
14790,
65447,
23243,
23243,
65478,
65478,
53961,
53961,
53961,
54726,
12710,
12743,
0,
14791,
65535,
12743,
0,
0,
0,
0,
0,
0,
0,
0,
0,
0,
0,
12678,
12743,
0,
0,
0,
12678,
21130,
23275,
63270,
63238,
53993,
63422,
49800,
53961,
12678,
12678,
12710,
12710,
65503,
44479,
12678,
0,
0,
0,
0,
0,
0,
0,
0,
0,
0,
0,
0,
12710,
12710,
12678,
12710,
12678,
12678,
65478,
63302,
63270,
53961,
49832,
62218,
64331,
12710,
0,
14791,
63454,
65535,
44479,
12710,
0,
0,
0,
0,
0,
0,
0,
0,
0,
0,
0,
0,
0,
0,
0,
0,
0,
0,
14790,
65478,
65478,
65447,
53961,
64331,
23243,
54726,
12710,
12710,
65535,
46559,
46559,
12743,
0,
0,
0,
0,
0,
0,
0,
0,
0,
0,
0,
0,
0,
12678,
12678,
12710,
12678,
12678,
23243,
21130,
50501,
54725,
21130,
21162,
54725,
48453,
29611,
54726,
12678,
42366,
12743,
0,
0,
0,
0,
0,
0,
0,
0,
0,
0,
0,
0,
12678,
14791,
35988,
33875,
36020,
33907,
33875,
36053,
33907,
21162,
54725,
50501,
50501,
12710,
12710,
29611,
12710,
12678,
12678,
12743,
0,
0,
0,
0,
0,
0,
0,
0,
0,
0,
0,
14791,
36020,
36053,
36053,
36020,
36053,
36020,
36020,
14759,
23243,
23243,
23243,
54725,
54725,
12710,
12710,
12710,
14790,
54726,
31724,
12743,
0,
0,
0,
0,
0,
0,
0,
0,
0,
0,
0,
12710,
31794,
36020,
33907,
31794,
36020,
12678,
12678,
0,
12710,
63422,
65535,
21129,
21130,
31724,
12678,
12678,
12710,
12678,
12678,
12743,
0,
0,
0,
0,
0,
0,
0,
0,
0,
0,
0,
0,
12678,
12710,
12710,
12678,
12743,
0,
0,
14791,
42398,
65503,
23243,
42334,
21162,
31724,
50501,
52613,
31724,
12678,
12678,
12710,
12710,
0,
0,
0,
0,
0,
0,
0,
0,
0,
0,
0,
0,
0,
0,
0,
0,
0,
14791,
65535,
46591,
65535,
23243,
46559,
46559,
12710,
14758,
31724,
31724,
12743,
0,
12710,
12743,
0,
0,
0,
0,
0,
0,
0,
0,
0,
0,
0,
0,
0,
0,
0,
0,
12710,
63390,
46591,
63422,
40253,
23243,
33874,
33874,
12743,
0,
12678,
12743,
0,
0,
0,
12678,
0,
0,
0,
0,
0,
0,
0,
0,
0,
0,
0,
0,
0,
0,
0,
0,
12710,
42334,
46591,
65503,
21162,
46559,
33907,
42334,
12743,
0,
0,
0,
0,
0,
0,
12678,
12711,
0,
0,
0,
0,
0,
0,
0,
0,
0,
0,
0,
0,
0,
0,
14823,
65535,
65535,
46591,
65535,
14791,
46559,
36020,
12710,
0,
0,
0,
0,
0,
0,
0,
0,
0,
0,
0,
0,
0,
0,
0,
0,
0,
0,
0,
0,
0,
0,
0,
14791,
63454,
63390,
46559,
12710,
0,
14791,
12678,
0,
0,
0,
0,
0,
0,
0,
0,
0,
0,
0,
0,
0,
0,
0,
0,
0,
0,
0,
0,
0,
0,
0,
0,
14791,
65535,
65503,
12743,
0,
0,
0,
0,
0,
0,
0,
0,
0,
0,
0,
0,
0,
0,
0,
0,
0,
0,
0,
0,
0,
0,
0,
0,
0,
0,
0,
0,
0,
12710,
12743,
0,
0,
0,
0,
0,
0,
0,
0,
0,
0,
0,
0,
0,
0,
0,
0,
0,
0,
0,
0,
0,
0,
0,
0,
0,
0,
0,
0,
0,
0,
0,
0,
0,
0,
0,
0,
0,
0,
0,
0,
0,
0,
0,
0,
0,
0,
0,
0,
0,
0,
0,
0,
0,
0,
0,
0,
0,
0,
0,
0,
0,
0,
0,
0,
0,
0,
0,
0,
0,
0,
0,
0,
0,
0,
0,
0,
0,
0,
0,
0,
0,
0,
0,
0,
0,
0,
0,
0,
0,
0,
0,
0,
0,
0,
0,
0,
0,
0,
0,
0,
0,
0,
0,
0,
0,
0,
0,
0,
0,
0,
0,
0,
0,
0,
0,
0,
0,
0,
0,
0,
0,
0,
0,
0,
0,
0,
0,
0,
0,
0,
0,
0,
0,
0,
0,
0,
0,
0,
0,
0,
0,
0,
0,
0,
0,
0,
0,
0,
