1818
0,
0,
0,
0,
0,
0,
0,
0,
0,
0,
0,
0,
0,
0,
0,
0,
0,
0,
0,
0,
0,
0,
0,
0,
0,
0,
0,
0,
0,
0,
0,
0,
0,
0,
0,
0,
0,
0,
0,
0,
0,
0,
0,
0,
0,
0,
0,
0,
0,
0,
0,
0,
0,
0,
0,
0,
0,
0,
0,
0,
0,
0,
0,
0,
0,
0,
0,
0,
0,
0,
0,
0,
0,
0,
0,
0,
0,
0,
0,
0,
0,
0,
0,
0,
0,
0,
0,
0,
0,
0,
0,
0,
0,
0,
0,
0,
0,
0,
0,
0,
0,
0,
0,
0,
0,
0,
0,
0,
0,
0,
14759,
12678,
0,
0,
0,
0,
0,
0,
0,
0,
0,
0,
0,
0,
0,
0,
0,
0,
0,
0,
0,
0,
0,
0,
0,
0,
0,
0,
0,
0,
12678,
14758,
65063,
62886,
12743,
0,
12678,
12743,
0,
0,
0,
0,
0,
0,
0,
0,
0,
0,
0,
0,
0,
0,
0,
0,
0,
0,
0,
0,
0,
0,
0,
14791,
65030,
65063,
65063,
48038,
65031,
14791,
56422,
56423,
14791,
0,
0,
0,
0,
0,
0,
0,
0,
0,
0,
0,
0,
0,
0,
0,
0,
0,
0,
0,
14759,
12678,
12678,
14791,
60774,
60806,
65063,
60774,
62854,
56423,
21130,
21130,
12743,
0,
0,
12710,
12678,
0,
0,
0,
0,
0,
0,
0,
0,
0,
0,
0,
0,
0,
12710,
12710,
31432,
31399,
23242,
65063,
64966,
64966,
65063,
64966,
64998,
56455,
64966,
65529,
23243,
12678,
14759,
31432,
12710,
0,
0,
0,
0,
0,
0,
0,
0,
0,
0,
0,
0,
14791,
31431,
31399,
31432,
12710,
14790,
65063,
64998,
65030,
65063,
64998,
65030,
65063,
64999,
65530,
65530,
65529,
56423,
23243,
12743,
0,
0,
0,
0,
0,
0,
0,
0,
0,
0,
0,
12678,
12710,
12678,
12678,
14759,
0,
12678,
65063,
60774,
60806,
56455,
63390,
12710,
65063,
60774,
62854,
23243,
21130,
61203,
12710,
12678,
0,
0,
0,
0,
0,
0,
0,
0,
0,
0,
0,
0,
0,
0,
0,
0,
0,
14758,
65063,
64966,
64966,
65031,
12710,
23242,
65063,
62886,
23242,
41897,
37736,
23243,
14791,
0,
0,
0,
0,
0,
0,
0,
0,
0,
0,
0,
0,
0,
0,
0,
0,
0,
0,
0,
14791,
21162,
23243,
65063,
64998,
65451,
65483,
64998,
23243,
65063,
39817,
23275,
63349,
12743,
0,
14791,
0,
0,
0,
0,
0,
0,
0,
0,
0,
0,
0,
0,
0,
0,
0,
12678,
41897,
35656,
21130,
23243,
60774,
65322,
65451,
21130,
62854,
65030,
60774,
23242,
63316,
50150,
12710,
29351,
12678,
0,
0,
0,
0,
0,
0,
0,
0,
0,
0,
0,
0,
0,
14759,
39817,
41897,
39817,
39817,
23275,
64998,
65030,
65063,
64998,
65030,
65031,
23210,
56423,
56423,
54342,
23243,
31432,
12743,
0,
0,
0,
0,
0,
0,
0,
0,
0,
0,
0,
0,
14791,
39817,
39849,
65483,
56810,
39817,
23275,
64998,
65030,
65063,
64998,
65030,
56455,
54342,
56423,
56455,
54342,
23243,
31432,
12743,
0,
0,
0,
0,
0,
0,
0,
0,
0,
0,
0,
0,
14791,
37704,
63242,
65483,
63210,
21130,
14791,
60774,
62854,
65063,
60774,
52230,
56422,
50150,
54342,
56422,
41798,
54342,
29351,
12678,
0,
0,
0,
0,
0,
0,
0,
0,
0,
0,
0,
12710,
41897,
56843,
65451,
14759,
65418,
12743,
0,
12710,
14790,
56455,
31399,
56422,
56423,
31399,
56423,
56423,
14758,
56423,
14791,
0,
0,
0,
0,
0,
0,
0,
0,
0,
0,
0,
0,
12710,
41897,
65386,
12743,
0,
12678,
0,
0,
0,
0,
14759,
14758,
54374,
31432,
29351,
45958,
14791,
0,
12743,
0,
0,
0,
0,
0,
0,
0,
0,
0,
0,
0,
0,
0,
12678,
39849,
12710,
0,
0,
12678,
12678,
0,
0,
0,
0,
0,
12678,
12710,
12678,
12711,
0,
0,
0,
0,
0,
0,
0,
0,
0,
0,
0,
0,
0,
0,
0,
0,
12710,
14791,
0,
0,
0,
0,
0,
0,
0,
0,
0,
0,
0,
0,
0,
14759,
14791,
0,
0,
0,
0,
0,
0,
0,
0,
0,
0,
0,
0,
0,
0,
0,
12711,
0,
0,
0,
0,
0,
12710,
14791,
0,
0,
0,
0,
0,
0,
0,
0,
14759,
12710,
0,
0,
0,
0,
0,
0,
0,
0,
0,
0,
0,
0,
0,
0,
0,
0,
0,
0,
0,
0,
12678,
56843,
12678,
12710,
0,
0,
0,
0,
0,
0,
0,
12678,
0,
0,
0,
0,
0,
0,
0,
0,
0,
0,
0,
0,
0,
0,
0,
14759,
12710,
12710,
14759,
14759,
23243,
23275,
56843,
56843,
14791,
0,
0,
0,
0,
0,
0,
12743,
0,
0,
0,
0,
0,
0,
0,
0,
0,
0,
0,
0,
0,
0,
14758,
65483,
65418,
65386,
65483,
65386,
65386,
56875,
54730,
56810,
56843,
12711,
0,
0,
0,
0,
0,
12710,
0,
0,
0,
0,
0,
0,
0,
0,
0,
0,
0,
0,
0,
0,
0,
14759,
12710,
63242,
65483,
63242,
63242,
65451,
21130,
12678,
14759,
12678,
12678,
12743,
0,
0,
12710,
12678,
0,
0,
0,
0,
0,
0,
0,
0,
0,
0,
0,
0,
0,
0,
0,
0,
0,
12710,
14759,
65451,
65483,
65483,
12743,
0,
0,
0,
0,
14759,
12710,
14759,
14791,
0,
0,
0,
0,
0,
0,
0,
0,
0,
0,
0,
0,
0,
0,
0,
0,
0,
0,
0,
0,
12678,
14758,
65483,
65322,
12711,
0,
0,
0,
0,
0,
0,
0,
0,
0,
0,
0,
0,
0,
0,
0,
0,
0,
0,
0,
0,
0,
0,
0,
0,
0,
0,
0,
0,
0,
14759,
12678,
12710,
0,
0,
0,
0,
0,
0,
0,
0,
0,
0,
0,
0,
0,
0,
0,
0,
0,
0,
0,
0,
0,
0,
0,
0,
0,
0,
0,
0,
0,
0,
0,
0,
0,
0,
0,
0,
0,
0,
0,
0,
0,
0,
0,
0,
0,
0,
0,
0,
0,
0,
0,
0,
0,
0,
0,
0,
0,
0,
0,
0,
0,
0,
0,
0,
0,
0,
0,
0,
0,
0,
0,
0,
0,
0,
0,
0,
0,
0,
0,
0,
0,
0,
0,
0,
0,
0,
0,
0,
0,
0,
0,
0,
0,
0,
0,
0,
0,
0,
0,
0,
0,
0,
0,
0,
0,
0,
0,
0,
0,
0,
0,
0,
0,
0,
0,
0,
0,
0,
0,
0,
0,
0,
0,
0,
0,
0,
0,
0,
0,
0,
0,
0,
0,
0,
0,
0,
0,
0,
0,
0,
0,
0,
0,
