1818
0,
0,
0,
0,
0,
0,
0,
0,
0,
0,
0,
0,
0,
0,
0,
0,
0,
0,
0,
0,
0,
0,
0,
0,
0,
0,
0,
0,
0,
0,
0,
0,
0,
0,
0,
0,
0,
0,
0,
0,
0,
0,
0,
0,
0,
0,
0,
0,
0,
0,
0,
0,
0,
0,
0,
0,
0,
0,
0,
0,
0,
0,
0,
0,
0,
0,
0,
0,
0,
0,
0,
0,
0,
0,
0,
0,
0,
0,
0,
0,
0,
0,
0,
0,
0,
0,
0,
0,
0,
0,
0,
0,
0,
0,
0,
0,
0,
0,
0,
0,
0,
0,
0,
0,
0,
0,
0,
0,
0,
0,
0,
0,
0,
0,
0,
0,
0,
0,
0,
0,
0,
0,
0,
0,
0,
0,
0,
0,
0,
0,
0,
0,
0,
0,
0,
0,
0,
0,
0,
0,
0,
0,
12710,
12710,
0,
0,
12710,
12678,
0,
0,
0,
0,
0,
0,
0,
0,
0,
0,
0,
0,
0,
0,
0,
0,
0,
0,
0,
14759,
14759,
14759,
0,
0,
14759,
14759,
30332,
30332,
14759,
14759,
65535,
23766,
14759,
0,
0,
0,
0,
0,
0,
0,
0,
0,
0,
0,
0,
0,
0,
0,
0,
12678,
14759,
21588,
21620,
23766,
12678,
12710,
23766,
28121,
28186,
30331,
28121,
21162,
23766,
63454,
12710,
0,
0,
0,
0,
0,
0,
0,
0,
0,
0,
0,
0,
0,
0,
0,
12710,
21620,
23766,
21620,
21620,
23243,
28153,
30266,
23766,
28121,
30266,
30331,
21588,
23211,
23766,
12678,
0,
0,
0,
0,
0,
0,
0,
0,
0,
0,
0,
0,
0,
0,
0,
0,
0,
14759,
14759,
23766,
23766,
23243,
23243,
23766,
30332,
30331,
23766,
19314,
30331,
59086,
14759,
0,
14759,
14759,
0,
0,
0,
0,
0,
0,
0,
0,
0,
0,
0,
0,
0,
0,
0,
0,
0,
12678,
21130,
30331,
28121,
28153,
30331,
21588,
28153,
12710,
21588,
54894,
12710,
12678,
21653,
21653,
12678,
0,
0,
0,
0,
0,
0,
0,
0,
0,
0,
0,
0,
0,
0,
0,
0,
12678,
28154,
30331,
28153,
30266,
30331,
28121,
12710,
64363,
21588,
56974,
23243,
61201,
23211,
23734,
17168,
12710,
0,
0,
0,
0,
0,
0,
0,
0,
0,
0,
0,
0,
0,
0,
0,
0,
14759,
23766,
30331,
30331,
30332,
19281,
65535,
65535,
23766,
57038,
23243,
65490,
50153,
23243,
23734,
14759,
0,
0,
0,
0,
0,
0,
0,
0,
0,
0,
0,
0,
0,
0,
0,
0,
0,
14759,
21130,
21162,
23766,
21588,
17200,
23734,
52749,
21162,
23734,
59153,
48072,
54894,
12678,
12710,
0,
0,
0,
0,
0,
0,
0,
0,
0,
0,
0,
0,
0,
0,
0,
0,
12710,
23243,
28186,
30299,
23766,
21621,
23733,
23766,
21162,
23734,
23243,
21162,
65490,
50153,
12678,
0,
0,
0,
0,
0,
0,
0,
0,
0,
0,
0,
0,
0,
0,
0,
0,
12710,
30331,
30332,
23243,
50153,
23766,
23243,
23766,
23766,
23766,
23243,
30332,
65535,
23243,
50153,
57006,
14759,
0,
0,
0,
0,
0,
0,
0,
0,
0,
0,
0,
0,
0,
0,
14759,
28121,
28121,
23243,
45960,
45992,
50153,
21588,
21162,
23243,
21130,
21653,
30299,
28088,
21162,
48073,
50701,
12710,
0,
0,
0,
0,
0,
0,
0,
0,
0,
0,
0,
0,
0,
0,
14759,
28186,
21162,
59086,
52490,
48073,
50153,
21621,
23211,
30331,
21162,
30299,
30331,
21620,
23243,
23243,
21162,
14759,
0,
0,
0,
0,
0,
0,
0,
0,
0,
0,
0,
0,
0,
14759,
30332,
30331,
23243,
59086,
57006,
57038,
23766,
12710,
30331,
30332,
23766,
30331,
30332,
23243,
30331,
30332,
19281,
23766,
14759,
12710,
0,
0,
0,
0,
0,
0,
0,
0,
0,
0,
0,
12678,
30331,
28121,
28121,
23766,
52749,
21620,
14759,
0,
12678,
30299,
28088,
21162,
23243,
28088,
28186,
30266,
28088,
19281,
21653,
63422,
12710,
0,
0,
0,
0,
0,
0,
0,
0,
0,
0,
12710,
30332,
12710,
30266,
30332,
12710,
12710,
0,
0,
0,
14759,
21162,
23734,
23766,
28154,
30299,
30331,
28154,
19314,
23766,
17200,
14759,
0,
0,
0,
0,
0,
0,
0,
0,
0,
0,
0,
14759,
0,
12710,
14759,
0,
0,
0,
0,
0,
0,
12710,
23243,
23766,
21685,
30331,
30331,
19281,
23766,
23766,
65535,
14759,
0,
0,
0,
0,
0,
0,
0,
0,
0,
0,
0,
0,
0,
0,
0,
12678,
12678,
14759,
0,
0,
12710,
21130,
21653,
23243,
21130,
17201,
21653,
21588,
23733,
12710,
12678,
0,
0,
0,
0,
0,
0,
0,
0,
0,
0,
0,
0,
0,
0,
0,
0,
12710,
30299,
30332,
12678,
12710,
23243,
21621,
23734,
23766,
21620,
23243,
23243,
12678,
14759,
0,
0,
0,
0,
0,
0,
0,
0,
0,
0,
0,
0,
0,
0,
0,
0,
0,
0,
0,
12710,
30332,
30299,
23766,
19314,
23733,
23766,
23766,
21685,
23766,
14759,
0,
0,
0,
0,
0,
0,
0,
0,
0,
0,
0,
0,
0,
0,
0,
0,
0,
0,
0,
0,
0,
0,
14759,
21588,
21620,
19281,
21588,
21653,
23734,
21588,
12710,
0,
0,
0,
0,
0,
0,
0,
0,
0,
0,
0,
0,
0,
0,
0,
0,
0,
0,
0,
0,
0,
0,
0,
0,
12710,
12710,
23766,
19281,
23766,
14759,
12710,
0,
0,
0,
0,
0,
0,
0,
0,
0,
0,
0,
0,
0,
0,
0,
0,
0,
0,
0,
0,
0,
0,
0,
0,
0,
0,
0,
14759,
12710,
14759,
0,
0,
0,
0,
0,
0,
0,
0,
0,
0,
0,
0,
0,
0,
0,
0,
0,
0,
0,
0,
0,
0,
0,
0,
0,
0,
0,
0,
0,
0,
0,
0,
0,
0,
0,
0,
0,
0,
0,
0,
0,
0,
0,
0,
0,
0,
0,
0,
0,
0,
0,
0,
0,
0,
0,
0,
0,
0,
0,
0,
0,
0,
0,
0,
0,
0,
0,
0,
0,
0,
0,
0,
0,
0,
0,
0,
0,
0,
0,
0,
0,
0,
0,
0,
0,
0,
0,
0,
0,
0,
0,
0,
0,
0,
0,
0,
0,
0,
0,
0,
0,
0,
0,
0,
0,
0,
0,
0,
0,
0,
0,
0,
0,
0,
0,
0,
0,
0,
0,
0,
0,
0,
0,
0,
0,
0,
0,
0,
0,
0,
0,
0,
0,
0,
0,
0,
0,
0,
0,
0,
0,
0,
0,
0,
0,
0,
0,
0,
0,
0,
0,
0,
0,
0,
0,
0,
0,
0,
0,
0,
0,
0,
0,
0,
0,
0,
0,
0,
0,
0,
0,
0,
0,
0,
