1818
0,
0,
0,
0,
0,
0,
0,
0,
0,
0,
0,
0,
0,
0,
0,
0,
0,
0,
0,
0,
0,
0,
0,
0,
0,
0,
0,
0,
0,
0,
0,
0,
0,
0,
0,
0,
0,
0,
0,
0,
0,
0,
0,
0,
0,
0,
0,
0,
0,
0,
0,
0,
0,
0,
0,
0,
0,
0,
0,
0,
0,
0,
0,
0,
0,
0,
0,
0,
0,
0,
0,
0,
0,
0,
0,
0,
0,
0,
0,
0,
0,
0,
0,
0,
0,
0,
0,
0,
0,
0,
0,
0,
0,
0,
0,
0,
0,
0,
0,
0,
0,
0,
0,
0,
0,
0,
0,
0,
0,
0,
0,
0,
0,
0,
0,
0,
0,
0,
0,
0,
0,
0,
0,
0,
0,
0,
0,
0,
0,
0,
0,
0,
0,
0,
0,
0,
0,
0,
0,
0,
0,
0,
0,
0,
14759,
12743,
0,
0,
0,
0,
0,
0,
0,
0,
0,
0,
0,
0,
0,
0,
0,
0,
0,
0,
0,
0,
0,
0,
0,
0,
14759,
12678,
12710,
0,
0,
12710,
65491,
21130,
12711,
0,
0,
0,
0,
0,
0,
0,
0,
0,
0,
0,
0,
0,
0,
0,
0,
0,
0,
0,
0,
0,
12710,
14759,
23275,
65458,
59020,
14759,
14791,
65490,
65491,
56940,
12743,
0,
0,
0,
0,
0,
0,
0,
0,
0,
0,
0,
0,
0,
0,
0,
0,
0,
0,
0,
0,
14791,
65458,
46346,
65491,
65458,
59052,
46378,
65458,
65490,
65491,
56940,
12743,
0,
0,
0,
0,
0,
0,
0,
0,
0,
0,
0,
0,
0,
0,
0,
0,
0,
0,
0,
0,
14791,
21162,
63249,
65491,
54795,
54795,
46346,
54795,
63281,
65491,
42121,
12711,
0,
0,
0,
0,
0,
0,
0,
0,
0,
0,
0,
0,
0,
0,
0,
0,
0,
0,
0,
14791,
65491,
65490,
65458,
61132,
59020,
46346,
61133,
65535,
62117,
59084,
21162,
12710,
14791,
0,
0,
0,
0,
0,
0,
0,
0,
0,
0,
0,
0,
0,
0,
0,
0,
0,
14791,
65535,
65491,
65426,
44265,
59084,
23242,
65426,
65491,
60005,
47749,
59084,
23210,
59020,
59052,
12710,
12743,
0,
0,
12710,
12743,
0,
0,
0,
0,
0,
0,
0,
0,
0,
0,
0,
12710,
61169,
14759,
12678,
54795,
23275,
61201,
42121,
46346,
54795,
54827,
23275,
52747,
54827,
65490,
61169,
21162,
12710,
12678,
44233,
12711,
0,
0,
0,
0,
0,
0,
0,
0,
0,
0,
14791,
65490,
12710,
0,
0,
12710,
14791,
23211,
23275,
65491,
65458,
59052,
61132,
56940,
59052,
61132,
44265,
46346,
23275,
44233,
23243,
23243,
12743,
0,
0,
0,
0,
0,
0,
0,
0,
0,
14759,
12710,
0,
0,
0,
0,
14791,
44233,
44233,
23275,
65394,
65458,
61132,
56907,
59052,
65491,
65394,
59052,
23243,
21162,
46346,
59052,
12711,
0,
0,
0,
0,
0,
0,
0,
0,
0,
0,
0,
0,
0,
0,
12678,
23243,
21130,
21162,
46346,
21162,
63281,
65491,
52747,
54827,
59052,
42121,
44233,
59052,
52747,
56907,
21162,
12710,
0,
0,
0,
0,
0,
0,
0,
0,
0,
0,
0,
0,
0,
14791,
46346,
61132,
59052,
59052,
23243,
23243,
23275,
46378,
59052,
46346,
46378,
59052,
59052,
23243,
23243,
14759,
14791,
0,
0,
0,
0,
0,
0,
0,
0,
0,
0,
0,
0,
0,
14759,
44265,
65426,
65491,
56939,
56940,
61132,
56907,
23211,
61132,
44233,
56972,
23243,
21162,
23275,
46346,
23210,
60746,
12743,
0,
0,
0,
0,
0,
0,
0,
0,
0,
0,
0,
0,
0,
14791,
63249,
42121,
23243,
21130,
21130,
23243,
21162,
54827,
23275,
54795,
54827,
59052,
54795,
44233,
46314,
21130,
58633,
12743,
0,
0,
0,
0,
0,
0,
0,
0,
0,
0,
0,
0,
0,
14791,
46346,
46346,
61132,
59052,
59052,
61132,
59052,
23243,
23275,
59052,
59052,
61132,
59052,
46346,
23275,
60714,
23243,
14791,
0,
0,
0,
0,
0,
0,
0,
0,
0,
0,
0,
0,
12710,
46378,
65394,
65393,
65491,
54859,
56907,
59052,
21162,
56939,
59052,
21130,
56939,
46346,
21130,
23243,
65490,
56521,
12743,
0,
0,
0,
0,
0,
0,
0,
0,
0,
0,
0,
0,
0,
12710,
65491,
63281,
63249,
46346,
21130,
21130,
23275,
52747,
21162,
59052,
21130,
21162,
59052,
54795,
65394,
65490,
61169,
12710,
12743,
0,
0,
0,
0,
0,
0,
0,
0,
0,
0,
0,
0,
14791,
65491,
65490,
46346,
46378,
59052,
59052,
61132,
59052,
23243,
23275,
59052,
23243,
23275,
59052,
65491,
65491,
23243,
60746,
14791,
0,
0,
0,
0,
0,
0,
0,
0,
0,
0,
0,
0,
0,
14791,
56907,
44233,
65491,
54859,
54859,
23243,
21162,
56939,
23275,
54827,
65426,
65491,
21130,
23211,
23275,
56521,
12743,
0,
0,
0,
0,
0,
0,
0,
0,
0,
0,
0,
0,
0,
0,
0,
12710,
63249,
65490,
42121,
21130,
23275,
54795,
54827,
46346,
21162,
63313,
65490,
54795,
56939,
60746,
54441,
12711,
0,
0,
0,
0,
0,
0,
0,
0,
0,
0,
0,
0,
0,
0,
0,
14791,
65490,
46346,
46378,
65491,
65491,
61132,
46378,
59052,
14791,
61132,
65491,
65491,
61132,
59052,
14791,
0,
0,
0,
0,
0,
0,
0,
0,
0,
0,
0,
0,
0,
0,
0,
0,
0,
12710,
46378,
63313,
65361,
46346,
42153,
56939,
14791,
0,
14758,
65491,
63281,
56972,
14791,
0,
0,
0,
0,
0,
0,
0,
0,
0,
0,
0,
0,
0,
0,
0,
0,
0,
0,
0,
14791,
21162,
63281,
59052,
12678,
12711,
0,
0,
0,
12710,
12678,
12743,
0,
0,
0,
0,
0,
0,
0,
0,
0,
0,
0,
0,
0,
0,
0,
0,
0,
0,
0,
0,
0,
14759,
14759,
14791,
0,
0,
0,
0,
0,
0,
0,
0,
0,
0,
0,
0,
0,
0,
0,
0,
0,
0,
0,
0,
0,
0,
0,
0,
0,
0,
0,
0,
0,
0,
0,
0,
0,
0,
0,
0,
0,
0,
0,
0,
0,
0,
0,
0,
0,
0,
0,
0,
0,
0,
0,
0,
0,
0,
0,
0,
0,
0,
0,
0,
0,
0,
0,
0,
0,
0,
0,
0,
0,
0,
0,
0,
0,
0,
0,
0,
0,
0,
0,
0,
0,
0,
0,
0,
0,
0,
0,
0,
0,
0,
0,
0,
0,
0,
0,
0,
0,
0,
0,
0,
0,
0,
0,
0,
0,
0,
0,
0,
0,
0,
0,
0,
0,
0,
0,
0,
0,
0,
0,
0,
0,
0,
0,
0,
0,
0,
0,
0,
0,
0,
0,
0,
0,
0,
0,
0,
0,
0,
0,
0,
0,
0,
0,
0,
0,
0,
