1818
0,
0,
0,
0,
0,
0,
0,
0,
0,
0,
0,
0,
0,
0,
0,
0,
0,
0,
0,
0,
0,
0,
0,
0,
0,
0,
0,
0,
0,
0,
0,
0,
0,
0,
0,
0,
0,
0,
0,
0,
0,
0,
0,
0,
0,
0,
0,
0,
0,
0,
0,
0,
0,
0,
0,
0,
0,
0,
0,
0,
0,
0,
0,
0,
0,
0,
0,
0,
0,
0,
0,
0,
0,
0,
0,
0,
0,
0,
0,
0,
0,
0,
0,
0,
0,
0,
0,
0,
0,
0,
0,
0,
0,
0,
0,
0,
0,
0,
0,
0,
0,
0,
0,
0,
0,
0,
0,
0,
0,
0,
0,
0,
0,
0,
0,
0,
0,
0,
0,
0,
0,
0,
0,
0,
0,
0,
0,
0,
0,
0,
0,
0,
0,
0,
0,
0,
0,
0,
0,
0,
0,
0,
0,
0,
0,
0,
0,
0,
0,
0,
0,
0,
0,
0,
0,
0,
0,
0,
0,
0,
0,
0,
0,
0,
0,
0,
0,
0,
0,
0,
0,
0,
0,
0,
0,
0,
0,
12678,
14791,
0,
0,
0,
0,
0,
0,
0,
0,
0,
0,
0,
0,
0,
0,
0,
0,
0,
0,
0,
0,
0,
0,
0,
0,
0,
0,
0,
0,
0,
14791,
35921,
33840,
14759,
14823,
0,
0,
0,
0,
0,
0,
0,
0,
0,
0,
0,
0,
0,
0,
0,
0,
0,
0,
0,
0,
0,
0,
0,
0,
0,
0,
12710,
35921,
31695,
21162,
33840,
31695,
14791,
0,
0,
0,
0,
0,
0,
0,
0,
0,
0,
0,
0,
0,
0,
0,
0,
0,
0,
0,
0,
0,
0,
0,
0,
0,
12710,
23243,
21162,
33808,
35921,
48598,
50743,
14823,
0,
0,
0,
0,
0,
0,
0,
0,
0,
0,
0,
0,
0,
0,
0,
0,
0,
0,
0,
0,
0,
0,
0,
14759,
14759,
65535,
56077,
23275,
52856,
52856,
23243,
14823,
0,
0,
0,
0,
0,
0,
0,
0,
0,
0,
0,
0,
0,
0,
0,
0,
0,
0,
0,
0,
0,
0,
14791,
39752,
46123,
64562,
60368,
31335,
23243,
21130,
21162,
33840,
12711,
0,
0,
0,
0,
0,
0,
0,
0,
0,
0,
0,
0,
0,
0,
0,
0,
0,
0,
0,
0,
12710,
43945,
46123,
48203,
43945,
62416,
33383,
43945,
21162,
33808,
33840,
12711,
0,
0,
0,
0,
0,
0,
0,
0,
0,
0,
0,
0,
0,
0,
0,
0,
14759,
14759,
14823,
0,
14791,
50316,
50284,
14759,
14791,
33416,
43945,
43945,
23275,
52856,
23275,
33840,
14823,
0,
0,
0,
0,
0,
0,
0,
0,
0,
0,
0,
0,
0,
0,
14759,
21130,
65502,
56077,
12678,
21162,
43945,
46091,
46123,
50316,
46091,
39784,
23243,
46550,
50711,
33840,
31695,
31727,
14791,
0,
0,
0,
0,
0,
0,
0,
0,
0,
0,
0,
0,
12710,
50316,
41865,
64529,
64594,
33383,
41865,
23275,
41865,
48236,
50316,
39784,
41865,
23275,
48630,
33840,
35921,
48630,
33840,
14823,
0,
0,
0,
0,
0,
0,
0,
0,
0,
0,
0,
14759,
50284,
50316,
50316,
64562,
56077,
35464,
43945,
43945,
23243,
23275,
43945,
23243,
23275,
43945,
23243,
23275,
35921,
52824,
33840,
14823,
0,
0,
0,
0,
0,
0,
0,
0,
0,
0,
0,
12710,
44043,
14759,
12710,
46091,
35464,
46091,
39752,
43945,
37704,
21162,
23243,
60368,
51948,
23243,
37704,
41865,
23243,
29614,
14791,
0,
0,
0,
0,
0,
0,
0,
0,
0,
0,
0,
0,
14758,
48203,
50316,
48204,
48203,
50316,
48203,
41865,
43945,
23210,
48236,
50316,
65535,
64529,
35496,
39784,
43945,
43945,
31727,
14823,
0,
0,
0,
0,
0,
0,
0,
0,
0,
0,
0,
0,
14791,
43945,
50316,
50316,
50316,
50316,
50284,
43945,
23275,
50284,
50316,
50316,
56077,
64593,
35496,
43945,
43945,
43945,
23243,
33840,
14823,
0,
0,
0,
0,
0,
0,
0,
0,
0,
0,
0,
0,
12678,
43945,
46091,
46091,
50316,
37704,
39752,
23243,
46091,
46091,
14759,
12678,
39784,
50284,
37704,
41832,
41897,
31695,
31727,
33808,
12711,
0,
0,
0,
0,
0,
0,
0,
0,
0,
0,
0,
0,
14759,
12710,
12710,
14759,
12710,
12710,
14791,
41865,
48236,
50316,
46123,
48236,
50316,
39784,
41897,
23243,
21162,
33840,
33840,
12743,
0,
0,
0,
0,
0,
0,
0,
0,
0,
0,
0,
0,
0,
0,
0,
0,
0,
0,
0,
14758,
43945,
50316,
48236,
50284,
43945,
23211,
23243,
35921,
33808,
23243,
14823,
0,
0,
0,
0,
0,
0,
0,
0,
0,
0,
0,
0,
0,
0,
0,
0,
0,
0,
0,
0,
0,
12678,
23243,
21130,
21162,
23243,
31695,
50711,
33840,
31695,
31727,
14791,
0,
0,
0,
0,
0,
0,
0,
0,
0,
0,
0,
0,
0,
0,
0,
0,
0,
0,
0,
0,
0,
14759,
35921,
31727,
23243,
35921,
31727,
23243,
52856,
31727,
14823,
0,
0,
0,
0,
0,
0,
0,
0,
0,
0,
0,
0,
0,
0,
0,
0,
0,
0,
0,
0,
0,
0,
0,
14791,
33808,
33840,
14791,
33808,
33840,
23243,
14791,
0,
0,
0,
0,
0,
0,
0,
0,
0,
0,
0,
0,
0,
0,
0,
0,
0,
0,
0,
0,
0,
0,
0,
0,
0,
12678,
12711,
0,
12678,
31727,
33808,
12711,
0,
0,
0,
0,
0,
0,
0,
0,
0,
0,
0,
0,
0,
0,
0,
0,
0,
0,
0,
0,
0,
0,
0,
0,
0,
0,
0,
0,
0,
14759,
14823,
0,
0,
0,
0,
0,
0,
0,
0,
0,
0,
0,
0,
0,
0,
0,
0,
0,
0,
0,
0,
0,
0,
0,
0,
0,
0,
0,
0,
0,
0,
0,
0,
0,
0,
0,
0,
0,
0,
0,
0,
0,
0,
0,
0,
0,
0,
0,
0,
0,
0,
0,
0,
0,
0,
0,
0,
0,
0,
0,
0,
0,
0,
0,
0,
0,
0,
0,
0,
0,
0,
0,
0,
0,
0,
0,
0,
0,
0,
0,
0,
0,
0,
0,
0,
0,
0,
0,
0,
0,
0,
0,
0,
0,
0,
0,
0,
0,
0,
0,
0,
0,
0,
0,
0,
0,
0,
0,
0,
0,
0,
0,
0,
0,
0,
0,
0,
0,
0,
0,
0,
0,
0,
0,
0,
0,
0,
0,
0,
0,
0,
0,
0,
0,
0,
0,
0,
0,
0,
0,
0,
0,
0,
0,
0,
0,
0,
0,
0,
0,
0,
0,
0,
0,
0,
0,
0,
0,
0,
0,
0,
0,
0,
0,
0,
0,
0,
0,
0,
0,
