1818
0,
0,
0,
0,
0,
0,
0,
0,
0,
0,
0,
0,
0,
0,
0,
0,
0,
0,
0,
0,
0,
0,
0,
0,
0,
0,
0,
0,
0,
0,
0,
0,
0,
0,
0,
0,
0,
0,
0,
0,
0,
0,
0,
0,
0,
0,
0,
0,
0,
0,
0,
0,
0,
0,
0,
0,
0,
0,
0,
0,
0,
0,
0,
0,
0,
0,
0,
0,
0,
0,
0,
14759,
12710,
14759,
0,
0,
0,
0,
0,
0,
0,
0,
0,
0,
0,
0,
0,
0,
0,
0,
0,
0,
0,
0,
0,
0,
0,
0,
0,
0,
0,
0,
12710,
35622,
43977,
37734,
12678,
0,
0,
0,
0,
0,
0,
0,
0,
0,
0,
0,
0,
0,
0,
0,
0,
0,
0,
0,
0,
0,
0,
0,
0,
0,
0,
0,
14759,
46122,
46057,
48202,
37702,
12710,
0,
0,
0,
0,
0,
0,
0,
0,
0,
0,
0,
0,
0,
0,
0,
0,
0,
0,
0,
0,
0,
0,
0,
0,
0,
12710,
48202,
48202,
48170,
48202,
39783,
23243,
14759,
14759,
14759,
0,
0,
0,
0,
0,
0,
0,
0,
0,
0,
0,
0,
0,
0,
0,
0,
0,
0,
0,
0,
0,
0,
12678,
48170,
46057,
43977,
48170,
21130,
21130,
23243,
35590,
35590,
14759,
0,
0,
0,
0,
0,
0,
0,
0,
0,
0,
0,
0,
0,
0,
0,
0,
0,
0,
0,
0,
0,
0,
14759,
46122,
46057,
23243,
21162,
12710,
39783,
37702,
37702,
23243,
12710,
0,
0,
12710,
0,
14759,
12678,
0,
0,
0,
0,
0,
0,
0,
0,
0,
0,
0,
0,
0,
0,
0,
0,
14759,
12710,
14759,
14759,
0,
14759,
23243,
23243,
65494,
56880,
14759,
14759,
56880,
14759,
39783,
37702,
14759,
0,
0,
0,
0,
0,
0,
0,
0,
0,
0,
0,
0,
0,
0,
0,
0,
0,
0,
0,
12678,
23243,
63252,
52623,
65494,
44171,
52623,
56880,
21130,
21162,
39783,
35590,
12678,
12710,
0,
0,
0,
0,
0,
0,
0,
0,
0,
0,
0,
0,
0,
0,
0,
12710,
14759,
12710,
65397,
65494,
65429,
65429,
65494,
65397,
46283,
23243,
37670,
64948,
23243,
35622,
23211,
31367,
12678,
0,
0,
0,
0,
0,
0,
0,
0,
0,
0,
0,
0,
0,
12710,
65461,
58510,
56430,
56430,
65494,
65494,
65494,
58929,
56848,
48396,
23243,
64980,
64981,
65013,
23211,
23243,
31367,
12710,
0,
0,
0,
0,
0,
0,
0,
0,
0,
0,
0,
0,
0,
0,
12678,
65494,
63252,
61204,
65494,
63252,
63252,
65494,
61204,
52623,
23243,
60754,
62835,
23243,
21130,
52655,
12710,
12678,
0,
0,
0,
0,
0,
0,
0,
0,
0,
0,
0,
0,
0,
0,
0,
14759,
46089,
46057,
65494,
65429,
65429,
65494,
54735,
46283,
23243,
54349,
64948,
58510,
21162,
56848,
14759,
0,
0,
0,
0,
0,
0,
0,
0,
0,
0,
0,
0,
0,
0,
0,
12710,
58929,
56848,
56848,
58929,
65494,
65494,
58929,
65462,
65494,
23243,
37702,
56430,
39783,
23211,
56848,
14759,
0,
0,
0,
0,
0,
0,
0,
0,
0,
0,
0,
0,
0,
0,
0,
0,
12710,
43977,
61204,
65494,
63252,
63252,
65494,
61204,
21130,
65535,
21130,
21162,
23243,
50575,
12678,
0,
0,
0,
0,
0,
0,
0,
0,
0,
0,
0,
0,
0,
0,
0,
0,
12710,
65494,
65494,
65461,
65494,
65494,
65462,
65494,
65461,
12710,
23243,
46316,
56848,
58929,
54768,
56848,
14759,
0,
0,
0,
0,
0,
0,
0,
0,
0,
0,
0,
0,
0,
0,
12710,
65461,
65494,
56848,
56848,
23243,
65494,
65494,
65494,
46316,
65535,
65535,
46316,
56848,
58929,
56816,
12710,
0,
0,
0,
0,
0,
0,
0,
0,
0,
0,
0,
0,
0,
0,
0,
0,
12678,
56848,
21130,
21130,
65494,
63252,
63252,
65494,
44171,
44171,
48396,
52623,
52655,
56880,
50575,
52655,
12710,
12678,
12710,
0,
0,
0,
0,
0,
0,
0,
0,
0,
0,
0,
0,
0,
0,
14759,
65494,
65461,
65013,
64980,
65462,
65494,
65461,
65462,
58929,
56848,
56848,
58929,
54768,
23243,
23243,
31334,
31367,
14759,
0,
0,
0,
0,
0,
0,
0,
0,
0,
0,
0,
0,
12710,
65494,
54350,
54349,
65013,
65429,
65429,
65494,
65397,
54768,
58929,
54736,
56848,
58929,
37670,
37702,
23243,
21162,
12710,
0,
0,
0,
0,
0,
0,
0,
0,
0,
0,
0,
0,
0,
0,
12710,
63252,
61204,
65494,
63252,
52623,
56881,
52623,
52623,
39783,
52623,
52655,
56880,
50575,
35590,
37702,
21130,
29286,
12710,
0,
0,
0,
0,
0,
0,
0,
0,
0,
0,
0,
0,
0,
0,
12710,
12710,
58929,
23243,
23243,
58929,
56848,
56848,
39783,
23211,
56848,
58929,
12710,
37702,
23243,
12710,
14759,
0,
0,
0,
0,
0,
0,
0,
0,
0,
0,
0,
0,
0,
0,
0,
0,
0,
14759,
46089,
46089,
23243,
21162,
54768,
48202,
46089,
12710,
14759,
0,
12710,
14759,
0,
0,
0,
0,
0,
0,
0,
0,
0,
0,
0,
0,
0,
0,
0,
0,
0,
0,
12678,
48202,
43977,
43977,
48202,
12678,
12678,
23243,
43977,
12678,
0,
0,
0,
0,
0,
0,
0,
0,
0,
0,
0,
0,
0,
0,
0,
0,
0,
0,
0,
0,
0,
12710,
48170,
48202,
48170,
48170,
48202,
23243,
23243,
39783,
37702,
39783,
14759,
0,
0,
0,
0,
0,
0,
0,
0,
0,
0,
0,
0,
0,
0,
0,
0,
0,
0,
0,
0,
12710,
46057,
48202,
46089,
46089,
39783,
21162,
21162,
23243,
37670,
37702,
14759,
0,
0,
0,
0,
0,
0,
0,
0,
0,
0,
0,
0,
0,
0,
0,
0,
0,
0,
0,
0,
0,
12678,
48202,
43977,
35590,
23243,
21130,
21130,
39783,
12678,
12678,
0,
0,
0,
0,
0,
0,
0,
0,
0,
0,
0,
0,
0,
0,
0,
0,
0,
0,
0,
0,
0,
0,
0,
14759,
12710,
23243,
23243,
23243,
12710,
14759,
0,
0,
0,
0,
0,
0,
0,
0,
0,
0,
0,
0,
0,
0,
0,
0,
0,
0,
0,
0,
0,
0,
0,
0,
0,
0,
0,
12710,
14759,
12678,
0,
0,
0,
0,
0,
0,
0,
0,
0,
0,
0,
0,
0,
0,
0,
0,
0,
0,
0,
0,
0,
0,
0,
0,
0,
0,
0,
0,
0,
0,
0,
0,
0,
0,
0,
0,
0,
0,
0,
0,
0,
0,
0,
0,
0,
0,
0,
0,
0,
0,
0,
0,
0,
0,
0,
0,
0,
0,
0,
0,
0,
0,
0,
0,
0,
0,
0,
0,
0,
0,
0,
0,
0,
0,
0,
0,
0,
0,
0,
