1818
0,
0,
0,
0,
0,
0,
0,
0,
0,
0,
0,
0,
0,
0,
0,
0,
0,
0,
0,
0,
0,
0,
0,
0,
0,
0,
0,
0,
0,
0,
0,
0,
0,
0,
0,
0,
0,
0,
0,
0,
0,
0,
0,
0,
0,
0,
0,
0,
0,
0,
0,
0,
0,
0,
0,
0,
0,
0,
0,
0,
0,
0,
0,
0,
0,
0,
0,
0,
0,
0,
0,
0,
0,
0,
0,
0,
0,
0,
0,
0,
0,
0,
0,
0,
0,
0,
0,
0,
0,
0,
0,
0,
0,
0,
0,
0,
0,
0,
0,
0,
0,
0,
0,
0,
0,
0,
0,
0,
0,
0,
0,
0,
0,
0,
0,
0,
0,
0,
0,
0,
0,
0,
0,
0,
0,
0,
0,
0,
0,
0,
0,
0,
0,
0,
0,
0,
0,
0,
0,
0,
0,
0,
0,
0,
0,
0,
0,
0,
0,
0,
0,
0,
0,
0,
0,
0,
0,
0,
0,
0,
0,
0,
0,
0,
0,
0,
0,
0,
0,
0,
0,
14791,
14823,
0,
0,
0,
0,
0,
0,
0,
0,
0,
0,
0,
0,
0,
0,
0,
0,
0,
0,
0,
0,
0,
0,
0,
0,
0,
0,
0,
0,
0,
12710,
62570,
56297,
12710,
0,
12678,
12710,
0,
12710,
0,
14823,
0,
0,
0,
0,
0,
0,
0,
0,
0,
0,
0,
0,
0,
0,
0,
0,
0,
0,
0,
0,
0,
23243,
14823,
60490,
60490,
14823,
64841,
23275,
14791,
65298,
14823,
65362,
14791,
0,
14791,
14791,
0,
0,
0,
0,
0,
0,
0,
0,
0,
0,
0,
0,
0,
0,
0,
14791,
23275,
63217,
65362,
38031,
64841,
64905,
64841,
65266,
25356,
56719,
58832,
65362,
23243,
14791,
62603,
65535,
14823,
0,
0,
0,
0,
0,
0,
0,
0,
0,
0,
0,
0,
0,
12710,
65362,
63153,
63120,
65362,
63121,
47912,
64905,
62728,
63121,
65362,
46058,
54607,
60912,
61040,
23242,
52105,
54249,
12743,
0,
0,
0,
0,
0,
0,
0,
0,
0,
0,
0,
0,
14823,
65298,
65394,
65330,
65298,
65362,
25323,
60490,
64905,
23275,
65330,
65362,
48203,
58832,
60912,
65298,
65362,
65362,
23275,
65535,
14823,
0,
0,
0,
0,
0,
0,
0,
0,
0,
0,
0,
14791,
63217,
60912,
65298,
63217,
65362,
23275,
64841,
23275,
14791,
65298,
65394,
56719,
58800,
60912,
63217,
58800,
25355,
64841,
64873,
14823,
0,
0,
0,
0,
0,
0,
0,
0,
0,
0,
14823,
63185,
46090,
65362,
63153,
52526,
25355,
62728,
23243,
65535,
65502,
62728,
60912,
54606,
54639,
65362,
61072,
63153,
25323,
62729,
65535,
14823,
0,
0,
0,
0,
0,
0,
0,
0,
0,
0,
14791,
14791,
14823,
65362,
14791,
58832,
14823,
64905,
64905,
64905,
64905,
64905,
64905,
50283,
65362,
65394,
65330,
25355,
64905,
60490,
14823,
0,
0,
0,
0,
0,
0,
0,
0,
0,
0,
0,
0,
0,
12710,
14823,
0,
12743,
0,
23243,
64841,
25355,
64841,
64841,
23275,
64841,
23275,
65362,
23243,
23243,
14791,
12743,
0,
0,
0,
0,
0,
0,
0,
0,
0,
0,
0,
0,
0,
0,
0,
0,
0,
0,
14823,
62728,
21162,
38064,
35918,
23210,
64905,
62728,
62729,
25323,
56297,
56329,
14823,
0,
0,
0,
0,
0,
0,
0,
0,
0,
0,
0,
0,
0,
0,
0,
0,
0,
0,
0,
14823,
64905,
23275,
38096,
64905,
25323,
52105,
64905,
64905,
64905,
60490,
52105,
64905,
14823,
0,
0,
0,
0,
0,
0,
0,
0,
0,
0,
0,
0,
0,
0,
0,
0,
0,
0,
0,
14791,
64809,
64905,
23243,
56687,
23275,
64777,
23275,
64905,
21162,
50025,
64905,
12710,
0,
0,
0,
0,
0,
0,
0,
0,
0,
0,
0,
0,
0,
0,
0,
0,
0,
0,
0,
0,
12710,
23275,
63121,
54606,
58832,
21162,
23242,
60522,
21162,
56329,
14823,
0,
0,
0,
0,
0,
0,
0,
0,
0,
0,
0,
0,
0,
0,
0,
0,
0,
0,
0,
0,
0,
14823,
65394,
65362,
65362,
60912,
58832,
23275,
23275,
23275,
14791,
0,
0,
0,
0,
0,
0,
0,
0,
0,
0,
0,
0,
0,
0,
0,
0,
0,
0,
0,
0,
0,
14791,
63185,
65394,
63185,
63185,
60912,
54639,
56751,
58832,
12711,
0,
0,
0,
0,
0,
0,
0,
0,
0,
0,
0,
0,
0,
0,
0,
0,
0,
0,
0,
0,
0,
0,
14758,
63153,
65362,
63121,
54606,
60912,
54606,
54639,
58832,
12710,
0,
0,
0,
0,
0,
0,
0,
0,
0,
0,
0,
0,
0,
0,
0,
0,
0,
0,
0,
0,
0,
0,
14823,
65362,
65362,
50283,
50283,
60912,
60912,
60912,
14823,
0,
0,
0,
0,
0,
0,
0,
0,
0,
0,
0,
0,
0,
0,
0,
0,
0,
0,
0,
0,
0,
0,
0,
0,
14759,
60912,
54639,
56687,
14791,
12710,
14791,
0,
0,
0,
0,
0,
0,
0,
0,
0,
0,
0,
0,
0,
0,
0,
0,
0,
0,
0,
0,
0,
0,
0,
0,
0,
0,
14791,
12710,
54607,
14823,
0,
0,
0,
0,
0,
0,
0,
0,
0,
0,
0,
0,
0,
0,
0,
0,
0,
0,
0,
0,
0,
0,
0,
0,
0,
0,
0,
0,
0,
0,
14791,
14823,
0,
0,
0,
0,
0,
0,
0,
0,
0,
0,
0,
0,
0,
0,
0,
0,
0,
0,
0,
0,
0,
0,
0,
0,
0,
0,
0,
0,
0,
0,
0,
0,
0,
0,
0,
0,
0,
0,
0,
0,
0,
0,
0,
0,
0,
0,
0,
0,
0,
0,
0,
0,
0,
0,
0,
0,
0,
0,
0,
0,
0,
0,
0,
0,
0,
0,
0,
0,
0,
0,
0,
0,
0,
0,
0,
0,
0,
0,
0,
0,
0,
0,
0,
0,
0,
0,
0,
0,
0,
0,
0,
0,
0,
0,
0,
0,
0,
0,
0,
0,
0,
0,
0,
0,
0,
0,
0,
0,
0,
0,
0,
0,
0,
0,
0,
0,
0,
0,
0,
0,
0,
0,
0,
0,
0,
0,
0,
0,
0,
0,
0,
0,
0,
0,
0,
0,
0,
0,
0,
0,
0,
0,
0,
0,
0,
0,
0,
0,
0,
0,
0,
0,
0,
0,
0,
0,
0,
0,
0,
0,
0,
0,
0,
0,
0,
0,
0,
0,
0,
0,
0,
0,
0,
0,
0,
0,
0,
0,
0,
0,
0,
0,
0,
0,
0,
0,
0,
0,
0,
0,
0,
0,
0,
0,
0,
0,
0,
0,
0,
0,
0,
0,
0,
0,
0,
0,
