1818
0,
0,
0,
0,
0,
0,
0,
0,
0,
0,
0,
0,
0,
0,
0,
0,
0,
0,
0,
0,
0,
0,
0,
0,
0,
0,
0,
0,
0,
0,
0,
0,
0,
0,
0,
0,
0,
0,
0,
0,
0,
0,
0,
14791,
0,
0,
0,
0,
0,
0,
0,
0,
0,
0,
0,
0,
0,
0,
0,
0,
0,
0,
0,
0,
0,
0,
0,
0,
0,
0,
0,
0,
0,
0,
14758,
54249,
14824,
0,
0,
14824,
0,
12711,
0,
0,
0,
0,
0,
0,
0,
0,
0,
0,
0,
0,
0,
0,
0,
0,
0,
0,
0,
0,
0,
0,
14791,
14791,
14791,
52105,
62570,
14791,
14791,
60912,
14791,
58832,
14824,
0,
0,
0,
0,
0,
0,
14823,
0,
0,
0,
0,
0,
0,
0,
0,
0,
0,
0,
0,
0,
14791,
23243,
65362,
65298,
63217,
23275,
23275,
65535,
65394,
65265,
65266,
14824,
0,
14759,
14824,
0,
14759,
14791,
47945,
14823,
0,
0,
0,
0,
0,
0,
0,
0,
0,
0,
0,
14791,
56687,
54606,
60880,
54607,
63120,
65362,
63153,
21162,
14823,
56329,
63153,
58832,
12710,
54639,
58832,
12710,
21162,
52105,
45864,
14791,
0,
0,
0,
0,
0,
0,
0,
0,
0,
0,
0,
0,
14791,
25323,
50283,
50283,
60880,
65394,
65362,
65362,
60913,
65535,
25355,
65394,
65535,
25355,
60912,
58832,
23275,
25355,
50057,
14824,
0,
0,
0,
0,
0,
0,
0,
0,
0,
0,
0,
14791,
14823,
63217,
65362,
65298,
63217,
65394,
65298,
65298,
60912,
23243,
23243,
65362,
23243,
50251,
60912,
63217,
65330,
65362,
14791,
0,
0,
0,
0,
0,
0,
0,
0,
0,
0,
0,
12710,
65362,
63185,
63120,
65362,
63153,
63120,
65362,
63153,
63153,
65362,
23210,
63153,
65362,
21162,
54639,
60912,
54606,
54607,
14823,
0,
0,
0,
0,
0,
0,
0,
0,
0,
0,
0,
0,
0,
14823,
60912,
60880,
65394,
65362,
65362,
65394,
65362,
58832,
25355,
64905,
60912,
65362,
25355,
60912,
60912,
58832,
65362,
65362,
14823,
0,
0,
0,
0,
0,
0,
0,
0,
0,
0,
0,
0,
0,
14759,
63153,
65362,
63185,
46091,
60912,
56687,
23243,
14823,
64809,
58410,
65395,
65535,
23275,
60912,
63153,
65266,
65362,
63153,
14759,
14824,
0,
0,
0,
0,
0,
0,
0,
0,
0,
0,
14823,
63185,
61072,
50283,
46090,
54606,
60880,
23243,
65503,
65535,
56297,
56329,
65362,
21162,
46091,
60912,
54606,
63153,
58800,
21162,
58410,
60490,
12711,
0,
0,
0,
0,
0,
0,
0,
0,
0,
0,
14791,
14823,
60912,
60912,
60880,
25355,
64905,
52105,
52105,
62602,
65362,
23275,
25356,
60912,
60912,
58832,
23275,
23275,
25323,
62570,
52105,
14824,
0,
0,
0,
0,
0,
0,
0,
0,
0,
0,
0,
14759,
60912,
56719,
54607,
25355,
64841,
63185,
25356,
63185,
63185,
50284,
54639,
56751,
65362,
63153,
65266,
23275,
23210,
60490,
60490,
14759,
0,
0,
0,
0,
0,
0,
0,
0,
0,
0,
0,
12710,
58832,
12710,
23210,
64905,
63153,
63153,
25356,
54607,
63153,
60912,
54606,
56687,
58832,
12710,
12710,
25323,
54249,
14759,
14823,
0,
0,
0,
0,
0,
0,
0,
0,
0,
0,
0,
0,
0,
14824,
0,
14823,
64937,
65362,
23275,
60912,
60912,
60912,
60912,
60912,
65362,
14824,
0,
14791,
14791,
14824,
0,
0,
0,
0,
0,
0,
0,
0,
0,
0,
0,
0,
0,
0,
0,
0,
0,
12710,
64905,
23243,
23243,
60912,
21162,
23243,
60880,
21162,
14791,
0,
0,
0,
0,
0,
0,
0,
0,
0,
0,
0,
0,
0,
0,
0,
0,
0,
0,
12710,
12710,
14824,
0,
0,
14791,
23243,
54607,
23275,
62728,
62728,
25356,
54606,
54639,
14824,
0,
12710,
14823,
0,
0,
0,
0,
0,
0,
0,
0,
0,
0,
0,
0,
14791,
14823,
65394,
65362,
60912,
14791,
14791,
64905,
64905,
23275,
64905,
64905,
64905,
64905,
25356,
60912,
60912,
14823,
64905,
64905,
14791,
0,
0,
0,
0,
0,
0,
0,
0,
0,
0,
14791,
63121,
65362,
63217,
63153,
65362,
54639,
54606,
25355,
64808,
64776,
64905,
62728,
64776,
64905,
56297,
23243,
60880,
21162,
64809,
60490,
12711,
0,
0,
0,
0,
0,
0,
0,
0,
0,
14823,
63217,
63121,
65362,
63217,
63121,
65362,
63153,
54606,
25355,
64808,
62728,
64905,
23210,
62729,
62570,
56297,
23243,
60912,
52558,
23243,
64873,
12711,
0,
0,
0,
0,
0,
0,
0,
0,
0,
14823,
65394,
65362,
65394,
65394,
65362,
65394,
65362,
60912,
60912,
25355,
64905,
23275,
25355,
62570,
25355,
60522,
25356,
60912,
65362,
14791,
14824,
0,
0,
0,
0,
0,
0,
0,
0,
0,
12710,
65330,
63217,
63121,
65362,
63217,
63153,
65362,
54639,
54606,
60912,
54607,
21162,
23275,
56297,
21162,
23275,
21162,
56719,
65362,
61072,
14791,
0,
0,
0,
0,
0,
0,
0,
0,
0,
0,
14758,
65330,
23275,
63153,
65362,
65298,
63153,
65362,
56687,
54607,
60912,
56687,
56687,
60912,
12710,
12710,
14823,
63153,
63217,
14791,
14759,
0,
0,
0,
0,
0,
0,
0,
0,
0,
0,
0,
14823,
65362,
14823,
65362,
65362,
50283,
65362,
60912,
60912,
60912,
60912,
60912,
60912,
60912,
14791,
0,
14823,
65362,
14824,
0,
0,
0,
0,
0,
0,
0,
0,
0,
0,
0,
0,
0,
0,
14823,
0,
12710,
65362,
63217,
46058,
50283,
54639,
54606,
60912,
54607,
12710,
14791,
0,
0,
0,
14759,
0,
0,
0,
0,
0,
0,
0,
0,
0,
0,
0,
0,
0,
0,
0,
0,
0,
12710,
25356,
56751,
54607,
60880,
23243,
21162,
23275,
14791,
0,
0,
0,
0,
0,
0,
0,
0,
0,
0,
0,
0,
0,
0,
0,
0,
0,
0,
0,
0,
0,
0,
0,
0,
14791,
14823,
60912,
60912,
60912,
60912,
60912,
60912,
14824,
0,
0,
0,
0,
0,
0,
0,
0,
0,
0,
0,
0,
0,
0,
0,
0,
0,
0,
0,
0,
0,
0,
0,
0,
0,
12678,
14791,
12710,
12710,
58832,
14759,
0,
0,
0,
0,
0,
0,
0,
0,
0,
0,
0,
0,
0,
0,
0,
0,
0,
0,
0,
0,
0,
0,
0,
0,
0,
0,
0,
0,
0,
0,
14791,
12710,
0,
0,
0,
0,
0,
0,
0,
0,
0,
0,
0,
0,
0,
0,
0,
0,
0,
0,
0,
0,
0,
0,
0,
0,
0,
0,
0,
0,
0,
0,
0,
0,
0,
0,
0,
0,
0,
0,
0,
0,
0,
0,
0,
0,
0,
0,
0,
0,
0,
0,
0,
0,
0,
0,
0,
0,
0,
0,
0,
0,
0,
0,
0,
0,
0,
0,
0,
0,
0,
0,
0,
0,
0,
0,
0,
0,
0,
0,
0,
0,
0,
0,
