1818
0,
0,
0,
0,
0,
0,
0,
0,
0,
0,
0,
0,
0,
0,
0,
0,
0,
0,
0,
0,
0,
0,
0,
0,
0,
0,
0,
0,
0,
0,
0,
0,
0,
0,
0,
0,
0,
0,
0,
0,
0,
0,
0,
12710,
14791,
0,
0,
0,
0,
0,
0,
0,
0,
0,
0,
0,
0,
0,
0,
0,
0,
0,
0,
0,
0,
0,
0,
0,
0,
0,
0,
0,
0,
0,
12678,
48422,
54727,
12678,
12678,
14759,
12678,
0,
0,
0,
0,
0,
0,
0,
0,
0,
0,
0,
0,
0,
0,
0,
0,
0,
0,
0,
0,
0,
0,
0,
0,
0,
12710,
21162,
54727,
21162,
33808,
52824,
12711,
0,
0,
0,
0,
0,
0,
0,
0,
0,
0,
0,
0,
0,
0,
0,
0,
0,
0,
0,
0,
0,
0,
0,
0,
14791,
42087,
65319,
23275,
50775,
33808,
14791,
0,
0,
0,
0,
0,
0,
0,
0,
0,
0,
0,
0,
0,
0,
0,
0,
0,
0,
0,
0,
12678,
12678,
12710,
12678,
12678,
65383,
39942,
61095,
23243,
12678,
12678,
0,
0,
12678,
14791,
0,
0,
0,
0,
0,
0,
0,
0,
0,
0,
0,
0,
0,
0,
0,
0,
14791,
35921,
65535,
52856,
33840,
23242,
65416,
42087,
21162,
23243,
12743,
0,
0,
14790,
65351,
65384,
12710,
12743,
0,
0,
0,
0,
0,
0,
0,
0,
0,
0,
0,
0,
0,
0,
14791,
65535,
50743,
52856,
52824,
33808,
23243,
23243,
23242,
44167,
52646,
12710,
14791,
65351,
65383,
65416,
65490,
65490,
14791,
0,
0,
0,
0,
0,
0,
0,
0,
0,
0,
0,
0,
0,
14759,
31727,
46517,
52824,
31727,
21130,
23275,
63175,
61095,
14791,
21130,
39942,
65416,
48422,
21130,
23243,
12678,
12710,
0,
0,
0,
0,
0,
0,
0,
0,
0,
0,
0,
0,
0,
0,
0,
12710,
12710,
23243,
14790,
52646,
65416,
64363,
65351,
65416,
42086,
54694,
44167,
21162,
23243,
14759,
0,
0,
0,
12743,
0,
0,
0,
0,
0,
0,
0,
0,
0,
0,
0,
0,
0,
0,
0,
14791,
42087,
65287,
64363,
64330,
64330,
65416,
65319,
65319,
65416,
65287,
52614,
23243,
12711,
0,
14791,
48630,
12743,
0,
0,
0,
0,
0,
0,
0,
0,
0,
0,
0,
0,
0,
0,
0,
14758,
61095,
65384,
62250,
61095,
65416,
63175,
48454,
42087,
21130,
21130,
37802,
21130,
12678,
44135,
37862,
12710,
0,
0,
0,
0,
0,
0,
0,
0,
0,
0,
0,
0,
0,
0,
0,
14791,
65351,
65416,
65383,
65351,
65384,
12710,
14790,
44167,
52646,
23243,
39850,
23242,
54726,
44167,
52614,
12743,
0,
0,
0,
0,
0,
0,
0,
0,
0,
0,
0,
0,
0,
0,
0,
0,
12678,
65416,
65319,
65287,
54727,
14791,
65535,
44167,
65287,
42054,
23243,
21162,
54694,
44135,
12711,
0,
0,
0,
0,
0,
0,
0,
0,
0,
0,
0,
0,
0,
0,
0,
0,
0,
12678,
65383,
63175,
61095,
23275,
48597,
39942,
54727,
39942,
61095,
65384,
21130,
21130,
23243,
12678,
0,
0,
0,
0,
0,
0,
0,
0,
0,
0,
0,
0,
0,
0,
0,
0,
14791,
65383,
65416,
65383,
42086,
44167,
44134,
54726,
54727,
23243,
23275,
65416,
65384,
65522,
65523,
65490,
14791,
0,
0,
0,
0,
0,
0,
0,
0,
0,
0,
0,
0,
0,
0,
14791,
54727,
65287,
65416,
52646,
52614,
54759,
52646,
52614,
23243,
37737,
37769,
23243,
65287,
65351,
23243,
12711,
0,
0,
0,
0,
0,
0,
0,
0,
0,
0,
0,
0,
0,
0,
0,
14791,
63207,
37894,
44134,
50502,
48422,
54727,
50502,
48454,
23243,
21130,
35657,
37802,
21130,
21162,
54759,
63390,
12710,
0,
0,
0,
0,
0,
0,
0,
0,
0,
0,
0,
0,
0,
14791,
65416,
44167,
54726,
54727,
23243,
23243,
44167,
54726,
42086,
23243,
37770,
23243,
39850,
23275,
65384,
65384,
23243,
14791,
0,
12710,
14791,
0,
0,
0,
0,
0,
0,
0,
0,
0,
0,
12678,
14759,
12710,
12678,
23275,
52582,
50502,
23243,
21162,
21162,
50316,
35657,
21162,
23243,
63207,
65319,
65416,
50502,
65535,
14791,
65503,
12743,
0,
0,
0,
0,
0,
0,
0,
0,
0,
0,
0,
0,
0,
0,
14790,
50502,
48422,
23243,
46091,
46091,
50284,
44043,
21130,
54759,
61095,
63207,
54727,
21130,
21162,
52646,
12678,
0,
0,
0,
0,
0,
0,
0,
0,
0,
0,
0,
0,
0,
0,
0,
14791,
54726,
54726,
54727,
23243,
23243,
50316,
23243,
23243,
54759,
54727,
23243,
23275,
54726,
54727,
54727,
12710,
14791,
0,
0,
0,
0,
0,
0,
0,
0,
0,
0,
0,
0,
0,
0,
14791,
52582,
50534,
54727,
35689,
35689,
23243,
21130,
50534,
54727,
21162,
52614,
54727,
50502,
52614,
54727,
39974,
65535,
14791,
0,
0,
0,
0,
0,
0,
0,
0,
0,
0,
0,
0,
0,
0,
12678,
48422,
54727,
50502,
35657,
37802,
35657,
21130,
23243,
35657,
21162,
54727,
12678,
21162,
52646,
12678,
12711,
0,
0,
0,
0,
0,
0,
0,
0,
0,
0,
0,
0,
0,
0,
0,
14791,
54727,
54759,
54727,
37802,
39850,
37802,
37802,
39850,
37802,
37802,
14791,
0,
14759,
14791,
0,
0,
0,
0,
0,
0,
0,
0,
0,
0,
0,
0,
0,
0,
0,
0,
0,
0,
12710,
54759,
52582,
50534,
54759,
35657,
35689,
37802,
35689,
52614,
14791,
0,
0,
0,
0,
0,
0,
0,
0,
0,
0,
0,
0,
0,
0,
0,
0,
0,
0,
0,
0,
0,
0,
14759,
12710,
50502,
54727,
50502,
50502,
54727,
48454,
12711,
0,
0,
0,
0,
0,
0,
0,
0,
0,
0,
0,
0,
0,
0,
0,
0,
0,
0,
0,
0,
0,
0,
0,
0,
0,
14791,
23243,
23275,
54727,
54727,
23243,
14791,
0,
0,
0,
0,
0,
0,
0,
0,
0,
0,
0,
0,
0,
0,
0,
0,
0,
0,
0,
0,
0,
0,
0,
0,
14758,
50534,
54759,
50534,
50534,
14759,
12711,
0,
0,
0,
0,
0,
0,
0,
0,
0,
0,
0,
0,
0,
0,
0,
0,
0,
0,
0,
0,
0,
0,
0,
0,
0,
0,
12678,
14759,
12678,
12678,
0,
0,
0,
0,
0,
0,
0,
0,
0,
0,
0,
0,
0,
0,
0,
0,
0,
0,
0,
0,
0,
0,
0,
0,
0,
0,
0,
0,
0,
0,
0,
0,
0,
0,
0,
0,
0,
0,
0,
0,
0,
0,
0,
0,
0,
0,
0,
0,
0,
0,
0,
0,
0,
0,
0,
0,
0,
0,
0,
0,
0,
0,
0,
0,
0,
0,
0,
0,
0,
0,
0,
0,
0,
0,
0,
0,
0,
0,
