1818
0,
0,
0,
0,
0,
0,
0,
0,
0,
0,
0,
0,
0,
0,
0,
0,
0,
0,
0,
0,
0,
0,
0,
0,
0,
0,
0,
0,
0,
0,
0,
0,
0,
0,
0,
0,
0,
0,
0,
0,
0,
0,
0,
0,
0,
0,
0,
0,
0,
0,
0,
0,
0,
0,
0,
0,
0,
0,
0,
0,
0,
0,
0,
0,
0,
0,
0,
0,
0,
0,
0,
0,
0,
0,
0,
0,
0,
0,
0,
0,
0,
0,
0,
0,
0,
0,
0,
0,
0,
0,
0,
0,
0,
0,
0,
0,
0,
0,
0,
0,
0,
0,
0,
0,
0,
0,
0,
0,
0,
0,
0,
12710,
12710,
14759,
0,
0,
0,
0,
0,
0,
0,
0,
0,
0,
0,
0,
0,
0,
0,
0,
0,
0,
0,
0,
0,
0,
0,
0,
0,
0,
0,
0,
14791,
38004,
52763,
40085,
12743,
0,
0,
0,
0,
0,
0,
0,
0,
0,
0,
0,
0,
0,
0,
0,
0,
0,
0,
0,
0,
0,
0,
0,
0,
0,
0,
12710,
40085,
46457,
35859,
52795,
35858,
12710,
0,
0,
0,
0,
0,
0,
0,
0,
0,
0,
0,
0,
0,
0,
0,
0,
0,
0,
0,
0,
0,
0,
0,
0,
0,
14791,
52796,
38004,
52763,
40085,
37972,
12743,
0,
0,
0,
0,
0,
0,
0,
0,
0,
0,
0,
0,
0,
0,
0,
0,
0,
0,
0,
0,
0,
0,
0,
0,
0,
14759,
23276,
52763,
38004,
23276,
38004,
38005,
14791,
0,
0,
0,
0,
0,
0,
0,
0,
0,
0,
0,
0,
0,
0,
0,
0,
0,
0,
0,
0,
0,
0,
0,
12710,
35859,
23244,
21131,
21131,
40085,
35858,
35859,
14791,
0,
0,
0,
0,
0,
0,
0,
0,
0,
0,
0,
0,
0,
0,
0,
0,
0,
0,
0,
14759,
12743,
0,
0,
14759,
23244,
40085,
29584,
38004,
40085,
37972,
12743,
0,
0,
0,
0,
0,
0,
0,
0,
0,
0,
0,
0,
0,
0,
0,
0,
0,
0,
0,
14758,
65492,
54766,
12710,
14791,
50682,
50682,
23244,
21163,
21164,
23244,
12711,
0,
0,
12710,
12710,
14791,
0,
0,
0,
0,
0,
0,
0,
0,
0,
0,
0,
0,
0,
0,
14758,
61170,
23244,
21131,
21131,
52795,
48537,
48537,
52795,
21131,
48537,
52795,
35858,
12678,
14791,
35858,
35891,
23244,
12710,
0,
0,
0,
0,
0,
0,
0,
0,
0,
0,
0,
0,
0,
14759,
23244,
65492,
65491,
54766,
23276,
52763,
52763,
23276,
38004,
23244,
52796,
50715,
40085,
56878,
23212,
38005,
38005,
12743,
0,
0,
0,
0,
0,
0,
0,
0,
0,
0,
0,
0,
14791,
23244,
65395,
23244,
21164,
23212,
52796,
50682,
50682,
40085,
37972,
23212,
29617,
29584,
38004,
23276,
54733,
38004,
38005,
12711,
0,
0,
0,
0,
0,
0,
0,
0,
0,
0,
0,
0,
14791,
52653,
21163,
65492,
52621,
21131,
52795,
46489,
12710,
40085,
35858,
21163,
52795,
46456,
27503,
56878,
61202,
52621,
12743,
0,
0,
0,
0,
0,
0,
0,
0,
0,
0,
0,
0,
0,
14791,
58926,
65492,
56878,
23276,
52763,
52795,
14759,
64363,
40085,
40085,
65535,
23276,
52763,
40085,
65492,
64363,
65492,
14791,
0,
0,
0,
0,
0,
0,
0,
0,
0,
0,
0,
0,
0,
14791,
23276,
65395,
23276,
50682,
50650,
23244,
50743,
65535,
40085,
21163,
23244,
52796,
50650,
38004,
58958,
65394,
56846,
14791,
0,
0,
0,
0,
0,
0,
0,
0,
0,
0,
0,
0,
0,
0,
12710,
50541,
14791,
48537,
46456,
23276,
35859,
35859,
40085,
21163,
48537,
52795,
35859,
35891,
23276,
50541,
21163,
23244,
12710,
0,
0,
0,
0,
0,
0,
0,
0,
0,
0,
0,
0,
0,
0,
12710,
14759,
14791,
38005,
40085,
38005,
38005,
23244,
38005,
38005,
40085,
38005,
23276,
56878,
23244,
23244,
23276,
38004,
14791,
0,
0,
0,
0,
0,
0,
0,
0,
0,
0,
0,
0,
0,
0,
0,
0,
12710,
23244,
23212,
35923,
40085,
35891,
35923,
40085,
35891,
23244,
56878,
21131,
21163,
40085,
27471,
38004,
14791,
0,
0,
0,
0,
0,
0,
0,
0,
0,
0,
0,
0,
0,
0,
0,
12678,
40085,
35859,
35859,
40085,
21131,
35859,
40085,
21163,
52653,
14759,
12678,
35891,
38004,
27471,
50650,
12743,
0,
0,
0,
0,
0,
0,
0,
0,
0,
0,
0,
0,
0,
0,
0,
14759,
29617,
29617,
38005,
40085,
38005,
23244,
23244,
12710,
14791,
0,
0,
14759,
40085,
29616,
29616,
14791,
0,
0,
0,
0,
0,
0,
0,
0,
0,
0,
0,
0,
0,
0,
0,
0,
14791,
37972,
27503,
40085,
21163,
37972,
52795,
35891,
12711,
0,
0,
0,
14759,
12710,
50683,
14791,
0,
0,
0,
0,
0,
0,
0,
0,
0,
0,
0,
0,
0,
0,
0,
0,
14791,
35859,
35859,
29617,
21163,
48537,
40085,
46489,
48569,
14791,
0,
0,
0,
0,
12710,
12743,
0,
0,
0,
0,
0,
0,
0,
0,
0,
0,
0,
0,
0,
0,
0,
0,
0,
14791,
40085,
23276,
64363,
52795,
52796,
40085,
40085,
14791,
0,
0,
0,
0,
0,
0,
0,
0,
0,
0,
0,
0,
0,
0,
0,
0,
0,
0,
0,
0,
0,
0,
0,
12710,
29551,
64363,
48569,
50650,
52795,
48569,
12711,
0,
0,
0,
0,
0,
0,
0,
0,
0,
0,
0,
0,
0,
0,
0,
0,
0,
0,
0,
0,
0,
0,
0,
0,
0,
12710,
52795,
48537,
62218,
52795,
35859,
12711,
0,
0,
0,
0,
0,
0,
0,
0,
0,
0,
0,
0,
0,
0,
0,
0,
0,
0,
0,
0,
0,
0,
0,
0,
0,
0,
14759,
52795,
64363,
14759,
14791,
0,
0,
0,
0,
0,
0,
0,
0,
0,
0,
0,
0,
0,
0,
0,
0,
0,
0,
0,
0,
0,
0,
0,
0,
0,
0,
0,
0,
12678,
12710,
0,
0,
0,
0,
0,
0,
0,
0,
0,
0,
0,
0,
0,
0,
0,
0,
0,
0,
0,
0,
0,
0,
0,
0,
0,
0,
0,
0,
0,
0,
0,
0,
0,
0,
0,
0,
0,
0,
0,
0,
0,
0,
0,
0,
0,
0,
0,
0,
0,
0,
0,
0,
0,
0,
0,
0,
0,
0,
0,
0,
0,
0,
0,
0,
0,
0,
0,
0,
0,
0,
0,
0,
0,
0,
0,
0,
0,
0,
0,
0,
0,
0,
0,
0,
0,
0,
0,
0,
0,
0,
0,
0,
0,
0,
0,
0,
0,
0,
0,
0,
0,
0,
0,
0,
0,
0,
0,
0,
0,
0,
0,
