1818
0,
0,
0,
0,
0,
0,
0,
0,
0,
0,
0,
0,
0,
0,
0,
0,
0,
0,
0,
0,
0,
0,
0,
0,
0,
0,
0,
0,
0,
0,
0,
0,
0,
0,
0,
0,
0,
0,
0,
0,
0,
0,
0,
0,
0,
0,
0,
0,
0,
0,
0,
0,
0,
0,
0,
0,
0,
0,
0,
0,
0,
0,
0,
0,
0,
0,
0,
0,
0,
0,
0,
0,
0,
0,
0,
0,
0,
0,
0,
0,
0,
0,
0,
0,
0,
0,
0,
0,
0,
0,
0,
0,
0,
0,
0,
0,
0,
0,
0,
0,
0,
0,
0,
0,
0,
0,
0,
0,
0,
0,
0,
0,
0,
0,
0,
0,
12710,
12710,
12710,
0,
0,
0,
0,
0,
0,
0,
0,
0,
0,
0,
0,
0,
0,
0,
0,
0,
0,
0,
0,
0,
0,
0,
0,
0,
0,
0,
0,
14758,
52592,
52624,
50511,
12743,
0,
0,
0,
0,
0,
0,
0,
0,
0,
0,
0,
0,
0,
0,
0,
0,
0,
0,
0,
0,
12710,
12678,
12678,
0,
0,
0,
14791,
46318,
46351,
23243,
12678,
0,
0,
0,
0,
0,
0,
0,
0,
0,
0,
0,
0,
0,
0,
0,
0,
0,
0,
0,
12710,
12711,
32383,
32319,
23211,
12743,
0,
0,
14791,
50512,
23243,
23243,
12711,
0,
0,
0,
0,
0,
0,
0,
0,
0,
0,
0,
0,
0,
0,
0,
0,
0,
0,
14791,
32351,
32319,
32383,
32351,
32319,
12743,
0,
14759,
52624,
23243,
52592,
52624,
50511,
12743,
0,
0,
0,
0,
0,
0,
0,
0,
0,
0,
0,
0,
0,
0,
0,
0,
0,
12710,
21130,
21130,
23243,
30141,
30141,
32351,
12678,
21130,
23243,
46318,
46351,
23243,
21130,
46351,
12743,
0,
0,
0,
0,
0,
0,
0,
0,
0,
0,
0,
0,
0,
0,
0,
12710,
23243,
49835,
49834,
51915,
23243,
32319,
32383,
32319,
32319,
23243,
50512,
23243,
23243,
21162,
23243,
12743,
0,
0,
0,
0,
0,
0,
0,
0,
0,
0,
0,
0,
0,
0,
14758,
64171,
51915,
49834,
21162,
23243,
30239,
21162,
23243,
30239,
30239,
32351,
21162,
23243,
52624,
48431,
50512,
12743,
0,
0,
0,
0,
0,
0,
0,
0,
0,
0,
0,
0,
0,
14791,
62934,
60043,
23243,
21130,
28093,
32351,
21162,
63422,
51915,
21130,
17236,
19350,
21130,
30173,
23243,
21130,
48399,
50544,
12678,
0,
0,
0,
0,
0,
0,
0,
0,
0,
0,
0,
0,
14759,
64204,
23243,
32383,
32351,
30271,
32351,
23211,
49835,
64204,
23243,
32319,
32351,
19350,
23243,
32383,
30239,
23243,
52624,
50511,
12743,
0,
0,
0,
0,
0,
0,
0,
0,
0,
0,
12678,
64204,
23211,
30207,
32351,
30239,
30207,
32383,
30239,
21162,
23243,
30239,
30239,
19383,
52888,
23211,
25819,
30206,
32319,
23243,
21162,
12743,
0,
0,
0,
0,
0,
0,
0,
0,
0,
0,
12678,
23243,
30174,
28093,
32351,
17236,
17236,
32351,
17237,
30141,
32351,
28093,
30141,
19350,
12710,
63454,
23243,
21130,
30174,
32319,
12678,
0,
0,
0,
0,
0,
0,
0,
0,
0,
0,
0,
0,
14791,
32351,
19350,
19383,
51915,
49867,
23243,
23243,
32351,
32383,
32351,
32351,
19383,
57082,
65535,
23243,
37900,
23243,
23243,
32319,
12743,
0,
0,
0,
0,
0,
0,
0,
0,
0,
0,
12710,
32351,
19350,
64171,
64204,
49834,
47786,
51915,
49834,
21163,
32383,
30239,
30239,
25819,
52888,
21162,
23243,
35819,
37899,
23243,
21162,
12743,
0,
0,
0,
0,
0,
0,
0,
0,
0,
0,
12678,
32351,
62123,
60043,
64204,
60043,
45706,
51915,
45706,
45706,
23243,
28093,
30141,
32351,
21130,
21130,
23243,
21130,
35787,
50544,
12678,
0,
0,
0,
0,
0,
0,
0,
0,
0,
0,
0,
12711,
25819,
64204,
65111,
65112,
64204,
64204,
51915,
51915,
51915,
23243,
32351,
32351,
32383,
23243,
37932,
23243,
37900,
23243,
52624,
50544,
12743,
0,
0,
0,
0,
0,
0,
0,
0,
0,
0,
0,
14759,
64204,
65503,
65112,
62123,
62091,
51915,
49834,
62123,
23243,
30174,
30206,
23243,
21162,
37867,
37932,
21130,
37867,
23243,
46351,
12711,
0,
0,
0,
0,
0,
0,
0,
0,
0,
0,
0,
12711,
23673,
60043,
64204,
60075,
60853,
51915,
60043,
60043,
23243,
28093,
21130,
23243,
21130,
21162,
37932,
21130,
35787,
23243,
46318,
12711,
0,
0,
0,
0,
0,
0,
0,
0,
0,
0,
0,
0,
14791,
25787,
64204,
64204,
51915,
51915,
64204,
23243,
32383,
32351,
23243,
37932,
23243,
23243,
37932,
37900,
23243,
14791,
50544,
12743,
0,
0,
0,
0,
0,
0,
0,
0,
0,
0,
0,
0,
0,
12678,
23243,
47786,
47754,
51915,
21162,
30206,
32383,
30174,
21162,
37932,
35787,
21162,
23243,
46351,
12711,
0,
12710,
0,
0,
0,
0,
0,
0,
0,
0,
0,
0,
0,
0,
0,
0,
12678,
32351,
21162,
28093,
32351,
30141,
30141,
32351,
28061,
12678,
23243,
46318,
21130,
23243,
46318,
12710,
0,
0,
0,
0,
0,
0,
0,
0,
0,
0,
0,
0,
0,
0,
0,
0,
0,
14791,
32351,
25819,
32383,
32351,
32351,
23243,
12710,
0,
14791,
52624,
12710,
14791,
52624,
12710,
0,
0,
0,
0,
0,
0,
0,
0,
0,
0,
0,
0,
0,
0,
0,
0,
0,
14791,
30206,
30174,
32383,
30206,
21162,
12710,
0,
0,
14791,
48399,
12711,
0,
12710,
0,
0,
0,
0,
0,
0,
0,
0,
0,
0,
0,
0,
0,
0,
0,
0,
0,
0,
0,
12710,
30141,
32351,
30173,
12710,
0,
0,
12678,
52624,
12710,
0,
0,
0,
0,
0,
0,
0,
0,
0,
0,
0,
0,
0,
0,
0,
0,
0,
0,
0,
0,
0,
0,
0,
12710,
12710,
12743,
0,
0,
0,
12710,
12743,
0,
0,
0,
0,
0,
0,
0,
0,
0,
0,
0,
0,
0,
0,
0,
0,
0,
0,
0,
0,
0,
0,
0,
0,
0,
0,
0,
0,
0,
0,
0,
0,
0,
0,
0,
0,
0,
0,
0,
0,
0,
0,
0,
0,
0,
0,
0,
0,
0,
0,
0,
0,
0,
0,
0,
0,
0,
0,
0,
0,
0,
0,
0,
0,
0,
0,
0,
0,
0,
0,
0,
0,
0,
0,
0,
0,
0,
0,
0,
0,
0,
0,
0,
0,
0,
0,
0,
0,
0,
0,
0,
0,
0,
0,
0,
0,
0,
0,
0,
0,
0,
0,
0,
0,
0,
0,
0,
0,
0,
0,
0,
0,
0,
0,
0,
0,
0,
0,
0,
0,
0,
0,
0,
0,
0,
0,
0,
0,
0,
0,
0,
0,
0,
0,
0,
0,
0,
0,
0,
0,
0,
