1818
0,
0,
0,
0,
0,
0,
0,
0,
0,
0,
0,
0,
0,
0,
0,
0,
0,
0,
0,
0,
0,
0,
0,
0,
0,
0,
0,
0,
0,
0,
0,
0,
0,
0,
0,
0,
0,
0,
0,
0,
0,
0,
0,
0,
0,
0,
0,
0,
0,
0,
0,
0,
0,
0,
0,
0,
0,
0,
0,
0,
0,
0,
0,
0,
0,
0,
0,
0,
0,
0,
0,
0,
0,
0,
0,
0,
0,
0,
0,
0,
0,
0,
0,
0,
0,
0,
0,
0,
0,
0,
0,
0,
0,
0,
0,
0,
0,
0,
0,
0,
0,
0,
0,
0,
0,
0,
0,
0,
0,
12711,
0,
0,
0,
0,
0,
0,
0,
0,
0,
0,
0,
0,
0,
0,
0,
0,
0,
0,
0,
0,
0,
0,
0,
0,
0,
0,
0,
0,
0,
0,
14823,
65535,
14791,
0,
0,
0,
0,
0,
0,
0,
0,
0,
0,
0,
0,
0,
0,
0,
0,
0,
0,
0,
0,
0,
0,
0,
0,
0,
0,
0,
0,
14791,
39981,
33610,
44174,
12711,
0,
0,
0,
0,
0,
0,
0,
0,
0,
0,
0,
0,
0,
0,
0,
0,
0,
0,
0,
0,
0,
0,
0,
0,
0,
0,
14758,
44207,
65503,
33611,
44207,
63454,
12743,
0,
0,
0,
0,
0,
0,
0,
0,
0,
0,
0,
0,
0,
0,
0,
0,
0,
0,
0,
0,
0,
0,
0,
0,
0,
14791,
44207,
35723,
44207,
44175,
14791,
0,
0,
0,
0,
0,
0,
0,
0,
0,
0,
0,
0,
0,
0,
0,
0,
0,
0,
0,
0,
0,
0,
0,
0,
0,
12710,
33610,
44175,
39981,
42061,
14791,
0,
12710,
14759,
12711,
0,
0,
0,
0,
0,
0,
0,
0,
0,
0,
0,
0,
0,
0,
0,
0,
0,
0,
0,
0,
0,
14791,
40013,
33610,
23275,
21162,
21162,
14759,
12710,
33643,
35691,
21162,
12743,
0,
0,
0,
0,
0,
0,
0,
0,
0,
0,
0,
0,
0,
0,
0,
0,
0,
0,
0,
0,
14791,
44175,
23275,
23275,
46514,
46546,
33804,
33804,
23275,
25323,
61012,
35691,
14791,
14791,
0,
0,
0,
0,
0,
0,
0,
0,
0,
0,
0,
0,
0,
0,
0,
0,
0,
0,
14791,
39981,
21162,
46514,
42288,
29611,
31724,
21162,
56819,
60980,
54674,
56819,
58899,
31498,
14791,
0,
0,
0,
0,
0,
0,
0,
0,
0,
0,
0,
0,
0,
0,
0,
0,
0,
14791,
21162,
44401,
23275,
21162,
31692,
23275,
54706,
58899,
61012,
54706,
58899,
58899,
31530,
44174,
14791,
0,
0,
0,
0,
0,
0,
0,
0,
0,
0,
0,
0,
0,
0,
0,
14791,
33804,
33804,
23275,
46546,
46514,
23275,
25323,
60980,
61012,
61012,
60980,
61012,
35691,
35691,
44175,
14791,
0,
0,
0,
0,
0,
0,
0,
0,
0,
0,
0,
0,
0,
0,
12710,
42288,
46514,
21162,
44369,
46514,
42288,
42321,
23275,
54674,
56819,
60980,
54674,
14758,
42094,
39949,
14791,
0,
0,
0,
0,
0,
0,
0,
0,
0,
0,
0,
0,
0,
0,
14791,
44401,
44401,
46514,
23243,
46481,
46546,
44369,
46481,
25323,
56787,
60980,
61012,
23210,
62118,
44174,
40013,
14791,
0,
0,
0,
0,
0,
0,
0,
0,
0,
0,
0,
0,
0,
0,
14791,
46514,
46514,
46514,
23275,
46514,
46546,
46514,
46514,
33804,
23275,
61012,
46255,
65535,
65535,
44175,
14791,
0,
0,
0,
0,
0,
0,
0,
0,
0,
0,
0,
0,
0,
0,
0,
14791,
42288,
42288,
23243,
21162,
44369,
46514,
42256,
23272,
31724,
21130,
23243,
44174,
39949,
42094,
23243,
12711,
0,
0,
0,
0,
0,
0,
0,
0,
0,
0,
0,
0,
0,
0,
0,
0,
12710,
23243,
46546,
44401,
23243,
46514,
23273,
31724,
23275,
44369,
23243,
23275,
21162,
23243,
25385,
23272,
14791,
0,
0,
0,
0,
0,
0,
0,
0,
0,
0,
0,
0,
0,
0,
0,
14759,
46514,
46546,
46514,
46514,
23275,
31724,
23275,
46546,
46514,
46514,
46546,
31724,
25385,
25385,
25353,
14791,
0,
0,
0,
0,
0,
0,
0,
0,
0,
0,
0,
0,
0,
0,
14791,
42288,
42288,
46514,
42288,
42320,
33804,
21162,
42320,
46514,
42288,
44401,
46482,
21130,
23273,
23243,
23240,
12743,
0,
0,
0,
0,
0,
0,
0,
0,
0,
0,
0,
0,
0,
0,
14791,
44401,
44401,
46546,
44401,
46481,
33804,
23242,
46481,
46514,
44369,
46514,
25324,
65535,
23275,
65535,
21162,
44174,
14791,
0,
0,
0,
0,
0,
0,
0,
0,
0,
0,
0,
0,
0,
0,
14791,
46514,
46546,
46481,
25385,
33804,
23243,
23275,
46546,
46481,
23243,
25323,
58899,
61012,
44207,
65535,
23275,
44175,
12743,
0,
0,
0,
0,
0,
0,
0,
0,
0,
0,
0,
0,
0,
12710,
42288,
46514,
23240,
29611,
23275,
29579,
29611,
23243,
21162,
56819,
58932,
54674,
56819,
56819,
21130,
42094,
42094,
52825,
14791,
0,
0,
0,
0,
0,
0,
0,
0,
0,
0,
0,
0,
0,
14758,
33804,
31691,
23243,
33804,
29611,
23243,
61012,
56787,
60980,
61012,
42061,
44174,
58932,
21162,
44174,
44174,
31530,
14824,
0,
0,
0,
0,
0,
0,
0,
0,
0,
0,
0,
0,
0,
0,
14791,
14791,
31724,
33804,
31692,
23275,
61012,
58899,
61012,
44207,
58899,
61012,
23275,
42094,
44175,
44207,
57051,
14824,
0,
0,
0,
0,
0,
0,
0,
0,
0,
0,
0,
0,
0,
0,
0,
0,
12710,
33804,
29579,
29611,
23275,
54674,
42094,
58932,
54674,
23243,
42094,
39949,
42094,
12710,
12711,
0,
0,
0,
0,
0,
0,
0,
0,
0,
0,
0,
0,
0,
0,
0,
0,
0,
0,
14791,
14759,
25385,
25385,
25353,
14791,
14791,
12743,
0,
14791,
12710,
14791,
0,
0,
0,
0,
0,
0,
0,
0,
0,
0,
0,
0,
0,
0,
0,
0,
0,
0,
0,
0,
0,
0,
14759,
14791,
12743,
0,
0,
0,
0,
0,
0,
0,
0,
0,
0,
0,
0,
0,
0,
0,
0,
0,
0,
0,
0,
0,
0,
0,
0,
0,
0,
0,
0,
0,
0,
0,
0,
0,
0,
0,
0,
0,
0,
0,
0,
0,
0,
0,
0,
0,
0,
0,
0,
0,
0,
0,
0,
0,
0,
0,
0,
0,
0,
0,
0,
0,
0,
0,
0,
0,
0,
0,
0,
0,
0,
0,
0,
0,
0,
0,
0,
0,
0,
0,
0,
0,
0,
0,
0,
0,
0,
0,
0,
0,
0,
0,
0,
0,
0,
0,
0,
0,
0,
0,
0,
0,
0,
0,
0,
0,
0,
0,
0,
0,
0,
0,
0,
