1818
0,
0,
0,
0,
0,
0,
0,
0,
0,
0,
0,
0,
0,
0,
0,
0,
0,
0,
0,
0,
0,
0,
0,
0,
0,
0,
0,
0,
0,
0,
0,
0,
0,
0,
0,
0,
0,
0,
0,
0,
0,
0,
0,
0,
0,
0,
0,
0,
0,
0,
0,
0,
0,
0,
0,
0,
0,
0,
0,
0,
0,
0,
0,
0,
0,
0,
0,
0,
0,
0,
0,
0,
0,
0,
0,
0,
0,
0,
0,
0,
0,
0,
0,
0,
0,
0,
0,
0,
0,
0,
0,
0,
0,
0,
0,
0,
0,
0,
0,
0,
0,
0,
0,
0,
0,
0,
0,
0,
0,
0,
0,
0,
0,
0,
0,
0,
0,
0,
0,
0,
0,
0,
0,
0,
0,
0,
0,
0,
0,
0,
0,
0,
0,
0,
0,
0,
0,
0,
0,
12710,
14791,
0,
0,
0,
0,
0,
0,
0,
0,
0,
0,
0,
0,
0,
0,
0,
0,
0,
0,
0,
0,
0,
0,
0,
0,
0,
0,
0,
0,
0,
0,
14791,
54861,
14791,
0,
0,
0,
0,
0,
0,
0,
0,
0,
0,
0,
0,
0,
0,
0,
0,
0,
0,
0,
0,
0,
0,
0,
0,
0,
0,
0,
0,
12710,
21162,
23275,
48524,
12710,
14759,
12710,
0,
0,
0,
0,
0,
0,
0,
0,
0,
0,
0,
0,
0,
0,
0,
0,
0,
0,
0,
0,
0,
0,
0,
12710,
14791,
65190,
65255,
60265,
23243,
65531,
65532,
65498,
14759,
14791,
12711,
0,
0,
0,
0,
0,
0,
0,
0,
0,
0,
0,
0,
0,
0,
0,
0,
0,
0,
0,
14791,
65319,
65319,
65319,
65319,
64806,
58217,
25323,
65532,
65532,
65532,
65532,
65522,
14791,
0,
0,
0,
0,
0,
0,
0,
0,
0,
0,
0,
0,
0,
0,
0,
0,
0,
0,
12710,
62629,
65319,
63078,
62629,
60265,
54024,
21162,
65531,
63385,
65489,
65522,
48524,
21162,
12710,
12678,
12743,
0,
0,
0,
0,
0,
0,
0,
0,
0,
0,
0,
0,
0,
0,
14791,
65190,
65222,
64806,
56137,
58217,
60297,
65489,
65521,
52781,
12710,
38032,
65522,
63441,
23275,
52781,
50636,
23243,
14791,
0,
0,
0,
0,
0,
0,
0,
0,
0,
0,
0,
0,
0,
14791,
58217,
64774,
65319,
58217,
60297,
65522,
65521,
65522,
14791,
14791,
65522,
65522,
23243,
65522,
42219,
52749,
23275,
14791,
0,
0,
0,
0,
0,
0,
0,
0,
0,
0,
0,
0,
0,
0,
12710,
62629,
60265,
54024,
56137,
65522,
54056,
63440,
65522,
63376,
65489,
52813,
63376,
65489,
65489,
12678,
12743,
0,
0,
0,
0,
0,
0,
0,
0,
0,
0,
0,
0,
0,
0,
0,
14790,
65222,
60265,
23243,
65521,
60265,
23242,
65521,
65522,
50637,
52813,
65522,
65489,
65522,
52781,
12711,
0,
0,
0,
0,
0,
0,
0,
0,
0,
0,
0,
0,
0,
0,
0,
0,
14790,
65287,
64806,
23275,
65522,
14791,
64741,
23275,
65522,
65521,
65522,
65522,
65521,
65522,
65522,
65521,
14791,
14791,
12743,
0,
0,
0,
0,
0,
0,
0,
0,
0,
0,
0,
0,
14791,
63078,
62629,
14791,
0,
12710,
0,
12710,
65158,
60297,
63385,
65489,
65522,
63376,
65489,
65521,
63376,
65521,
65521,
33806,
14791,
0,
0,
0,
0,
0,
0,
0,
0,
0,
0,
0,
14791,
12710,
14759,
0,
0,
0,
14791,
64773,
65287,
60297,
65531,
65532,
65522,
65521,
54861,
60297,
65521,
65522,
65522,
35951,
14824,
0,
0,
0,
0,
0,
0,
0,
0,
0,
0,
0,
0,
0,
0,
0,
0,
14791,
60297,
64741,
60297,
65532,
65531,
65532,
65522,
65521,
65522,
64806,
23243,
23275,
14791,
12743,
0,
0,
0,
0,
0,
0,
0,
0,
0,
0,
0,
0,
0,
0,
0,
0,
0,
14758,
65287,
54056,
65498,
65531,
63385,
65489,
65522,
61328,
23242,
64741,
54024,
12743,
0,
0,
0,
0,
0,
0,
0,
0,
0,
0,
0,
0,
0,
0,
0,
0,
0,
14791,
14759,
23275,
64806,
58217,
65532,
65532,
65531,
65522,
23275,
23243,
60265,
60265,
12743,
0,
0,
0,
0,
0,
0,
0,
0,
0,
0,
0,
0,
0,
0,
0,
0,
12710,
12710,
64806,
65222,
65255,
25323,
65489,
65531,
65532,
65489,
65522,
65522,
65489,
23243,
14791,
0,
0,
0,
0,
0,
0,
0,
0,
0,
0,
0,
0,
0,
0,
0,
0,
14791,
62597,
54056,
65319,
63078,
62629,
60265,
21162,
63440,
65522,
63376,
65489,
65522,
63376,
50669,
23243,
12710,
0,
0,
0,
0,
0,
0,
0,
0,
0,
0,
0,
0,
0,
0,
0,
0,
14759,
58217,
60265,
58217,
60265,
60265,
12710,
14791,
65522,
65521,
60297,
65522,
65521,
54861,
38031,
12743,
0,
0,
0,
0,
0,
0,
0,
0,
0,
0,
0,
0,
0,
0,
0,
0,
12710,
64741,
65319,
56137,
58217,
14791,
0,
0,
14791,
64709,
64806,
60265,
12710,
14759,
14791,
0,
0,
0,
0,
0,
0,
0,
0,
0,
0,
0,
0,
0,
0,
12678,
12678,
14791,
62629,
65126,
65287,
54056,
62629,
14791,
0,
14758,
65287,
62597,
56137,
14791,
0,
0,
0,
0,
0,
0,
0,
0,
0,
0,
0,
0,
0,
0,
0,
0,
0,
14791,
65319,
65319,
65287,
65319,
64806,
58217,
14791,
0,
0,
14791,
65319,
14759,
14791,
0,
0,
0,
0,
0,
0,
0,
0,
0,
0,
0,
0,
0,
0,
0,
0,
0,
0,
0,
14790,
65319,
65222,
64741,
14791,
12743,
0,
0,
0,
12710,
14791,
0,
0,
0,
0,
0,
0,
0,
0,
0,
0,
0,
0,
0,
0,
0,
0,
0,
0,
0,
0,
0,
0,
14791,
12678,
12678,
0,
0,
0,
0,
0,
0,
0,
0,
0,
0,
0,
0,
0,
0,
0,
0,
0,
0,
0,
0,
0,
0,
0,
0,
0,
0,
0,
0,
0,
0,
0,
0,
0,
0,
0,
0,
0,
0,
0,
0,
0,
0,
0,
0,
0,
0,
0,
0,
0,
0,
0,
0,
0,
0,
0,
0,
0,
0,
0,
0,
0,
0,
0,
0,
0,
0,
0,
0,
0,
0,
0,
0,
0,
0,
0,
0,
0,
0,
0,
0,
0,
0,
0,
0,
0,
0,
0,
0,
0,
0,
0,
0,
0,
0,
0,
0,
0,
0,
0,
0,
0,
0,
0,
0,
0,
0,
0,
0,
0,
0,
0,
0,
0,
0,
0,
0,
0,
0,
0,
0,
0,
0,
0,
0,
0,
0,
0,
0,
0,
0,
0,
0,
0,
0,
0,
0,
0,
0,
0,
0,
0,
0,
0,
0,
0,
0,
0,
0,
0,
0,
0,
