1818
0,
0,
0,
0,
0,
0,
0,
0,
0,
0,
0,
0,
0,
0,
0,
0,
0,
0,
0,
0,
0,
0,
0,
0,
0,
0,
0,
0,
0,
0,
0,
0,
0,
0,
0,
0,
0,
0,
0,
0,
0,
0,
0,
0,
0,
0,
0,
0,
0,
0,
0,
0,
0,
0,
0,
0,
0,
0,
0,
0,
0,
0,
0,
0,
0,
0,
0,
0,
0,
0,
0,
0,
0,
0,
0,
0,
0,
0,
0,
0,
12710,
12678,
12743,
0,
12678,
12710,
14791,
0,
0,
0,
0,
0,
0,
0,
0,
0,
0,
0,
0,
0,
0,
0,
0,
0,
0,
0,
0,
0,
12678,
14823,
0,
12710,
58481,
52240,
54938,
14758,
41773,
45933,
45966,
12710,
0,
0,
0,
0,
0,
0,
0,
0,
0,
0,
0,
0,
0,
0,
0,
0,
0,
0,
0,
14791,
56911,
23243,
14791,
58481,
58481,
58481,
48046,
23243,
23243,
23243,
48046,
45966,
14823,
0,
0,
0,
0,
0,
0,
0,
0,
0,
0,
0,
0,
0,
12678,
14823,
0,
12678,
14791,
63283,
54799,
65535,
42122,
23210,
48014,
43853,
64949,
38031,
61203,
54831,
23211,
21130,
14791,
0,
0,
0,
0,
0,
0,
0,
0,
0,
0,
0,
0,
12678,
43853,
58481,
12678,
62804,
46347,
61170,
63283,
23243,
21130,
42122,
23243,
62771,
64917,
64949,
33806,
65396,
54831,
59090,
14791,
0,
0,
0,
0,
0,
0,
0,
0,
0,
0,
0,
0,
14791,
58481,
58481,
64982,
64982,
46347,
65492,
65492,
46315,
23243,
23243,
46315,
23243,
64982,
64982,
38031,
65493,
56943,
65460,
56911,
14823,
0,
0,
0,
0,
0,
0,
0,
0,
0,
0,
0,
12710,
54288,
48046,
62803,
62804,
46347,
61170,
35918,
65460,
21130,
21162,
44267,
21130,
64917,
64949,
33806,
65396,
54831,
61170,
54831,
12743,
0,
0,
0,
0,
0,
0,
0,
0,
0,
0,
0,
0,
12678,
48046,
62803,
62804,
64982,
42122,
63283,
65460,
40042,
21162,
44267,
21130,
64917,
64949,
33806,
65396,
54831,
61170,
54831,
12743,
0,
0,
0,
0,
0,
0,
0,
0,
0,
0,
0,
0,
0,
14791,
64982,
65014,
65535,
65535,
56943,
65492,
46347,
65535,
23243,
64982,
64982,
23243,
23243,
23243,
56911,
23243,
23243,
14823,
0,
0,
0,
0,
0,
0,
0,
0,
0,
0,
0,
0,
0,
12710,
62803,
65503,
14791,
63422,
65503,
56911,
50605,
21162,
64949,
62771,
45966,
64982,
63390,
45933,
23243,
62771,
56433,
21162,
12710,
0,
0,
0,
0,
0,
0,
0,
0,
0,
0,
0,
0,
12710,
21130,
54320,
65535,
65503,
56401,
46315,
21130,
56401,
64950,
43853,
64949,
64982,
52240,
65535,
23243,
62803,
64949,
56433,
50744,
14791,
0,
0,
0,
0,
0,
0,
0,
0,
0,
0,
14759,
48046,
64982,
64982,
64982,
58481,
58481,
58481,
58481,
58514,
64982,
48046,
64982,
64982,
64982,
23243,
64982,
64982,
64982,
58481,
45998,
14823,
0,
0,
0,
0,
0,
0,
0,
0,
0,
0,
12678,
64982,
52240,
21130,
58481,
52240,
54320,
58481,
52240,
64884,
64949,
62771,
64917,
64949,
62771,
23211,
64949,
62771,
58481,
56433,
50744,
14791,
0,
0,
0,
0,
0,
0,
0,
0,
0,
0,
12678,
48046,
64852,
54320,
12710,
12678,
12678,
12710,
12678,
56401,
64982,
62804,
64949,
23243,
21130,
64949,
56401,
52240,
58481,
56401,
12710,
0,
0,
0,
0,
0,
0,
0,
0,
0,
0,
0,
0,
12710,
12710,
12710,
0,
0,
0,
0,
0,
14759,
23243,
23243,
23243,
64982,
64982,
23243,
58481,
58481,
12710,
14823,
0,
0,
0,
0,
0,
0,
0,
0,
0,
0,
0,
0,
0,
0,
0,
0,
12710,
12710,
0,
12710,
12678,
21162,
65535,
31725,
21162,
23243,
41773,
54353,
21162,
12710,
0,
0,
0,
0,
0,
0,
0,
0,
0,
0,
0,
0,
0,
0,
0,
0,
0,
12710,
57083,
52825,
12710,
38031,
50776,
35918,
23243,
33806,
35919,
23243,
63422,
45966,
56401,
12710,
0,
0,
0,
0,
0,
0,
0,
0,
0,
0,
0,
0,
0,
0,
0,
0,
0,
0,
14759,
23243,
23243,
57083,
57051,
57083,
23243,
35951,
35951,
23243,
45966,
45998,
23243,
35919,
14823,
0,
0,
0,
0,
0,
0,
0,
0,
0,
0,
0,
0,
0,
0,
0,
0,
0,
14791,
50744,
33806,
23243,
50744,
52857,
57051,
21130,
35918,
35951,
21130,
65535,
21162,
31725,
14791,
0,
0,
0,
0,
0,
0,
0,
0,
0,
0,
0,
0,
0,
0,
0,
12678,
12678,
57083,
21162,
54938,
35951,
21162,
54938,
57051,
21162,
65535,
35951,
21130,
21162,
23243,
33805,
14791,
0,
0,
0,
0,
0,
0,
0,
0,
0,
0,
0,
0,
0,
0,
14791,
57083,
57083,
57083,
23243,
57083,
35951,
23243,
57083,
35951,
23243,
14791,
35951,
35951,
23243,
35951,
14791,
0,
0,
0,
0,
0,
0,
0,
0,
0,
0,
0,
0,
0,
0,
0,
0,
12678,
12678,
14791,
50744,
33806,
23243,
31725,
33806,
35951,
21130,
54938,
35951,
31725,
33838,
12743,
0,
0,
0,
0,
0,
0,
0,
0,
0,
0,
0,
0,
0,
0,
0,
0,
0,
0,
0,
0,
12678,
12710,
35951,
33838,
35919,
35951,
21162,
35951,
35951,
33838,
35919,
14791,
0,
0,
0,
0,
0,
0,
0,
0,
0,
0,
0,
0,
0,
0,
0,
0,
0,
0,
0,
0,
0,
0,
14759,
23243,
35951,
23243,
35951,
35951,
35951,
35951,
23243,
14823,
0,
0,
0,
0,
0,
0,
0,
0,
0,
0,
0,
0,
0,
0,
0,
0,
0,
0,
0,
0,
0,
12678,
35951,
31725,
12678,
35951,
31725,
33838,
35918,
12678,
12743,
0,
0,
0,
0,
0,
0,
0,
0,
0,
0,
0,
0,
0,
0,
0,
0,
0,
0,
0,
0,
0,
12710,
35919,
35951,
12710,
0,
12710,
12678,
12710,
14823,
0,
0,
0,
0,
0,
0,
0,
0,
0,
0,
0,
0,
0,
0,
0,
0,
0,
0,
0,
0,
0,
0,
0,
12710,
12710,
14823,
0,
0,
0,
0,
0,
0,
0,
0,
0,
0,
0,
0,
0,
0,
0,
0,
0,
0,
0,
0,
0,
0,
0,
0,
0,
0,
0,
0,
0,
0,
0,
0,
0,
0,
0,
0,
0,
0,
0,
0,
0,
0,
0,
0,
0,
0,
0,
0,
0,
0,
0,
0,
0,
0,
0,
0,
0,
0,
0,
0,
0,
0,
0,
0,
0,
0,
0,
0,
0,
0,
0,
0,
0,
0,
0,
0,
0,
0,
0,
0,
0,
0,
0,
0,
0,
0,
0,
0,
0,
0,
0,
0,
0,
0,
0,
0,
0,
0,
0,
0,
0,
0,
0,
0,
0,
0,
0,
0,
0,
0,
0,
0,
0,
0,
