1818
0,
0,
0,
0,
0,
0,
0,
0,
0,
0,
0,
0,
0,
0,
0,
0,
0,
0,
0,
0,
0,
0,
0,
0,
0,
0,
0,
0,
0,
0,
0,
0,
0,
0,
0,
0,
0,
0,
0,
0,
0,
0,
0,
0,
0,
0,
0,
0,
0,
0,
0,
0,
0,
0,
0,
0,
0,
0,
0,
0,
0,
0,
0,
0,
0,
0,
0,
0,
0,
0,
0,
0,
0,
0,
0,
0,
0,
0,
0,
0,
0,
0,
0,
0,
0,
0,
0,
0,
0,
0,
0,
0,
0,
0,
0,
0,
0,
0,
0,
0,
0,
0,
0,
0,
0,
0,
0,
0,
0,
0,
0,
0,
0,
0,
0,
0,
0,
0,
0,
0,
0,
0,
0,
0,
0,
0,
0,
0,
0,
0,
0,
0,
0,
0,
0,
12710,
12710,
0,
0,
0,
0,
0,
12710,
12710,
0,
0,
0,
0,
0,
0,
0,
0,
0,
0,
0,
0,
0,
0,
0,
0,
0,
0,
0,
0,
0,
0,
12678,
50743,
12710,
12678,
0,
0,
12678,
12678,
47819,
12678,
0,
0,
0,
0,
0,
12678,
12678,
0,
0,
0,
0,
0,
0,
0,
0,
0,
0,
0,
0,
0,
0,
0,
12710,
12678,
23243,
12710,
12710,
12710,
21162,
21162,
12710,
0,
12710,
12710,
0,
0,
12710,
43690,
12710,
0,
0,
0,
0,
0,
0,
0,
0,
0,
0,
0,
0,
0,
0,
0,
0,
12710,
12710,
23243,
46751,
65535,
65535,
65535,
23243,
12710,
23612,
12710,
0,
12710,
35951,
12710,
0,
12710,
12710,
0,
0,
0,
0,
0,
0,
0,
0,
0,
0,
0,
0,
0,
0,
0,
12710,
40478,
63422,
65535,
63422,
12678,
65535,
21130,
12678,
0,
0,
12678,
35951,
12678,
12678,
23580,
12678,
0,
0,
0,
0,
0,
0,
0,
0,
0,
0,
0,
0,
0,
0,
12678,
46783,
44671,
65535,
65535,
65535,
65535,
65535,
21162,
12710,
0,
0,
12710,
35951,
33838,
35951,
12710,
0,
0,
0,
0,
0,
0,
0,
0,
0,
0,
0,
0,
0,
0,
0,
12710,
46783,
44703,
65535,
65535,
65535,
65535,
65535,
12710,
0,
0,
12710,
12710,
23243,
21162,
12710,
0,
0,
0,
0,
0,
0,
0,
0,
0,
0,
0,
0,
0,
0,
0,
0,
12678,
46783,
40478,
40446,
65535,
63422,
63422,
32148,
12678,
0,
12710,
19049,
42527,
44703,
63390,
65535,
12710,
0,
0,
0,
0,
0,
0,
0,
0,
0,
0,
0,
0,
0,
0,
0,
12678,
23243,
21162,
44639,
32149,
30035,
30035,
32149,
12678,
12710,
23243,
30003,
44671,
65535,
65503,
65535,
65535,
12678,
12710,
0,
0,
0,
0,
0,
0,
0,
0,
0,
0,
0,
0,
12710,
54969,
57082,
35951,
23211,
32149,
21162,
32116,
23243,
21162,
23243,
32149,
30036,
44703,
65535,
65535,
12710,
65535,
21162,
57082,
12710,
0,
0,
0,
0,
0,
0,
0,
0,
0,
0,
12710,
21433,
12678,
23243,
33806,
21130,
23243,
41610,
21130,
23243,
0,
21130,
32148,
27890,
29971,
65535,
63390,
65535,
65535,
19049,
33838,
12710,
0,
0,
0,
0,
0,
0,
0,
0,
0,
0,
12710,
12710,
0,
12710,
35951,
12710,
12710,
35919,
23211,
23243,
0,
23243,
23243,
30036,
32116,
32148,
65535,
65535,
32148,
12710,
12710,
0,
0,
0,
0,
0,
0,
0,
0,
0,
0,
0,
0,
0,
12710,
47819,
12710,
0,
12710,
35919,
23211,
23243,
35919,
12710,
12710,
21162,
32116,
32149,
30036,
32148,
32149,
12710,
0,
0,
0,
0,
0,
0,
0,
0,
0,
0,
0,
0,
0,
0,
12678,
12710,
0,
12678,
32148,
21130,
33806,
35951,
21130,
12678,
0,
12678,
29971,
32116,
19049,
21162,
12710,
0,
0,
0,
0,
0,
0,
0,
0,
0,
0,
0,
0,
0,
0,
0,
0,
0,
12710,
44703,
46783,
32084,
23211,
23243,
32084,
23243,
12710,
0,
12710,
23243,
35918,
35951,
35951,
12710,
0,
0,
0,
0,
0,
0,
0,
0,
0,
0,
0,
0,
0,
0,
0,
12710,
12710,
44671,
46783,
42591,
30036,
32149,
30035,
32116,
12710,
0,
0,
12710,
33838,
12710,
12710,
21498,
12710,
0,
0,
0,
0,
0,
0,
0,
0,
0,
0,
0,
0,
0,
12678,
57082,
21130,
40446,
46783,
63422,
63422,
65535,
27890,
29971,
12710,
0,
0,
12710,
31725,
12678,
0,
12678,
12678,
0,
0,
0,
0,
0,
0,
0,
0,
0,
0,
0,
0,
0,
12710,
35951,
12710,
44703,
65535,
65535,
65535,
65535,
65535,
32116,
12710,
0,
0,
0,
12710,
47819,
12710,
0,
0,
0,
0,
0,
0,
0,
0,
0,
0,
0,
0,
0,
0,
0,
0,
12710,
0,
12710,
65535,
65535,
12710,
65535,
65535,
12710,
0,
0,
0,
0,
0,
12710,
12710,
0,
0,
0,
0,
0,
0,
0,
0,
0,
0,
0,
0,
0,
0,
0,
0,
0,
0,
12678,
32148,
63422,
63422,
65535,
27890,
12678,
0,
0,
0,
0,
0,
0,
0,
0,
0,
0,
0,
0,
0,
0,
0,
0,
0,
0,
0,
0,
0,
0,
0,
0,
0,
0,
12710,
23243,
23243,
23243,
12710,
0,
0,
0,
0,
0,
0,
0,
0,
0,
0,
0,
0,
0,
0,
0,
0,
0,
0,
0,
0,
0,
0,
0,
0,
0,
0,
12710,
35951,
21162,
21162,
23612,
12678,
0,
0,
0,
0,
0,
0,
0,
0,
0,
0,
0,
0,
0,
0,
0,
0,
0,
0,
0,
0,
0,
0,
0,
0,
0,
0,
12678,
47819,
12678,
21130,
23612,
12678,
0,
0,
0,
0,
0,
0,
0,
0,
0,
0,
0,
0,
0,
0,
0,
0,
0,
0,
0,
0,
0,
0,
0,
0,
0,
0,
12710,
12710,
0,
12710,
12710,
0,
0,
0,
0,
0,
0,
0,
0,
0,
0,
0,
0,
0,
0,
0,
0,
0,
0,
0,
0,
0,
0,
0,
0,
0,
0,
0,
0,
0,
0,
0,
0,
0,
0,
0,
0,
0,
0,
0,
0,
0,
0,
0,
0,
0,
0,
0,
0,
0,
0,
0,
0,
0,
0,
0,
0,
0,
0,
0,
0,
0,
0,
0,
0,
0,
0,
0,
0,
0,
0,
0,
0,
0,
0,
0,
0,
0,
0,
0,
0,
0,
0,
0,
0,
0,
0,
0,
0,
0,
0,
0,
0,
0,
0,
0,
0,
0,
0,
0,
0,
0,
0,
0,
0,
0,
0,
0,
0,
0,
0,
0,
0,
0,
0,
0,
0,
0,
0,
0,
0,
0,
0,
0,
0,
0,
0,
0,
0,
0,
0,
0,
0,
0,
0,
0,
0,
0,
0,
0,
0,
0,
0,
0,
0,
0,
