1818
0,
0,
0,
0,
0,
0,
0,
0,
0,
0,
0,
0,
0,
0,
0,
0,
0,
0,
0,
0,
0,
0,
0,
0,
0,
0,
0,
0,
0,
0,
0,
0,
0,
0,
0,
0,
0,
0,
0,
0,
0,
0,
0,
0,
0,
0,
0,
0,
0,
0,
0,
0,
0,
0,
0,
0,
0,
0,
0,
0,
0,
0,
0,
0,
0,
0,
0,
0,
0,
0,
0,
0,
0,
0,
0,
0,
0,
0,
0,
0,
0,
0,
0,
0,
0,
0,
0,
0,
0,
0,
0,
0,
0,
0,
0,
0,
0,
0,
0,
0,
0,
0,
0,
0,
0,
0,
0,
0,
0,
0,
12710,
12710,
0,
0,
0,
0,
0,
0,
0,
0,
0,
0,
0,
0,
0,
0,
0,
0,
0,
0,
0,
0,
0,
0,
0,
0,
0,
0,
0,
0,
0,
12710,
65535,
65535,
12711,
0,
0,
0,
0,
0,
0,
0,
0,
0,
0,
0,
0,
0,
0,
0,
0,
0,
0,
0,
0,
0,
0,
0,
0,
0,
0,
0,
0,
14823,
65535,
65535,
65535,
14759,
14791,
0,
0,
0,
0,
0,
0,
0,
0,
0,
0,
0,
0,
0,
0,
0,
0,
0,
0,
0,
0,
0,
0,
0,
0,
0,
0,
0,
12710,
14791,
63422,
23242,
65318,
12710,
0,
0,
0,
0,
0,
0,
0,
0,
0,
0,
0,
0,
0,
0,
0,
0,
0,
0,
0,
0,
0,
0,
0,
0,
0,
0,
0,
0,
12710,
65286,
65350,
61062,
12743,
0,
0,
0,
0,
0,
0,
0,
0,
0,
0,
0,
0,
0,
0,
0,
0,
0,
0,
0,
0,
0,
0,
0,
14759,
14791,
0,
0,
14791,
65351,
65351,
46345,
14791,
0,
0,
0,
0,
0,
0,
0,
0,
0,
0,
0,
0,
0,
0,
0,
0,
0,
0,
0,
12678,
14791,
0,
12710,
52495,
46189,
12678,
14790,
61062,
65254,
46345,
61030,
12711,
0,
0,
0,
0,
0,
0,
0,
0,
0,
0,
0,
0,
0,
0,
0,
0,
0,
0,
12710,
48302,
52495,
12710,
50383,
52495,
21130,
23210,
52495,
63142,
65286,
46345,
12710,
0,
0,
0,
0,
0,
0,
0,
0,
0,
0,
0,
0,
0,
0,
0,
0,
0,
0,
14759,
23243,
23243,
23243,
23275,
52495,
44011,
23275,
52495,
52495,
46345,
65351,
65535,
12743,
0,
0,
0,
14791,
0,
0,
0,
0,
0,
0,
0,
0,
0,
0,
0,
0,
0,
12678,
52495,
46222,
48270,
52495,
46222,
48302,
23275,
48270,
65535,
65535,
42120,
65255,
65535,
63422,
12710,
12710,
12678,
44265,
12743,
0,
0,
0,
0,
0,
0,
0,
0,
0,
0,
0,
0,
14758,
52495,
50382,
50383,
44011,
23210,
50415,
54576,
65535,
12710,
23275,
65535,
46345,
65535,
65535,
14791,
65527,
21162,
46345,
12743,
0,
0,
0,
0,
0,
0,
0,
0,
0,
0,
0,
0,
0,
14791,
23243,
23275,
52495,
52495,
52495,
52495,
44043,
65535,
65535,
44011,
44011,
23275,
40938,
36170,
23275,
65527,
14791,
0,
0,
0,
0,
0,
0,
0,
0,
0,
0,
0,
0,
0,
0,
0,
12678,
48270,
52495,
12678,
48302,
52495,
46222,
48302,
52495,
37770,
41930,
23275,
38761,
42665,
23243,
61301,
56976,
12743,
0,
0,
0,
0,
0,
0,
0,
0,
0,
0,
0,
0,
0,
0,
0,
12710,
14791,
0,
14759,
52495,
48302,
41931,
23243,
21162,
44043,
65527,
21162,
42986,
44778,
21162,
57008,
12743,
0,
0,
0,
0,
0,
0,
0,
0,
0,
0,
0,
0,
0,
0,
0,
0,
0,
0,
0,
14759,
12710,
14759,
14791,
52495,
52528,
65527,
23275,
42986,
44810,
23243,
57041,
23243,
12743,
0,
0,
0,
0,
0,
0,
0,
0,
0,
0,
0,
0,
0,
0,
0,
0,
0,
0,
0,
0,
0,
14791,
46222,
65526,
65526,
21130,
42665,
34057,
21130,
23243,
65254,
61030,
14791,
0,
0,
0,
0,
0,
0,
0,
0,
0,
0,
0,
0,
0,
0,
0,
0,
0,
0,
0,
14759,
52495,
50382,
65527,
65527,
63445,
23243,
34122,
21162,
23275,
65318,
12711,
0,
0,
0,
0,
0,
0,
0,
0,
0,
0,
0,
0,
0,
0,
0,
0,
0,
0,
14791,
50415,
52495,
54576,
65526,
65527,
65527,
65526,
23275,
57008,
14790,
65351,
65351,
65286,
14823,
0,
0,
0,
0,
0,
0,
0,
0,
0,
0,
0,
0,
0,
0,
0,
0,
12710,
52495,
46221,
48302,
65527,
61301,
65526,
65527,
61300,
12710,
12711,
0,
12710,
12710,
12710,
0,
0,
0,
0,
0,
0,
0,
0,
0,
0,
0,
0,
0,
0,
0,
0,
0,
14759,
52495,
50382,
65526,
65527,
65493,
65527,
46377,
63413,
12743,
0,
0,
0,
0,
0,
0,
0,
0,
0,
0,
0,
0,
0,
0,
0,
0,
0,
0,
0,
0,
0,
14759,
52495,
54576,
65526,
65527,
46377,
65526,
65527,
46377,
65526,
14791,
0,
0,
0,
0,
0,
0,
0,
0,
0,
0,
0,
0,
0,
0,
0,
0,
0,
0,
0,
0,
0,
12678,
48302,
52527,
61301,
63413,
46345,
61300,
44265,
65526,
12710,
0,
0,
0,
0,
0,
0,
0,
0,
0,
0,
0,
0,
0,
0,
0,
0,
0,
0,
0,
0,
0,
0,
14759,
52495,
65527,
65526,
46345,
65527,
65526,
46377,
65527,
12743,
0,
0,
0,
0,
0,
0,
0,
0,
0,
0,
0,
0,
0,
0,
0,
0,
0,
0,
0,
0,
0,
0,
0,
14791,
65527,
65526,
23275,
65527,
65526,
14759,
14791,
0,
0,
0,
0,
0,
0,
0,
0,
0,
0,
0,
0,
0,
0,
0,
0,
0,
0,
0,
0,
0,
0,
0,
0,
12710,
65527,
40040,
12678,
12710,
12710,
0,
0,
0,
0,
0,
0,
0,
0,
0,
0,
0,
0,
0,
0,
0,
0,
0,
0,
0,
0,
0,
0,
0,
0,
0,
0,
0,
14759,
12743,
0,
0,
0,
0,
0,
0,
0,
0,
0,
0,
0,
0,
0,
0,
0,
0,
0,
0,
0,
0,
0,
0,
0,
0,
0,
0,
0,
0,
0,
0,
0,
0,
0,
0,
0,
0,
0,
0,
0,
0,
0,
0,
0,
0,
0,
0,
0,
0,
0,
0,
0,
0,
0,
0,
0,
0,
0,
0,
0,
0,
0,
0,
0,
0,
0,
0,
0,
0,
0,
0,
0,
0,
0,
0,
0,
0,
0,
0,
0,
0,
0,
0,
0,
0,
0,
0,
0,
0,
0,
0,
0,
0,
0,
0,
0,
0,
0,
0,
0,
0,
0,
0,
0,
0,
0,
0,
0,
0,
0,
0,
0,
0,
0,
0,
