1818
0,
0,
0,
0,
0,
0,
0,
0,
0,
0,
0,
0,
0,
0,
0,
0,
0,
0,
0,
0,
0,
0,
0,
0,
0,
0,
0,
0,
0,
0,
0,
0,
0,
0,
0,
0,
0,
0,
0,
0,
0,
0,
0,
0,
0,
0,
0,
0,
0,
0,
0,
0,
0,
0,
0,
0,
0,
0,
0,
0,
0,
0,
0,
0,
0,
0,
0,
0,
0,
0,
0,
0,
0,
0,
0,
0,
0,
0,
0,
0,
0,
0,
0,
0,
0,
0,
0,
0,
0,
0,
0,
0,
0,
0,
0,
0,
0,
0,
0,
0,
0,
0,
0,
0,
0,
0,
0,
0,
0,
0,
0,
0,
12678,
12711,
0,
0,
0,
12710,
12710,
0,
0,
0,
0,
0,
0,
0,
0,
0,
0,
0,
0,
0,
0,
0,
0,
0,
0,
0,
0,
0,
0,
0,
12710,
14791,
65535,
65535,
12743,
0,
14791,
55103,
53023,
12743,
0,
0,
0,
0,
0,
0,
0,
0,
0,
0,
0,
0,
0,
0,
0,
0,
0,
0,
0,
0,
12710,
12710,
63422,
65535,
21162,
63422,
65535,
12678,
50846,
38232,
48765,
50846,
12743,
0,
0,
0,
0,
0,
0,
0,
0,
0,
0,
0,
0,
0,
0,
0,
0,
0,
0,
12710,
40280,
65535,
65535,
65535,
23211,
65535,
23275,
50878,
23243,
40280,
50878,
52991,
12743,
0,
0,
0,
0,
0,
0,
0,
0,
0,
0,
0,
0,
0,
0,
0,
0,
0,
0,
14791,
65535,
65535,
65535,
65535,
65535,
65535,
23243,
55103,
55103,
23275,
53023,
12710,
0,
0,
0,
0,
0,
0,
0,
0,
0,
0,
0,
0,
0,
0,
0,
0,
0,
0,
12710,
63422,
65535,
63422,
63422,
65535,
63422,
63422,
65535,
21130,
36054,
55071,
19049,
12710,
0,
0,
0,
0,
0,
0,
0,
0,
0,
0,
0,
0,
0,
0,
0,
0,
0,
14791,
38167,
38134,
65535,
65535,
52959,
35753,
35721,
65535,
65535,
23211,
65535,
40280,
50846,
21162,
12743,
0,
0,
0,
0,
0,
0,
0,
0,
0,
0,
0,
0,
0,
0,
0,
14791,
65535,
65535,
65535,
65535,
65535,
14791,
65535,
14791,
65535,
65535,
23243,
38232,
55103,
52991,
55103,
55103,
12711,
0,
0,
0,
0,
0,
0,
0,
0,
0,
0,
0,
0,
0,
0,
0,
12710,
12710,
63422,
65535,
63422,
48765,
14759,
21130,
63422,
23243,
48765,
50846,
55103,
48765,
50846,
53023,
48732,
12711,
0,
0,
0,
0,
0,
0,
0,
0,
0,
0,
0,
0,
0,
0,
0,
0,
12710,
65535,
65535,
65535,
65535,
65535,
65535,
65535,
65535,
52991,
55103,
50878,
52991,
55103,
50846,
12743,
0,
0,
0,
0,
0,
0,
0,
0,
0,
0,
0,
0,
0,
0,
0,
0,
12711,
40280,
65535,
65535,
65535,
65535,
65535,
65535,
65535,
65535,
55103,
52991,
55103,
55103,
52991,
55071,
14823,
0,
0,
0,
0,
0,
0,
0,
0,
0,
0,
0,
0,
0,
0,
0,
0,
12710,
12710,
63422,
65535,
63422,
63422,
65535,
63422,
65503,
65535,
21130,
50846,
53023,
48765,
50878,
14791,
0,
0,
0,
0,
0,
0,
0,
0,
0,
0,
0,
0,
0,
12710,
12743,
0,
0,
0,
12710,
12710,
14791,
65535,
65535,
65535,
65535,
38232,
23243,
55103,
55103,
52991,
55071,
14823,
0,
0,
0,
0,
0,
0,
0,
0,
0,
0,
0,
12710,
14791,
65535,
38199,
12710,
12743,
0,
0,
0,
0,
14791,
65535,
65535,
65535,
40280,
65535,
23243,
55103,
52991,
55071,
14823,
0,
0,
0,
0,
0,
0,
0,
0,
0,
0,
14759,
36086,
63422,
65535,
36054,
48765,
55103,
12710,
0,
0,
0,
12710,
65535,
63422,
65503,
65535,
36021,
63454,
23243,
48765,
50878,
14791,
0,
0,
0,
0,
0,
0,
0,
0,
0,
14791,
65535,
38232,
65535,
65535,
38200,
52991,
55103,
12710,
0,
0,
0,
12710,
65535,
65535,
23243,
65535,
38199,
65535,
23275,
52991,
55071,
14823,
0,
0,
0,
0,
0,
0,
0,
0,
0,
12710,
65535,
65535,
38167,
65535,
52991,
36087,
55103,
12711,
0,
0,
12678,
65535,
65535,
65535,
23243,
65535,
65535,
53023,
65535,
21162,
53023,
14823,
0,
0,
0,
0,
0,
0,
0,
0,
0,
12710,
65535,
65503,
36053,
65535,
63422,
36021,
55103,
12710,
0,
0,
12710,
63422,
65535,
63422,
63454,
23243,
63390,
50846,
65535,
61341,
12711,
0,
0,
0,
0,
0,
0,
0,
0,
0,
0,
0,
14791,
65535,
65535,
40280,
65535,
52991,
55103,
52991,
12710,
14791,
65535,
65535,
65535,
65535,
65535,
23275,
65535,
65535,
65535,
65535,
12743,
0,
0,
0,
0,
0,
0,
0,
0,
0,
0,
0,
0,
14791,
65535,
65535,
52991,
65535,
38232,
23243,
65535,
65535,
65535,
65535,
65535,
65535,
65535,
23275,
65535,
65535,
23243,
12710,
0,
0,
0,
0,
0,
0,
0,
0,
0,
0,
0,
0,
0,
0,
12678,
14791,
63422,
63422,
65535,
63422,
63422,
65535,
63422,
63422,
65535,
63422,
65503,
65535,
19049,
21130,
52991,
12678,
0,
0,
0,
0,
0,
0,
0,
0,
0,
0,
0,
0,
0,
0,
0,
0,
14791,
65535,
65535,
65535,
65535,
65535,
65535,
65535,
65535,
65535,
65535,
65535,
65535,
55071,
12743,
0,
0,
0,
0,
0,
0,
0,
0,
0,
0,
0,
0,
0,
0,
0,
0,
0,
0,
12678,
14791,
65535,
65535,
65535,
65535,
65535,
65535,
65535,
65535,
65535,
12678,
12711,
0,
0,
0,
0,
0,
0,
0,
0,
0,
0,
0,
0,
0,
0,
0,
0,
0,
0,
0,
0,
0,
12678,
12710,
65535,
63422,
63422,
65535,
63390,
12678,
12743,
0,
0,
0,
0,
0,
0,
0,
0,
0,
0,
0,
0,
0,
0,
0,
0,
0,
0,
0,
0,
0,
0,
0,
0,
0,
12710,
12710,
12710,
12710,
12743,
0,
0,
0,
0,
0,
0,
0,
0,
0,
0,
0,
0,
0,
0,
0,
0,
0,
0,
0,
0,
0,
0,
0,
0,
0,
0,
0,
0,
0,
0,
0,
0,
0,
0,
0,
0,
0,
0,
0,
0,
0,
0,
0,
0,
0,
0,
0,
0,
0,
0,
0,
0,
0,
0,
0,
0,
0,
0,
0,
0,
0,
0,
0,
0,
0,
0,
0,
0,
0,
0,
0,
0,
0,
0,
0,
0,
0,
0,
0,
0,
0,
0,
0,
0,
0,
0,
0,
0,
0,
0,
0,
0,
0,
0,
0,
0,
0,
0,
0,
0,
0,
0,
0,
0,
0,
0,
0,
0,
0,
0,
0,
0,
0,
0,
0,
0,
0,
0,
0,
0,
0,
0,
0,
0,
0,
0,
0,
0,
0,
0,
0,
0,
0,
0,
0,
0,
0,
0,
0,
0,
