1818
0,
0,
0,
0,
0,
0,
0,
0,
0,
0,
0,
0,
0,
0,
0,
0,
0,
0,
0,
0,
0,
0,
0,
0,
0,
0,
0,
0,
0,
0,
0,
0,
0,
0,
0,
0,
0,
0,
0,
0,
0,
0,
0,
0,
0,
0,
0,
0,
0,
0,
0,
0,
0,
0,
0,
0,
0,
0,
0,
0,
0,
0,
0,
0,
0,
0,
0,
0,
0,
0,
0,
0,
0,
0,
0,
0,
0,
0,
0,
0,
0,
0,
0,
0,
0,
0,
0,
0,
0,
0,
0,
0,
0,
0,
0,
0,
0,
0,
0,
0,
0,
0,
0,
0,
0,
0,
0,
0,
0,
0,
0,
0,
12710,
12678,
0,
0,
0,
12678,
12743,
0,
0,
0,
0,
0,
0,
0,
0,
0,
0,
0,
0,
0,
0,
0,
0,
0,
0,
0,
0,
0,
0,
0,
12710,
14759,
52635,
39963,
12743,
0,
14759,
52635,
39995,
12710,
12743,
0,
0,
0,
0,
0,
0,
0,
0,
0,
0,
0,
0,
0,
0,
0,
0,
0,
0,
0,
0,
14791,
39962,
39962,
52635,
48474,
37882,
14791,
48474,
50554,
52635,
27313,
50522,
12743,
0,
0,
0,
0,
0,
0,
0,
0,
0,
0,
0,
0,
0,
0,
0,
0,
0,
0,
12678,
52635,
46361,
37816,
39995,
46328,
46328,
23243,
35768,
21162,
52635,
46328,
27280,
12743,
0,
0,
0,
0,
0,
0,
0,
0,
0,
0,
0,
0,
0,
0,
0,
0,
0,
14759,
52603,
52635,
52635,
52635,
42043,
52603,
52603,
23243,
23243,
23243,
23243,
50555,
29394,
39995,
12743,
0,
0,
0,
0,
0,
0,
0,
0,
0,
0,
0,
0,
0,
0,
0,
0,
14759,
48473,
52635,
50522,
27313,
29394,
48474,
48441,
23243,
21162,
23439,
23243,
48441,
29361,
39995,
27312,
12711,
0,
0,
0,
0,
0,
0,
0,
0,
0,
0,
0,
0,
0,
0,
14759,
46361,
52733,
52635,
37849,
46328,
29394,
46328,
35768,
23243,
23374,
31826,
23243,
46328,
48409,
29393,
35768,
12711,
0,
0,
0,
0,
0,
0,
0,
0,
0,
0,
0,
0,
0,
0,
14791,
52635,
52603,
52635,
52635,
39963,
14791,
50555,
23243,
23243,
33971,
33971,
23243,
50555,
52635,
29394,
39962,
12743,
0,
0,
0,
0,
0,
0,
0,
0,
0,
0,
0,
0,
0,
0,
12710,
48441,
48441,
52635,
48441,
27313,
65535,
48409,
21162,
23243,
31826,
23407,
39995,
46361,
27313,
39995,
27280,
12711,
0,
0,
0,
0,
0,
0,
0,
0,
0,
0,
12678,
12743,
0,
0,
14759,
46361,
46328,
52635,
37849,
52825,
65535,
46328,
35768,
23243,
21130,
21162,
52635,
27280,
37849,
39962,
12678,
0,
0,
0,
0,
0,
0,
0,
0,
0,
0,
14791,
39995,
52635,
12710,
12743,
0,
14791,
52635,
52635,
29393,
33655,
42043,
52635,
39995,
52635,
39995,
52635,
52635,
29394,
39995,
39995,
12743,
0,
0,
0,
0,
0,
0,
0,
0,
0,
0,
14759,
46361,
35703,
50522,
46361,
12743,
0,
12710,
39995,
37881,
37881,
52635,
37849,
37881,
23243,
21162,
39962,
52635,
46361,
27313,
39995,
37848,
12711,
0,
0,
0,
0,
0,
0,
0,
0,
0,
12710,
46328,
52635,
48441,
46328,
12743,
0,
12678,
39995,
37849,
46361,
52635,
21130,
21130,
23243,
21130,
48441,
52635,
46328,
37881,
39963,
27280,
37882,
12743,
0,
0,
0,
0,
0,
0,
0,
14791,
52635,
59039,
52635,
52635,
12743,
0,
0,
0,
14791,
52635,
52635,
39995,
33622,
23243,
42043,
52635,
52635,
52635,
39995,
39995,
39995,
29394,
39995,
12743,
0,
0,
0,
0,
0,
0,
0,
14759,
50522,
46361,
52635,
50522,
12678,
12710,
12678,
0,
12710,
37881,
37881,
39995,
37849,
37881,
39995,
37849,
37882,
39995,
37849,
37882,
29393,
27280,
39962,
12743,
0,
0,
0,
0,
0,
0,
0,
14759,
48441,
46328,
52635,
27313,
46360,
52635,
37849,
12678,
14791,
37849,
37849,
39995,
21130,
21130,
39995,
37816,
37881,
29394,
35768,
27312,
29393,
35768,
12711,
0,
0,
0,
0,
0,
0,
0,
0,
14791,
52635,
52635,
52635,
29394,
52635,
52635,
52635,
39995,
52635,
23243,
23243,
23243,
33623,
39995,
39995,
39995,
29394,
39995,
39995,
29394,
39995,
39995,
12743,
0,
0,
0,
0,
0,
0,
0,
0,
0,
12710,
46328,
52635,
48441,
31509,
52635,
48441,
37848,
52635,
48409,
31509,
39995,
37816,
31509,
39995,
37816,
27313,
39995,
35768,
27312,
39963,
12678,
0,
0,
0,
0,
0,
0,
0,
0,
0,
0,
12710,
46328,
52635,
48441,
46360,
52635,
37849,
37848,
52635,
48409,
31509,
52635,
37816,
31509,
33655,
37816,
31541,
39995,
35768,
27312,
12743,
0,
0,
0,
0,
0,
0,
0,
0,
0,
0,
0,
0,
14791,
52635,
52635,
52635,
52635,
39995,
39995,
52635,
52635,
39995,
52635,
39995,
39995,
33655,
39995,
39995,
39995,
29394,
39995,
12743,
0,
0,
0,
0,
0,
0,
0,
0,
0,
0,
0,
0,
0,
12710,
12678,
12678,
14791,
37849,
46360,
52635,
37849,
37849,
52635,
37816,
37849,
29394,
37816,
37881,
39995,
35768,
37849,
12743,
0,
0,
0,
0,
0,
0,
0,
0,
0,
0,
0,
0,
0,
0,
0,
0,
0,
12678,
12678,
39995,
37881,
48441,
14759,
21130,
21162,
39995,
37849,
27313,
39995,
37849,
37881,
12743,
0,
0,
0,
0,
0,
0,
0,
0,
0,
0,
0,
0,
0,
0,
0,
0,
0,
0,
0,
12710,
12710,
12743,
0,
12710,
39995,
39995,
39995,
39995,
14791,
39995,
29393,
12743,
0,
0,
0,
0,
0,
0,
0,
0,
0,
0,
0,
0,
0,
0,
0,
0,
0,
0,
0,
0,
0,
0,
0,
0,
12678,
39995,
35768,
12710,
0,
12678,
12710,
0,
0,
0,
0,
0,
0,
0,
0,
0,
0,
0,
0,
0,
0,
0,
0,
0,
0,
0,
0,
0,
0,
0,
0,
0,
12678,
39995,
27280,
12711,
0,
0,
0,
0,
0,
0,
0,
0,
0,
0,
0,
0,
0,
0,
0,
0,
0,
0,
0,
0,
0,
0,
0,
0,
0,
0,
0,
0,
0,
12710,
12743,
0,
0,
0,
0,
0,
0,
0,
0,
0,
0,
0,
0,
0,
0,
0,
0,
0,
0,
0,
0,
0,
0,
0,
0,
0,
0,
0,
0,
0,
0,
0,
0,
0,
0,
0,
0,
0,
0,
0,
0,
0,
0,
0,
0,
0,
0,
0,
0,
0,
0,
0,
0,
0,
0,
0,
0,
0,
0,
0,
0,
0,
0,
0,
0,
0,
0,
0,
0,
0,
0,
0,
0,
0,
0,
0,
0,
0,
0,
0,
0,
0,
0,
0,
0,
0,
0,
0,
0,
0,
0,
0,
0,
0,
0,
0,
0,
0,
0,
0,
0,
0,
0,
0,
0,
0,
0,
0,
