1818
0,
0,
0,
0,
0,
0,
0,
0,
0,
0,
0,
0,
0,
0,
0,
0,
0,
0,
0,
0,
0,
0,
0,
0,
0,
0,
0,
0,
0,
0,
0,
0,
0,
0,
0,
0,
0,
0,
0,
0,
0,
0,
0,
0,
0,
0,
0,
0,
0,
0,
0,
0,
0,
0,
0,
0,
0,
0,
0,
0,
0,
0,
0,
0,
0,
0,
0,
0,
0,
0,
0,
0,
0,
0,
0,
0,
0,
0,
0,
0,
0,
0,
0,
0,
0,
0,
0,
0,
0,
0,
0,
0,
0,
0,
0,
0,
0,
0,
0,
0,
0,
0,
0,
0,
0,
0,
0,
0,
0,
0,
12710,
0,
0,
0,
0,
0,
0,
0,
0,
0,
0,
0,
0,
0,
0,
0,
0,
0,
0,
0,
0,
0,
0,
0,
0,
0,
0,
0,
0,
0,
0,
14791,
29461,
14791,
0,
0,
0,
0,
0,
0,
0,
0,
0,
0,
0,
0,
0,
0,
0,
0,
0,
0,
0,
0,
0,
0,
0,
0,
0,
0,
14759,
12710,
0,
14791,
27346,
12711,
0,
0,
0,
0,
0,
0,
12710,
12710,
0,
0,
0,
0,
0,
0,
0,
0,
0,
0,
0,
0,
0,
12743,
0,
0,
0,
0,
14791,
35922,
12710,
29461,
27380,
29460,
14759,
12678,
12743,
0,
0,
14759,
29461,
12711,
0,
0,
0,
0,
0,
0,
0,
0,
0,
0,
0,
0,
14791,
29461,
12710,
14791,
0,
0,
14791,
52922,
23243,
29461,
29461,
23243,
23275,
46431,
46431,
14759,
14759,
29461,
29461,
12743,
0,
0,
0,
0,
0,
0,
0,
0,
0,
0,
0,
0,
14759,
27347,
27346,
29461,
12678,
12678,
23275,
46615,
33810,
23243,
21130,
42238,
46431,
21130,
21162,
46431,
40125,
21163,
29460,
12710,
0,
0,
0,
0,
0,
0,
0,
0,
0,
0,
0,
0,
0,
12711,
27380,
29461,
29428,
29428,
23275,
35923,
50809,
23275,
44319,
23211,
23243,
21162,
23211,
23243,
21163,
46431,
14791,
0,
0,
0,
0,
0,
0,
0,
0,
0,
0,
0,
0,
0,
0,
0,
12711,
29461,
23243,
23243,
46431,
23243,
52890,
38036,
23243,
65535,
65535,
27471,
27471,
27503,
23243,
46431,
14791,
0,
0,
0,
0,
0,
0,
0,
0,
0,
0,
0,
0,
0,
0,
0,
12678,
23243,
42206,
42205,
23243,
21130,
48664,
52922,
21130,
25390,
38036,
25358,
25358,
27471,
25358,
21163,
35867,
12710,
0,
0,
0,
0,
0,
0,
0,
0,
0,
0,
0,
0,
0,
0,
0,
14791,
21162,
21162,
23243,
21163,
35955,
52955,
35923,
27471,
27503,
25390,
27471,
27503,
27438,
35955,
23275,
33785,
12743,
0,
0,
0,
0,
0,
0,
0,
0,
0,
0,
0,
0,
0,
0,
14791,
23243,
23243,
23243,
23211,
23243,
38036,
23243,
27471,
29584,
65535,
38036,
27503,
27503,
65535,
23275,
35866,
14791,
0,
0,
0,
0,
0,
0,
0,
0,
0,
0,
0,
0,
0,
0,
0,
12710,
42206,
46431,
21130,
21130,
23243,
21130,
25358,
27503,
12710,
65503,
27503,
33810,
50777,
23243,
27314,
12711,
0,
0,
0,
0,
0,
0,
0,
0,
0,
0,
0,
0,
0,
0,
0,
14759,
29460,
29461,
44351,
44351,
23243,
23243,
27503,
38036,
65535,
65535,
29584,
65535,
27503,
23243,
12743,
0,
0,
0,
0,
0,
0,
0,
0,
0,
0,
0,
0,
0,
0,
0,
0,
0,
14791,
37980,
29460,
29461,
46431,
23211,
23243,
65535,
65535,
38035,
23243,
23211,
27503,
23243,
12710,
14791,
0,
0,
0,
0,
0,
0,
0,
0,
0,
0,
0,
0,
0,
0,
0,
0,
12710,
37979,
33753,
27347,
37979,
42205,
42238,
23243,
21130,
21162,
46431,
40125,
21162,
23243,
42205,
44319,
12711,
0,
0,
0,
0,
0,
0,
0,
0,
0,
0,
0,
0,
0,
0,
0,
0,
14759,
35867,
35899,
29461,
29460,
46431,
46431,
44351,
46431,
29461,
29460,
46431,
46431,
29428,
29461,
14791,
0,
0,
0,
0,
0,
0,
0,
0,
0,
0,
0,
0,
0,
0,
0,
12710,
23275,
35866,
35866,
37980,
35866,
23243,
29461,
27380,
29460,
37979,
35834,
29461,
29493,
35834,
35899,
12743,
0,
0,
0,
0,
0,
0,
0,
0,
0,
0,
0,
0,
0,
0,
12710,
33753,
37979,
21130,
33753,
29461,
33753,
33785,
37947,
33752,
33785,
35899,
33752,
35834,
35899,
33720,
12710,
29428,
12710,
0,
0,
0,
0,
0,
0,
0,
0,
0,
0,
0,
0,
0,
14791,
35899,
37980,
35867,
23243,
37980,
35867,
37947,
23275,
35866,
29461,
37979,
35866,
29461,
29461,
23211,
29461,
29461,
29428,
14823,
0,
0,
0,
0,
0,
0,
0,
0,
0,
0,
0,
14791,
35867,
44351,
37980,
35866,
23211,
37980,
35866,
23243,
46431,
35834,
35867,
23243,
12711,
37947,
37947,
12710,
14759,
29461,
27379,
14823,
0,
0,
0,
0,
0,
0,
0,
0,
0,
0,
0,
14791,
42206,
33753,
37947,
12710,
0,
23243,
21130,
21162,
46431,
42205,
33753,
12743,
0,
12710,
12743,
0,
0,
12710,
12710,
0,
0,
0,
0,
0,
0,
0,
0,
0,
0,
0,
14791,
46431,
46431,
37947,
14791,
0,
0,
0,
0,
14791,
37980,
46431,
14791,
0,
0,
0,
0,
0,
0,
0,
0,
0,
0,
0,
0,
0,
0,
0,
0,
0,
0,
0,
12711,
46431,
35866,
12710,
0,
0,
0,
0,
0,
0,
14791,
44319,
12743,
0,
0,
0,
0,
0,
0,
0,
0,
0,
0,
0,
0,
0,
0,
0,
0,
0,
0,
0,
0,
14759,
12710,
0,
0,
0,
0,
0,
0,
0,
14791,
33720,
12710,
0,
0,
0,
0,
0,
0,
0,
0,
0,
0,
0,
0,
0,
0,
0,
0,
0,
0,
0,
0,
0,
0,
0,
0,
0,
0,
0,
0,
0,
0,
12743,
0,
0,
0,
0,
0,
0,
0,
0,
0,
0,
0,
0,
0,
0,
0,
0,
0,
0,
0,
0,
0,
0,
0,
0,
0,
0,
0,
0,
0,
0,
0,
0,
0,
0,
0,
0,
0,
0,
0,
0,
0,
0,
0,
0,
0,
0,
0,
0,
0,
0,
0,
0,
0,
0,
0,
0,
0,
0,
0,
0,
0,
0,
0,
0,
0,
0,
0,
0,
0,
0,
0,
0,
0,
0,
0,
0,
0,
0,
0,
0,
0,
0,
0,
0,
0,
0,
0,
0,
0,
0,
0,
0,
0,
0,
0,
0,
0,
0,
0,
0,
0,
0,
0,
0,
0,
0,
0,
0,
0,
0,
0,
0,
0,
0,
0,
0,
0,
0,
0,
0,
0,
0,
0,
0,
0,
0,
0,
0,
0,
0,
0,
0,
0,
0,
0,
0,
0,
0,
0,
0,
0,
0,
