1818
0,
0,
0,
0,
0,
0,
0,
0,
0,
0,
0,
0,
0,
0,
0,
0,
0,
0,
0,
0,
0,
0,
0,
0,
0,
0,
0,
0,
0,
0,
0,
0,
0,
0,
0,
0,
0,
0,
0,
0,
0,
0,
0,
0,
0,
12678,
12710,
0,
12678,
12678,
14791,
0,
0,
0,
0,
0,
0,
0,
0,
0,
0,
0,
0,
0,
0,
0,
0,
0,
0,
0,
0,
0,
0,
0,
0,
12710,
14791,
50711,
50711,
14791,
33808,
50775,
52856,
12678,
12710,
14791,
0,
0,
0,
0,
0,
0,
0,
0,
0,
0,
0,
0,
0,
0,
0,
0,
0,
0,
0,
0,
14791,
52824,
52856,
52823,
52824,
52856,
27469,
33840,
35921,
50775,
52824,
33840,
12743,
0,
0,
0,
0,
0,
0,
0,
0,
0,
0,
0,
0,
0,
0,
0,
0,
12678,
12678,
14791,
25356,
25356,
27501,
46549,
48598,
52856,
46549,
48630,
52856,
46517,
48630,
52824,
46517,
12711,
0,
0,
0,
0,
0,
0,
0,
0,
0,
0,
0,
14759,
12710,
12710,
14791,
33840,
50775,
52856,
52824,
52824,
52856,
27469,
52824,
35921,
33840,
52856,
52856,
50743,
33840,
35921,
33808,
23243,
14791,
0,
0,
0,
0,
0,
0,
0,
0,
0,
14791,
52856,
52856,
50775,
52856,
52824,
50775,
52856,
33840,
33840,
27501,
33840,
52824,
52856,
50775,
27501,
35921,
33808,
33840,
35921,
23211,
23243,
33840,
12743,
0,
0,
0,
0,
0,
0,
0,
0,
0,
12710,
12678,
12678,
12710,
12678,
21130,
35921,
48598,
46550,
27501,
46549,
48598,
52856,
31727,
65503,
27501,
31695,
48630,
52824,
21130,
21162,
33808,
12710,
0,
0,
0,
0,
0,
0,
0,
0,
0,
0,
0,
0,
0,
0,
12710,
27501,
27469,
27501,
52856,
50775,
52824,
52856,
14759,
33840,
27501,
50743,
52824,
35921,
21162,
23243,
33840,
12743,
0,
0,
0,
0,
0,
0,
0,
0,
0,
0,
0,
0,
0,
0,
0,
14791,
50743,
50743,
52856,
50711,
50743,
29582,
65535,
65535,
52856,
50711,
50775,
23243,
21162,
33840,
14791,
0,
0,
0,
0,
0,
0,
0,
0,
0,
0,
0,
0,
0,
0,
0,
0,
14791,
48598,
48598,
52856,
46517,
25388,
65535,
63422,
25388,
52856,
46517,
21162,
23243,
31695,
31727,
12743,
0,
0,
0,
0,
0,
0,
0,
0,
0,
0,
0,
0,
0,
0,
0,
12710,
52856,
23243,
52823,
27501,
33808,
33840,
27501,
33808,
33840,
35921,
23211,
33840,
33840,
12710,
14791,
0,
0,
0,
0,
0,
0,
0,
0,
0,
0,
0,
0,
0,
0,
0,
12710,
50711,
52856,
50743,
21162,
23243,
21162,
33808,
35921,
33808,
33808,
35921,
21162,
12710,
14791,
0,
0,
0,
0,
0,
0,
0,
0,
0,
0,
0,
0,
0,
0,
0,
0,
0,
12678,
46549,
52856,
48598,
46550,
35921,
46517,
21130,
33840,
31695,
31695,
14759,
12710,
0,
0,
0,
0,
0,
0,
0,
0,
0,
0,
0,
0,
0,
0,
0,
0,
0,
0,
14791,
52856,
52856,
52856,
52856,
35921,
52856,
52856,
52856,
23243,
23243,
14791,
0,
0,
0,
0,
0,
0,
0,
0,
0,
0,
0,
0,
0,
0,
0,
0,
0,
0,
0,
0,
14791,
50743,
50711,
52856,
50743,
33808,
52856,
50711,
27469,
35921,
31727,
12710,
0,
0,
0,
0,
0,
0,
0,
0,
0,
0,
0,
0,
0,
0,
0,
0,
0,
0,
0,
0,
14791,
48598,
46517,
35921,
31727,
48598,
52856,
46550,
25356,
33840,
31695,
12710,
0,
0,
0,
0,
0,
0,
0,
0,
12710,
12743,
0,
0,
0,
0,
0,
0,
0,
0,
0,
0,
0,
14791,
35920,
52856,
33840,
52856,
52856,
27469,
33840,
35921,
33840,
14791,
0,
0,
0,
0,
0,
0,
14759,
14759,
23243,
23243,
14823,
0,
0,
0,
0,
0,
0,
0,
0,
0,
0,
14759,
48630,
52856,
48663,
31727,
27501,
31727,
31727,
33840,
12711,
0,
0,
0,
0,
0,
0,
12710,
27501,
25356,
23211,
23243,
12711,
0,
0,
0,
0,
0,
0,
0,
0,
0,
0,
0,
12710,
52856,
48598,
48598,
27501,
31695,
31695,
14791,
0,
0,
0,
0,
0,
0,
12678,
21162,
27469,
25356,
12710,
12743,
0,
0,
0,
0,
0,
0,
0,
0,
0,
0,
0,
14791,
52824,
23243,
23275,
52856,
27501,
23243,
23243,
14791,
0,
0,
0,
0,
0,
14791,
33840,
35921,
23243,
12743,
0,
0,
0,
0,
0,
0,
0,
0,
0,
0,
0,
0,
0,
14759,
48630,
52856,
31727,
21162,
23275,
31727,
31727,
23243,
12711,
0,
0,
0,
0,
14791,
31695,
33808,
27501,
12710,
0,
0,
0,
0,
0,
0,
0,
0,
0,
0,
0,
0,
0,
12710,
46549,
52856,
48598,
31727,
52856,
25356,
31695,
23243,
31695,
12710,
0,
12678,
12710,
33840,
31695,
27437,
27469,
12710,
0,
0,
0,
0,
0,
0,
0,
0,
0,
0,
0,
0,
0,
14791,
52856,
52856,
35921,
52856,
52856,
27501,
23275,
35921,
35921,
27501,
14791,
33840,
35921,
23243,
23243,
27501,
23243,
14791,
0,
0,
0,
0,
0,
0,
0,
0,
0,
0,
0,
0,
0,
0,
12710,
35921,
50711,
50710,
52856,
48630,
21162,
35921,
31727,
27469,
27501,
12710,
33808,
33840,
25356,
12710,
14791,
0,
0,
0,
0,
0,
0,
0,
0,
0,
0,
0,
0,
0,
0,
0,
0,
14759,
12710,
48630,
52856,
21162,
31695,
27501,
31695,
21162,
27501,
12678,
31727,
23243,
25356,
12743,
0,
0,
0,
0,
0,
0,
0,
0,
0,
0,
0,
0,
0,
0,
0,
0,
0,
14759,
52856,
23243,
23243,
35921,
35921,
27501,
23275,
27501,
14791,
23243,
23275,
27501,
23243,
14791,
0,
0,
0,
0,
0,
0,
0,
0,
0,
0,
0,
0,
0,
0,
0,
0,
0,
14791,
50711,
50710,
52856,
48630,
27469,
52856,
25388,
27469,
14791,
25356,
27469,
27501,
25356,
12743,
0,
0,
0,
0,
0,
0,
0,
0,
0,
0,
0,
0,
0,
0,
0,
0,
0,
0,
12678,
12678,
52856,
31695,
48630,
52856,
25356,
25388,
14791,
25356,
25388,
12710,
12710,
0,
0,
0,
0,
0,
0,
0,
0,
0,
0,
0,
0,
0,
0,
0,
0,
0,
0,
0,
0,
0,
14759,
35921,
52856,
33840,
14759,
14791,
0,
14759,
14791,
0,
0,
0,
0,
0,
0,
0,
0,
0,
0,
0,
0,
0,
0,
0,
0,
0,
0,
0,
0,
0,
0,
0,
0,
12678,
12678,
14791,
0,
0,
0,
0,
0,
0,
0,
0,
0,
0,
0,
0,
0,
0,
0,
0,
0,
0,
0,
0,
0,
0,
0,
0,
0,
0,
0,
0,
0,
0,
0,
0,
0,
0,
0,
0,
0,
0,
0,
0,
0,
0,
0,
0,
0,
0,
0,
0,
