1818
0,
0,
0,
0,
0,
0,
0,
0,
0,
0,
0,
0,
0,
0,
0,
0,
0,
0,
0,
0,
0,
0,
0,
0,
0,
0,
0,
0,
0,
0,
0,
0,
0,
0,
0,
0,
0,
0,
0,
0,
12710,
12710,
14823,
0,
0,
0,
0,
0,
0,
0,
0,
0,
0,
0,
0,
0,
0,
0,
0,
0,
0,
0,
0,
0,
0,
0,
0,
0,
0,
0,
0,
14791,
64587,
51944,
54025,
12743,
0,
12710,
12743,
0,
0,
0,
0,
0,
0,
0,
0,
0,
0,
0,
0,
0,
0,
0,
0,
0,
0,
0,
0,
0,
0,
12678,
12678,
64620,
47816,
47784,
54025,
47784,
12678,
65268,
58898,
12711,
0,
0,
0,
14791,
0,
0,
0,
0,
0,
0,
0,
0,
0,
0,
0,
0,
0,
0,
0,
0,
14759,
54025,
64620,
64620,
23243,
23243,
54025,
54025,
23243,
50448,
65236,
65236,
14823,
0,
14791,
50416,
14791,
0,
0,
0,
0,
0,
0,
0,
0,
0,
0,
0,
0,
0,
0,
0,
14791,
64587,
62507,
23243,
23210,
51945,
23243,
21162,
51945,
23243,
65171,
48336,
14823,
0,
14758,
48368,
12711,
0,
0,
0,
0,
0,
0,
0,
0,
0,
0,
0,
0,
0,
0,
0,
14758,
60427,
21130,
12710,
12678,
49864,
64620,
60427,
47816,
23243,
12678,
21162,
48368,
12678,
46223,
35723,
12710,
0,
0,
0,
0,
0,
0,
0,
0,
0,
0,
0,
0,
0,
0,
0,
14791,
64620,
14791,
0,
0,
14758,
64620,
64620,
12710,
14823,
0,
12710,
23243,
23243,
48368,
14823,
0,
0,
0,
0,
0,
0,
0,
0,
0,
0,
0,
0,
0,
0,
0,
0,
0,
12711,
0,
0,
0,
0,
12710,
12743,
0,
0,
0,
14758,
65268,
63091,
12743,
0,
0,
0,
0,
0,
0,
0,
0,
0,
0,
0,
0,
0,
0,
0,
0,
0,
0,
0,
0,
0,
0,
0,
0,
0,
0,
0,
12678,
46223,
65268,
60978,
61011,
12710,
12710,
0,
0,
0,
0,
0,
0,
0,
0,
0,
0,
0,
0,
0,
0,
0,
0,
0,
0,
0,
0,
12710,
12710,
14791,
0,
14791,
65535,
65535,
23243,
23211,
23243,
65269,
65236,
14823,
0,
0,
0,
0,
0,
0,
0,
0,
0,
0,
0,
0,
0,
0,
0,
0,
0,
0,
12710,
62507,
64620,
49864,
12710,
64620,
49864,
51945,
64620,
47816,
21162,
23243,
61011,
48336,
14823,
0,
0,
0,
0,
0,
0,
0,
0,
0,
0,
0,
0,
0,
0,
0,
0,
0,
0,
12678,
54025,
60427,
60427,
23243,
60427,
62475,
64620,
60395,
49864,
23211,
21130,
63091,
14791,
0,
0,
0,
0,
0,
0,
0,
0,
0,
0,
0,
0,
0,
0,
0,
0,
0,
14759,
23243,
23243,
54025,
23243,
64620,
64620,
64620,
64620,
54025,
54025,
54025,
23243,
65269,
50416,
14823,
0,
0,
0,
0,
0,
0,
0,
0,
0,
0,
0,
0,
0,
0,
0,
14791,
62507,
62507,
64620,
49864,
21162,
64620,
62475,
64587,
54057,
63422,
51945,
23243,
46223,
65236,
65236,
12711,
0,
0,
0,
0,
0,
0,
0,
0,
0,
0,
0,
0,
0,
0,
0,
0,
12678,
12678,
14791,
60427,
21130,
64620,
60427,
49864,
65535,
63422,
49864,
23243,
60978,
65172,
65236,
12710,
0,
0,
0,
0,
0,
0,
0,
0,
0,
0,
0,
0,
0,
0,
0,
0,
0,
0,
0,
12710,
64620,
23243,
64620,
54025,
14791,
65535,
54025,
23243,
65268,
65269,
50416,
14823,
0,
0,
0,
0,
0,
0,
0,
0,
0,
0,
0,
0,
0,
0,
0,
0,
0,
0,
12710,
12710,
62507,
23243,
49864,
64588,
65535,
63422,
51945,
23243,
21130,
21162,
14823,
0,
0,
0,
0,
0,
0,
0,
0,
0,
0,
0,
0,
0,
0,
0,
0,
0,
0,
12678,
54025,
60427,
62475,
64620,
21130,
62507,
54025,
21130,
21162,
64620,
60427,
64587,
23243,
12710,
0,
0,
0,
0,
0,
0,
0,
0,
0,
0,
0,
0,
0,
0,
0,
0,
12710,
64620,
64620,
54025,
12710,
14791,
64620,
23243,
23243,
64620,
64620,
54025,
64620,
64620,
64620,
64620,
14823,
0,
0,
0,
0,
0,
0,
0,
0,
0,
0,
0,
0,
0,
0,
0,
12678,
12678,
12710,
12710,
0,
14791,
60427,
21162,
64620,
60427,
62507,
54025,
60427,
64587,
64620,
12710,
0,
0,
0,
14791,
0,
0,
0,
0,
0,
0,
0,
0,
0,
0,
0,
0,
0,
0,
0,
0,
12678,
64620,
21130,
62507,
64620,
60427,
49864,
64620,
60427,
64587,
23243,
12710,
0,
12710,
12678,
64588,
12710,
0,
0,
0,
0,
0,
0,
0,
0,
0,
0,
0,
0,
0,
0,
14791,
64620,
64620,
23243,
64620,
64620,
54025,
64620,
64620,
64620,
23243,
23243,
23243,
14759,
23243,
64620,
64620,
12710,
0,
0,
0,
0,
0,
0,
0,
0,
0,
0,
0,
0,
0,
0,
12678,
60427,
12710,
12678,
62507,
64620,
60427,
62507,
64620,
60427,
21162,
23243,
21130,
23210,
64587,
60427,
64588,
12710,
0,
0,
0,
0,
0,
0,
0,
0,
0,
0,
0,
0,
0,
0,
0,
12711,
0,
0,
14758,
64620,
60427,
64587,
64620,
60427,
51945,
54025,
60427,
51977,
64588,
60427,
14791,
0,
0,
0,
0,
0,
0,
0,
0,
0,
0,
0,
0,
0,
0,
0,
0,
0,
0,
0,
0,
14791,
64620,
64620,
64620,
54025,
64620,
64620,
64620,
64620,
54025,
64620,
14823,
0,
0,
0,
0,
0,
0,
0,
0,
0,
0,
0,
0,
0,
0,
0,
0,
0,
0,
0,
0,
14759,
21130,
21162,
64620,
60427,
64587,
64620,
60427,
64587,
12710,
12710,
0,
0,
0,
0,
0,
0,
0,
0,
0,
0,
0,
0,
0,
0,
0,
0,
0,
0,
0,
0,
0,
0,
12710,
65171,
23243,
21130,
12710,
12710,
12678,
14791,
0,
0,
0,
0,
0,
0,
0,
0,
0,
0,
0,
0,
0,
0,
0,
0,
0,
0,
0,
0,
0,
0,
0,
0,
14791,
50448,
65269,
65236,
14823,
0,
0,
0,
0,
0,
0,
0,
0,
0,
0,
0,
0,
0,
0,
0,
0,
0,
0,
0,
0,
0,
0,
0,
0,
0,
0,
0,
0,
12710,
65236,
44142,
12743,
0,
0,
0,
0,
0,
0,
0,
0,
0,
0,
0,
0,
0,
0,
0,
0,
0,
0,
0,
0,
0,
0,
0,
0,
0,
0,
0,
0,
0,
12710,
12711,
0,
0,
0,
0,
0,
0,
0,
0,
0,
0,
0,
0,
0,
0,
0,
0,
0,
0,
0,
0,
0,
0,
0,
0,
0,
0,
0,
0,
0,
0,
0,
0,
0,
0,
0,
0,
0,
0,
0,
0,
0,
0,
0,
