1818
0,
0,
0,
0,
0,
0,
0,
0,
0,
0,
0,
0,
0,
0,
0,
0,
0,
0,
0,
0,
0,
0,
0,
0,
0,
0,
0,
0,
0,
0,
0,
0,
0,
0,
0,
0,
0,
0,
0,
0,
0,
0,
0,
0,
0,
0,
0,
0,
0,
0,
0,
0,
0,
0,
0,
0,
0,
0,
0,
0,
0,
0,
0,
0,
0,
0,
0,
0,
0,
0,
0,
0,
0,
0,
0,
0,
0,
0,
0,
0,
0,
0,
0,
0,
0,
0,
0,
0,
0,
0,
0,
0,
0,
0,
0,
0,
0,
0,
0,
0,
0,
0,
0,
0,
0,
0,
0,
0,
0,
0,
0,
0,
0,
0,
0,
0,
0,
0,
0,
0,
0,
0,
0,
0,
0,
0,
0,
0,
0,
0,
0,
0,
0,
0,
0,
0,
0,
0,
0,
0,
0,
0,
0,
0,
0,
0,
0,
0,
0,
0,
0,
0,
0,
0,
0,
0,
0,
0,
0,
0,
0,
0,
0,
0,
0,
0,
0,
0,
0,
0,
0,
0,
0,
0,
0,
0,
0,
0,
0,
0,
0,
0,
0,
0,
0,
0,
0,
0,
0,
0,
0,
0,
0,
0,
0,
0,
0,
0,
0,
0,
0,
0,
0,
0,
0,
0,
0,
0,
0,
0,
0,
0,
0,
0,
0,
0,
0,
0,
0,
0,
0,
0,
0,
0,
0,
0,
0,
0,
0,
0,
0,
0,
0,
14823,
0,
0,
0,
0,
12711,
0,
0,
12711,
0,
0,
0,
0,
0,
0,
0,
0,
0,
0,
0,
0,
0,
0,
0,
0,
0,
0,
0,
0,
0,
0,
14791,
21644,
14823,
0,
0,
14791,
50445,
14791,
14791,
56847,
14791,
0,
0,
0,
0,
0,
0,
0,
0,
0,
0,
0,
0,
0,
0,
0,
0,
0,
0,
12710,
14824,
0,
12710,
21644,
14791,
0,
14791,
50445,
56847,
58960,
54767,
56847,
23275,
14791,
0,
0,
12710,
12710,
14824,
0,
0,
0,
0,
0,
0,
0,
0,
0,
0,
0,
0,
12710,
21644,
12710,
12710,
21644,
21162,
12678,
14791,
52654,
52654,
58960,
21130,
21162,
65523,
12711,
0,
14791,
35657,
35689,
23243,
12711,
0,
0,
0,
0,
0,
0,
0,
0,
0,
0,
0,
14759,
23275,
21644,
23243,
21676,
21644,
23243,
14791,
23275,
56847,
23275,
50445,
65491,
65523,
64463,
14791,
23275,
23243,
23275,
39882,
14791,
0,
0,
0,
0,
0,
0,
0,
0,
0,
0,
0,
0,
14791,
21644,
19531,
23275,
21612,
21579,
23275,
23243,
23243,
52558,
65490,
65490,
65523,
62415,
64495,
23275,
48333,
39850,
23275,
14791,
0,
0,
0,
0,
0,
0,
0,
0,
0,
0,
0,
0,
0,
12710,
21130,
23243,
21162,
19467,
21644,
19499,
21162,
65523,
46252,
65502,
65523,
63454,
60334,
23275,
46220,
37737,
50445,
12711,
0,
0,
0,
0,
0,
0,
0,
0,
0,
0,
0,
14759,
14791,
24144,
24111,
21676,
21644,
21644,
21676,
21644,
23275,
65523,
50445,
14791,
65523,
64527,
58960,
23275,
50445,
39882,
50477,
14823,
0,
0,
0,
0,
0,
0,
0,
0,
0,
0,
14791,
34541,
36717,
14759,
12710,
23275,
21612,
19531,
21676,
21612,
23243,
52526,
56847,
65535,
65523,
65458,
39850,
23275,
48333,
39850,
23275,
21162,
14823,
0,
0,
0,
0,
0,
0,
0,
0,
0,
12710,
12678,
14823,
0,
12710,
24144,
19499,
21162,
24144,
19499,
19499,
23275,
21162,
35689,
39850,
21130,
21162,
39850,
35657,
21162,
50445,
35689,
65535,
14823,
0,
0,
0,
0,
0,
0,
0,
0,
0,
0,
0,
14791,
24111,
21676,
23275,
24111,
21676,
23243,
21644,
23275,
65523,
65523,
65523,
56879,
23275,
39882,
23243,
39882,
52525,
39850,
39882,
14824,
0,
0,
0,
0,
0,
0,
0,
0,
0,
0,
14791,
21612,
21934,
23275,
21999,
21934,
23275,
21612,
23242,
65523,
54735,
65535,
65523,
63410,
54767,
14791,
12678,
37770,
52525,
35689,
65535,
14824,
0,
0,
0,
0,
0,
0,
0,
0,
0,
0,
14791,
32460,
21162,
21644,
21934,
21162,
21644,
19499,
21162,
65523,
52654,
12678,
65523,
60334,
52654,
14824,
0,
12710,
39850,
46220,
21162,
14823,
0,
0,
0,
0,
0,
0,
0,
0,
0,
0,
0,
14791,
23275,
24144,
21644,
23275,
24144,
23243,
14791,
58960,
65523,
65523,
65523,
64495,
39850,
14824,
0,
0,
14791,
14759,
14824,
0,
0,
0,
0,
0,
0,
0,
0,
0,
0,
0,
0,
0,
12710,
36717,
21162,
21162,
24144,
14791,
0,
14791,
37737,
65458,
64528,
46252,
14791,
0,
0,
0,
0,
0,
0,
0,
0,
0,
0,
0,
0,
0,
0,
0,
0,
0,
0,
0,
12710,
36685,
12678,
12710,
24112,
12743,
0,
0,
12678,
12678,
14791,
12711,
0,
0,
0,
0,
0,
0,
0,
0,
0,
0,
0,
0,
0,
0,
0,
0,
0,
0,
0,
0,
0,
14824,
0,
0,
14824,
0,
0,
0,
0,
0,
0,
0,
0,
0,
0,
0,
0,
0,
0,
0,
0,
0,
0,
0,
0,
0,
0,
0,
0,
0,
0,
0,
0,
0,
0,
0,
0,
0,
0,
0,
0,
0,
0,
0,
0,
0,
0,
0,
0,
0,
0,
0,
0,
0,
0,
0,
0,
0,
0,
0,
0,
0,
0,
0,
0,
0,
0,
0,
0,
0,
0,
0,
0,
0,
0,
0,
0,
0,
0,
0,
0,
0,
0,
0,
0,
0,
0,
0,
0,
0,
0,
0,
0,
0,
0,
0,
0,
0,
0,
0,
0,
0,
0,
0,
0,
0,
0,
0,
0,
0,
0,
0,
0,
0,
0,
0,
0,
0,
0,
0,
0,
0,
0,
0,
0,
0,
0,
0,
0,
0,
0,
0,
0,
0,
0,
0,
0,
0,
0,
0,
0,
0,
0,
0,
0,
0,
0,
0,
0,
0,
0,
0,
0,
0,
0,
0,
0,
0,
0,
0,
0,
0,
0,
0,
0,
0,
0,
0,
0,
0,
0,
0,
0,
0,
0,
0,
0,
0,
0,
0,
0,
0,
0,
0,
0,
0,
0,
0,
0,
0,
0,
0,
0,
0,
0,
0,
0,
0,
0,
0,
0,
0,
0,
0,
0,
0,
0,
0,
0,
0,
0,
0,
0,
0,
0,
0,
0,
0,
0,
0,
0,
0,
0,
0,
0,
0,
0,
0,
0,
0,
0,
0,
0,
0,
0,
0,
0,
0,
0,
0,
0,
0,
0,
0,
0,
0,
0,
0,
0,
0,
0,
0,
0,
0,
0,
0,
0,
0,
0,
0,
0,
0,
0,
0,
0,
0,
0,
0,
0,
0,
0,
0,
0,
0,
0,
0,
0,
0,
0,
0,
