1818
0,
0,
0,
0,
0,
0,
0,
0,
0,
0,
0,
0,
0,
0,
0,
0,
0,
0,
0,
0,
0,
0,
0,
0,
0,
0,
0,
0,
0,
0,
0,
0,
0,
0,
0,
0,
0,
0,
0,
0,
0,
0,
0,
0,
0,
0,
0,
0,
0,
0,
0,
0,
0,
0,
0,
0,
0,
0,
0,
0,
0,
0,
0,
0,
0,
0,
0,
0,
0,
0,
0,
0,
0,
0,
0,
0,
0,
0,
0,
0,
0,
0,
0,
0,
0,
0,
0,
0,
0,
0,
0,
0,
0,
0,
0,
0,
0,
0,
0,
0,
0,
0,
0,
0,
0,
0,
46443,
46443,
0,
0,
0,
0,
0,
0,
0,
0,
0,
0,
0,
0,
0,
0,
0,
0,
0,
0,
0,
0,
0,
0,
0,
0,
0,
46443,
46443,
0,
0,
46443,
54958,
54958,
46443,
0,
0,
0,
0,
0,
0,
0,
0,
0,
46443,
46443,
0,
0,
0,
0,
0,
0,
0,
0,
0,
0,
0,
0,
46443,
54958,
54958,
46443,
0,
46443,
54958,
54958,
46443,
0,
0,
0,
0,
0,
0,
0,
46443,
46443,
54958,
46443,
46443,
0,
0,
0,
0,
0,
0,
0,
0,
0,
0,
46443,
63410,
63410,
54958,
46443,
0,
0,
46443,
46443,
0,
0,
0,
0,
0,
0,
0,
46443,
54958,
54958,
54958,
54958,
46443,
0,
0,
0,
0,
0,
0,
0,
0,
0,
0,
46443,
63410,
63410,
63410,
54958,
46443,
0,
0,
0,
0,
0,
0,
14790,
12678,
0,
0,
46443,
54958,
54958,
54958,
54958,
46443,
0,
0,
0,
0,
0,
0,
0,
0,
0,
0,
46443,
63410,
63410,
63410,
54958,
46443,
0,
14790,
14790,
0,
14790,
14790,
27543,
27543,
14790,
0,
12678,
12710,
54958,
54958,
46443,
0,
0,
0,
0,
0,
0,
0,
0,
0,
0,
0,
0,
46443,
63410,
63410,
46443,
0,
14790,
27543,
21199,
14790,
40159,
40191,
21130,
54874,
21199,
12678,
21199,
27543,
12710,
46443,
0,
0,
0,
0,
0,
0,
0,
0,
0,
0,
0,
0,
0,
0,
46443,
46443,
0,
0,
12678,
21199,
27543,
54874,
65535,
40191,
40159,
21162,
49935,
27543,
27543,
21130,
12678,
0,
0,
46443,
0,
0,
0,
0,
0,
0,
0,
0,
0,
0,
0,
0,
0,
0,
0,
0,
0,
12678,
40191,
40191,
40191,
40191,
40191,
21130,
49935,
49935,
54906,
27543,
12678,
0,
46443,
54958,
46443,
0,
0,
0,
0,
0,
0,
0,
0,
0,
0,
0,
0,
0,
0,
0,
14790,
40159,
40191,
40191,
40191,
40191,
40191,
40159,
21130,
49935,
54906,
40159,
54874,
14790,
0,
46443,
0,
0,
0,
0,
0,
0,
0,
0,
0,
0,
0,
0,
0,
0,
0,
14790,
21130,
40191,
40191,
40191,
40191,
40191,
40191,
40191,
21130,
49935,
27575,
40191,
54906,
12678,
0,
0,
0,
0,
0,
0,
0,
0,
0,
0,
0,
0,
0,
0,
0,
0,
14790,
40159,
27543,
27543,
40191,
40191,
40191,
40191,
65535,
40191,
21130,
49935,
27543,
54906,
40191,
27543,
14790,
0,
0,
0,
0,
0,
0,
0,
0,
0,
0,
0,
0,
0,
0,
0,
12678,
40191,
27543,
27543,
40191,
40191,
40191,
12678,
65535,
40191,
21130,
65535,
27543,
54906,
27543,
54906,
12678,
0,
0,
0,
0,
0,
0,
0,
0,
0,
0,
0,
0,
46443,
46443,
0,
0,
12678,
21130,
40159,
40191,
40191,
40191,
65503,
65535,
40191,
21130,
21199,
27543,
27575,
27543,
12678,
0,
0,
0,
0,
0,
0,
0,
0,
0,
0,
0,
0,
46443,
63410,
63410,
46443,
0,
0,
12678,
40191,
40191,
40191,
40191,
27575,
65535,
21130,
27543,
27543,
27543,
27543,
27543,
12678,
0,
0,
0,
0,
0,
0,
0,
0,
0,
0,
0,
0,
46443,
63410,
63410,
46443,
0,
0,
0,
12678,
40191,
40191,
40191,
40159,
40191,
27543,
27543,
27543,
27543,
27543,
12678,
0,
0,
0,
46443,
46443,
0,
0,
0,
0,
0,
0,
0,
0,
0,
46443,
46443,
0,
0,
0,
0,
12678,
27543,
40191,
40191,
40191,
27543,
27543,
27543,
27543,
27543,
21130,
21199,
14790,
0,
46443,
63410,
63410,
46443,
0,
0,
0,
0,
0,
0,
0,
0,
0,
0,
46443,
46443,
0,
0,
12678,
40159,
27543,
12678,
21162,
27543,
27543,
21199,
12678,
12678,
21199,
21199,
12678,
0,
46443,
63410,
63410,
63410,
46443,
0,
0,
0,
0,
0,
0,
0,
0,
46443,
54958,
54958,
46443,
0,
0,
12678,
12678,
0,
12678,
21199,
27543,
12678,
0,
0,
12678,
12678,
0,
46443,
63410,
63410,
63410,
63410,
46443,
0,
0,
0,
0,
0,
0,
0,
46443,
46443,
54958,
54958,
54958,
46443,
0,
0,
0,
0,
0,
12678,
12678,
0,
0,
0,
0,
0,
0,
46443,
63410,
63410,
54958,
46443,
0,
0,
0,
0,
0,
0,
0,
46443,
54958,
63410,
63410,
63410,
54958,
46443,
0,
0,
0,
0,
0,
0,
0,
0,
0,
0,
0,
0,
0,
0,
46443,
54958,
54958,
46443,
0,
0,
0,
0,
0,
0,
0,
46443,
63410,
63410,
63410,
63410,
63410,
63410,
46443,
0,
0,
0,
46443,
0,
0,
0,
0,
0,
0,
0,
0,
0,
0,
46443,
46443,
0,
0,
0,
0,
0,
0,
0,
0,
46443,
63410,
63410,
63410,
63410,
63410,
63410,
46443,
0,
0,
46443,
63410,
46443,
0,
0,
0,
0,
0,
0,
0,
0,
0,
0,
0,
0,
0,
0,
0,
0,
0,
0,
0,
0,
46443,
63410,
63410,
46443,
63410,
46443,
46443,
0,
0,
0,
46443,
0,
0,
0,
0,
0,
0,
0,
0,
0,
0,
0,
0,
0,
0,
0,
0,
0,
0,
0,
0,
0,
0,
46443,
46443,
0,
46443,
46443,
0,
0,
0,
0,
0,
0,
0,
0,
0,
0,
0,
0,
0,
0,
0,
0,
0,
0,
0,
0,
0,
0,
0,
0,
0,
0,
0,
0,
0,
0,
0,
0,
0,
0,
0,
0,
0,
0,
0,
0,
0,
0,
0,
0,
0,
0,
0,
0,
0,
0,
0,
0,
0,
0,
0,
0,
0,
0,
0,
0,
0,
0,
0,
0,
0,
0,
0,
0,
0,
0,
0,
0,
0,
0,
0,
0,
0,
0,
0,
0,
0,
0,
0,
0,
0,
0,
0,
0,
0,
0,
0,
0,
0,
0,
0,
0,
0,
0,
0,
0,
0,
0,
0,
0,
0,
0,
0,
0,
0,
0,
0,
0,
0,
0,
0,
0,
0,
0,
0,
0,
0,
0,
0,
0,
0,
0,
0,
0,
0,
0,
0,
0,
0,
0,
0,
0,
0,
0,
0,
0,
0,
0,
0,
0,
0,
0,
0,
0,
0,
0,
