1818
0,
0,
0,
0,
0,
0,
0,
0,
0,
0,
0,
0,
0,
0,
0,
0,
0,
0,
0,
0,
0,
0,
0,
0,
0,
0,
0,
0,
0,
0,
0,
0,
0,
0,
0,
0,
0,
0,
0,
0,
0,
0,
0,
0,
0,
0,
46443,
46443,
46443,
0,
0,
0,
0,
0,
0,
0,
0,
0,
0,
0,
0,
0,
0,
0,
0,
0,
0,
0,
0,
0,
0,
0,
0,
0,
0,
0,
0,
46443,
63410,
63410,
63410,
46443,
0,
0,
0,
0,
0,
0,
0,
0,
0,
0,
0,
0,
0,
0,
0,
0,
0,
0,
0,
0,
0,
0,
0,
0,
0,
0,
46443,
63410,
63410,
63410,
63410,
63410,
46443,
0,
0,
0,
46443,
46443,
0,
0,
0,
0,
0,
0,
0,
0,
0,
0,
0,
0,
0,
46443,
46443,
0,
0,
0,
0,
0,
46443,
63410,
63410,
63410,
63410,
63410,
46443,
0,
0,
46443,
63410,
63410,
46443,
0,
0,
0,
0,
0,
0,
0,
0,
0,
0,
0,
46443,
63410,
63410,
46443,
0,
0,
0,
0,
0,
46443,
46443,
63410,
63410,
46443,
0,
0,
0,
46443,
63410,
63410,
63410,
46443,
0,
0,
0,
0,
0,
0,
0,
0,
0,
46443,
63410,
63410,
63410,
46443,
0,
0,
0,
0,
0,
0,
12678,
46443,
46443,
0,
0,
0,
0,
0,
46443,
63410,
63410,
46443,
0,
0,
0,
0,
0,
0,
0,
0,
0,
46443,
63410,
63410,
46443,
0,
0,
14790,
14790,
0,
14790,
14790,
52760,
52792,
12678,
14790,
0,
0,
14790,
14790,
0,
46443,
46443,
0,
0,
0,
0,
0,
0,
0,
0,
0,
0,
0,
46443,
46443,
0,
0,
14790,
27543,
21199,
14790,
40159,
40159,
27575,
43563,
21130,
27543,
14790,
14790,
21199,
27543,
14790,
0,
0,
0,
0,
0,
0,
0,
0,
0,
0,
0,
0,
0,
0,
46443,
46443,
0,
12678,
21199,
27543,
40159,
40191,
40191,
27543,
43531,
43531,
27543,
52760,
27543,
27543,
21199,
12678,
0,
0,
0,
0,
0,
0,
0,
0,
0,
0,
0,
0,
0,
46443,
63410,
63410,
46443,
0,
12678,
40159,
40191,
40191,
40191,
40159,
27543,
43531,
21130,
52792,
52760,
40159,
12678,
0,
0,
0,
0,
0,
0,
0,
0,
0,
0,
0,
0,
0,
0,
46443,
63410,
63410,
46443,
14790,
40159,
40191,
40191,
27543,
27543,
40191,
27543,
49935,
21130,
40191,
52792,
27543,
52760,
14790,
0,
0,
0,
0,
0,
0,
0,
0,
0,
0,
0,
0,
0,
0,
46443,
46443,
0,
12678,
27543,
40191,
40191,
27543,
65503,
40191,
27543,
49935,
21130,
27543,
52792,
27543,
52792,
12678,
0,
0,
0,
0,
0,
0,
0,
0,
0,
0,
0,
0,
0,
0,
0,
0,
14790,
40159,
40159,
40191,
27543,
40159,
12710,
65535,
27543,
49935,
21130,
27543,
27575,
40159,
52792,
12678,
14790,
0,
0,
0,
46443,
46443,
0,
0,
0,
0,
0,
0,
46443,
46443,
0,
0,
12678,
40191,
40191,
40191,
40159,
40191,
27543,
65535,
21130,
65503,
52760,
21130,
27543,
52792,
40191,
21199,
21199,
14790,
0,
46443,
63410,
63410,
46443,
0,
0,
0,
0,
46443,
63410,
63410,
46443,
0,
0,
12678,
27543,
40191,
40191,
40191,
27543,
65535,
27543,
21162,
65535,
21130,
40159,
52792,
27543,
21199,
21199,
12678,
46443,
46443,
63410,
63410,
46443,
0,
0,
0,
46443,
63410,
63410,
63410,
46443,
0,
0,
12678,
40159,
40191,
40191,
40191,
40159,
40191,
27543,
49935,
21162,
27543,
52792,
40191,
27543,
12678,
12678,
46411,
63410,
63410,
46443,
46443,
0,
0,
0,
0,
46443,
63410,
63410,
63410,
63410,
46443,
0,
0,
12678,
21162,
40191,
21162,
21162,
40191,
40191,
27543,
27543,
27543,
27543,
27543,
12678,
0,
46443,
63410,
63410,
63410,
46443,
0,
0,
0,
0,
0,
0,
46443,
63410,
63410,
63410,
46443,
0,
14790,
27543,
27543,
21162,
27543,
40159,
21162,
40191,
27543,
27543,
27543,
27543,
27543,
21199,
0,
46443,
63410,
63410,
63410,
63410,
46443,
0,
0,
0,
0,
0,
46443,
63410,
63410,
46443,
0,
14790,
12678,
27543,
40159,
40159,
40159,
27543,
21130,
27543,
21199,
21199,
21199,
27543,
21199,
27543,
0,
0,
46443,
63410,
63410,
63410,
46443,
0,
0,
0,
0,
0,
0,
46443,
46443,
0,
0,
12678,
40159,
40159,
40191,
65535,
40191,
40159,
40159,
21130,
21199,
27543,
27543,
21130,
21130,
12678,
0,
0,
46443,
63410,
63410,
46443,
0,
0,
0,
0,
0,
0,
0,
0,
0,
0,
14790,
40159,
27543,
40191,
40191,
65535,
65535,
40191,
40191,
21130,
21130,
21130,
21130,
27543,
27543,
12678,
0,
0,
0,
46443,
46443,
0,
0,
0,
0,
0,
0,
0,
0,
0,
0,
0,
12678,
40191,
27543,
40191,
40191,
12710,
65535,
40191,
21162,
40159,
21130,
27543,
27543,
27543,
27543,
27543,
14790,
0,
0,
0,
0,
0,
0,
0,
0,
0,
0,
0,
0,
0,
0,
0,
12678,
27543,
40159,
40191,
27543,
65503,
40191,
21162,
65503,
40191,
21130,
21130,
27543,
27543,
27543,
27543,
12678,
0,
0,
0,
0,
0,
0,
0,
0,
0,
0,
0,
0,
0,
0,
0,
0,
12678,
40191,
40191,
40159,
40191,
40191,
21130,
40191,
21162,
27543,
27543,
27543,
27543,
21199,
12678,
0,
0,
0,
0,
0,
0,
0,
0,
0,
0,
0,
0,
0,
0,
46443,
46443,
0,
12678,
27543,
40191,
40191,
40191,
21162,
40159,
27543,
21130,
12678,
12678,
27543,
21199,
27543,
12678,
0,
0,
0,
0,
0,
0,
0,
0,
0,
0,
0,
0,
0,
46443,
63410,
63410,
46443,
12678,
40159,
27543,
40191,
40191,
21130,
27543,
40159,
12678,
0,
0,
12678,
12678,
12678,
0,
0,
0,
0,
0,
0,
0,
0,
0,
0,
0,
0,
0,
0,
46443,
63410,
63410,
46443,
0,
12678,
12678,
65535,
40191,
40159,
12678,
12678,
0,
46443,
46443,
0,
0,
0,
0,
0,
0,
0,
0,
0,
0,
0,
0,
0,
0,
0,
0,
0,
0,
46443,
46443,
0,
0,
0,
0,
12710,
12678,
12678,
0,
0,
46443,
63410,
63410,
46443,
0,
0,
0,
0,
0,
0,
0,
0,
0,
0,
0,
0,
0,
0,
0,
0,
0,
0,
0,
0,
0,
0,
0,
0,
0,
0,
0,
0,
46443,
63410,
63410,
46443,
0,
0,
0,
0,
0,
0,
0,
0,
0,
0,
0,
0,
0,
0,
0,
0,
0,
0,
0,
0,
0,
0,
0,
0,
0,
0,
0,
0,
0,
46443,
46443,
0,
0,
0,
0,
0,
0,
0,
0,
0,
0,
0,
0,
0,
0,
0,
0,
0,
0,
0,
0,
0,
0,
0,
0,
0,
0,
0,
0,
0,
0,
0,
0,
0,
0,
0,
0,
0,
0,
0,
0,
0,
0,
0,
0,
0,
0,
