1818
0,
0,
0,
0,
0,
0,
0,
0,
0,
0,
0,
0,
0,
0,
0,
0,
0,
0,
0,
0,
0,
0,
0,
0,
0,
0,
0,
0,
0,
0,
0,
0,
0,
0,
0,
0,
0,
0,
0,
0,
0,
0,
0,
0,
0,
0,
0,
0,
0,
0,
0,
0,
0,
0,
0,
0,
0,
0,
0,
0,
0,
0,
0,
0,
0,
0,
0,
0,
0,
0,
0,
0,
0,
0,
0,
0,
0,
0,
0,
0,
0,
0,
0,
0,
0,
0,
0,
0,
0,
0,
0,
0,
0,
0,
0,
0,
0,
0,
0,
0,
0,
0,
0,
0,
0,
0,
0,
0,
0,
0,
12710,
12710,
0,
0,
0,
0,
0,
0,
0,
0,
0,
0,
0,
0,
0,
0,
0,
0,
0,
0,
0,
0,
0,
0,
0,
0,
0,
0,
0,
0,
0,
14791,
59196,
23243,
14823,
0,
0,
0,
0,
0,
0,
0,
0,
0,
0,
0,
0,
0,
0,
0,
0,
0,
0,
0,
0,
0,
0,
0,
12678,
12711,
0,
0,
12710,
33939,
31761,
31793,
14823,
0,
0,
0,
0,
0,
0,
0,
0,
0,
0,
0,
0,
0,
0,
0,
0,
0,
0,
0,
0,
0,
0,
0,
14791,
65399,
14759,
12710,
12710,
23275,
31826,
33874,
14823,
0,
0,
14759,
12743,
0,
14823,
0,
0,
0,
0,
0,
0,
0,
0,
0,
0,
0,
0,
0,
0,
0,
0,
0,
14791,
58995,
61075,
65496,
35987,
48697,
23243,
14823,
0,
0,
14791,
35987,
33906,
14791,
59228,
14823,
0,
0,
0,
0,
0,
0,
0,
0,
0,
0,
0,
0,
12710,
12678,
12711,
0,
12678,
21162,
65496,
61205,
54737,
35987,
42358,
12678,
14759,
12678,
21162,
33906,
31761,
33874,
59164,
12711,
0,
0,
0,
0,
0,
0,
0,
0,
0,
0,
0,
0,
14791,
33874,
31793,
14791,
46584,
33874,
61043,
56850,
65399,
35987,
46552,
23243,
48697,
44503,
33906,
23243,
21162,
33906,
33906,
12743,
0,
0,
0,
0,
0,
0,
0,
0,
0,
0,
0,
0,
0,
14759,
23243,
48697,
23243,
48665,
36019,
65463,
33906,
48697,
46584,
23243,
47787,
46584,
48665,
35987,
56882,
23243,
33939,
14791,
0,
0,
0,
0,
0,
0,
0,
0,
0,
0,
0,
0,
0,
0,
12710,
48697,
31761,
44439,
48697,
31761,
44439,
48697,
42358,
21162,
54191,
43594,
31793,
65496,
54737,
65398,
14823,
0,
0,
0,
0,
0,
0,
0,
0,
0,
0,
0,
0,
0,
0,
0,
12710,
48697,
46584,
46584,
48697,
46551,
12711,
48697,
31826,
23243,
56239,
43626,
33906,
65496,
56849,
65464,
52623,
12743,
0,
0,
0,
0,
0,
0,
0,
0,
0,
0,
0,
0,
0,
0,
12710,
35987,
48665,
48665,
48697,
23211,
62086,
48697,
23211,
47755,
56239,
45707,
48665,
35987,
58962,
65496,
52655,
14791,
0,
0,
0,
0,
0,
0,
0,
0,
0,
0,
0,
0,
0,
0,
0,
14791,
21162,
44439,
48697,
21162,
65503,
48697,
21162,
65503,
47787,
44406,
44471,
33906,
54737,
65399,
52591,
12711,
0,
0,
0,
0,
0,
0,
0,
0,
0,
0,
0,
0,
0,
0,
0,
14791,
48665,
33906,
48697,
46616,
46617,
48697,
23211,
47787,
48697,
46584,
33906,
35987,
56882,
23243,
23243,
14791,
0,
0,
0,
0,
0,
0,
0,
0,
0,
0,
0,
0,
0,
0,
14791,
48697,
33906,
33906,
35987,
46617,
48665,
48697,
46584,
23243,
23243,
23211,
33939,
48697,
33906,
48697,
48697,
33874,
14759,
14823,
0,
0,
0,
0,
0,
0,
0,
0,
0,
0,
0,
0,
12710,
48697,
31761,
21130,
35987,
44406,
21130,
48697,
21130,
21162,
48697,
42358,
21162,
48665,
44406,
46552,
48665,
44406,
33874,
65535,
12711,
0,
0,
0,
0,
0,
0,
0,
0,
0,
0,
0,
12710,
14759,
12710,
33906,
35987,
23243,
33906,
23243,
14791,
48665,
48697,
46584,
33906,
23243,
21162,
23275,
48697,
33874,
33939,
23243,
14791,
0,
0,
0,
0,
0,
0,
0,
0,
0,
0,
0,
0,
0,
0,
14791,
48697,
33874,
33874,
14823,
0,
14791,
48697,
33874,
46617,
48697,
46584,
65535,
23275,
31825,
35987,
65535,
12743,
0,
0,
0,
0,
0,
0,
0,
0,
0,
0,
0,
0,
0,
0,
12710,
48665,
12678,
31761,
14823,
0,
0,
14791,
21130,
44471,
48665,
44406,
31826,
23243,
31761,
31825,
14791,
0,
0,
0,
0,
0,
0,
0,
0,
0,
0,
0,
0,
0,
0,
0,
0,
14823,
0,
14823,
0,
0,
0,
14791,
21162,
23275,
48730,
65535,
23243,
14759,
12710,
14823,
0,
0,
0,
0,
0,
0,
0,
0,
0,
0,
0,
0,
0,
0,
0,
0,
0,
0,
0,
0,
0,
0,
0,
14791,
31826,
33906,
23243,
21162,
14823,
0,
0,
0,
0,
0,
0,
0,
0,
0,
0,
0,
0,
0,
0,
0,
0,
0,
0,
0,
0,
14759,
12678,
12711,
0,
0,
12710,
33939,
21130,
31793,
33906,
29713,
14791,
0,
0,
0,
0,
0,
0,
0,
0,
0,
0,
0,
0,
0,
0,
0,
0,
0,
0,
0,
0,
14791,
33906,
33906,
14759,
14759,
23243,
35987,
33906,
23243,
23243,
14823,
0,
0,
0,
0,
0,
0,
0,
0,
0,
0,
0,
0,
0,
0,
0,
0,
0,
0,
0,
0,
0,
0,
12710,
33874,
23275,
33874,
33906,
23275,
31826,
33906,
33906,
14791,
0,
0,
0,
0,
0,
0,
0,
0,
0,
0,
0,
0,
0,
0,
0,
0,
0,
0,
0,
0,
0,
0,
0,
12678,
14791,
21130,
31793,
33939,
21130,
12678,
14823,
0,
0,
0,
0,
0,
0,
0,
0,
0,
0,
0,
0,
0,
0,
0,
0,
0,
0,
0,
0,
0,
0,
0,
0,
0,
0,
12710,
14759,
14759,
14823,
0,
0,
0,
0,
0,
0,
0,
0,
0,
0,
0,
0,
0,
0,
0,
0,
0,
0,
0,
0,
0,
0,
0,
0,
0,
0,
0,
0,
0,
0,
0,
0,
0,
0,
0,
0,
0,
0,
0,
0,
0,
0,
0,
0,
0,
0,
0,
0,
0,
0,
0,
0,
0,
0,
0,
0,
0,
0,
0,
0,
0,
0,
0,
0,
0,
0,
0,
0,
0,
0,
0,
0,
0,
0,
0,
0,
0,
0,
0,
0,
0,
0,
0,
0,
0,
0,
0,
0,
0,
0,
0,
0,
0,
0,
0,
0,
0,
0,
0,
0,
0,
0,
0,
0,
0,
0,
0,
0,
0,
0,
0,
0,
0,
0,
0,
0,
0,
0,
0,
0,
0,
0,
0,
0,
0,
0,
0,
0,
0,
0,
0,
0,
0,
0,
0,
0,
0,
0,
0,
0,
0,
0,
