1818
0,
0,
0,
0,
0,
0,
0,
0,
0,
0,
0,
0,
0,
0,
0,
0,
0,
0,
0,
0,
0,
0,
0,
0,
0,
0,
0,
0,
0,
0,
0,
0,
0,
0,
0,
0,
0,
0,
0,
0,
0,
0,
0,
0,
0,
0,
0,
0,
0,
0,
0,
0,
0,
0,
0,
0,
0,
0,
0,
0,
0,
0,
0,
0,
0,
0,
0,
0,
0,
0,
0,
0,
0,
0,
0,
0,
0,
0,
0,
0,
0,
0,
0,
0,
0,
0,
0,
0,
0,
0,
0,
0,
0,
0,
0,
0,
0,
0,
0,
0,
0,
0,
0,
0,
0,
0,
0,
0,
0,
0,
0,
0,
0,
0,
0,
0,
0,
0,
0,
0,
0,
0,
0,
0,
0,
0,
0,
0,
0,
0,
0,
0,
0,
0,
0,
0,
0,
0,
0,
0,
0,
0,
0,
0,
0,
0,
0,
0,
0,
0,
0,
0,
0,
0,
0,
0,
0,
0,
0,
0,
0,
0,
0,
0,
0,
0,
0,
0,
0,
0,
0,
0,
0,
0,
0,
0,
0,
0,
12710,
14823,
0,
0,
0,
0,
0,
0,
0,
0,
0,
0,
0,
0,
0,
0,
0,
0,
0,
0,
0,
0,
0,
0,
0,
0,
0,
0,
0,
0,
0,
12678,
54057,
65535,
12710,
0,
0,
0,
0,
0,
0,
0,
0,
0,
0,
0,
0,
0,
0,
0,
0,
0,
0,
0,
0,
0,
0,
0,
0,
0,
0,
0,
14759,
54056,
65535,
58185,
12711,
0,
0,
0,
0,
0,
0,
0,
0,
0,
0,
0,
0,
0,
0,
0,
0,
0,
0,
0,
0,
12710,
14823,
0,
0,
0,
0,
12710,
12710,
58185,
47753,
14823,
0,
0,
14823,
0,
0,
0,
0,
0,
0,
0,
0,
0,
0,
0,
0,
0,
0,
0,
0,
0,
12678,
51976,
58185,
12678,
12710,
0,
12678,
65077,
65174,
21130,
54024,
14791,
0,
12710,
50744,
12710,
0,
0,
0,
0,
0,
0,
0,
0,
0,
0,
0,
0,
0,
0,
0,
14790,
63397,
54024,
58185,
54024,
21162,
14791,
65045,
65110,
14791,
58578,
21162,
12710,
12678,
45673,
45705,
12710,
0,
0,
0,
0,
0,
0,
0,
0,
0,
0,
0,
0,
0,
0,
12710,
14790,
65509,
64741,
58185,
58185,
23243,
58217,
65174,
65207,
65207,
64820,
23243,
54731,
54699,
23243,
52825,
14791,
0,
0,
0,
0,
0,
0,
0,
0,
0,
0,
0,
0,
0,
12678,
61285,
65509,
61317,
61285,
23243,
21130,
51976,
58185,
51976,
65077,
64852,
58546,
21130,
23211,
21130,
52618,
45705,
12710,
0,
0,
0,
0,
0,
0,
0,
0,
0,
0,
0,
0,
14790,
65477,
63429,
65509,
65477,
23210,
58185,
54056,
23243,
65535,
56105,
62740,
64853,
21162,
56137,
65509,
63397,
23211,
14823,
0,
0,
0,
0,
0,
0,
0,
0,
0,
0,
0,
0,
0,
14790,
65509,
12710,
14791,
54763,
65509,
64774,
58185,
58185,
14791,
65535,
58217,
64852,
23243,
23243,
58217,
65509,
54731,
14823,
0,
0,
0,
0,
0,
0,
0,
0,
0,
0,
0,
0,
0,
0,
12711,
0,
0,
12710,
61317,
65509,
51976,
51976,
23243,
63390,
54024,
58185,
21130,
21162,
56137,
21130,
21162,
14791,
0,
0,
0,
0,
0,
0,
0,
0,
0,
0,
0,
0,
0,
0,
0,
0,
12710,
65477,
65477,
64773,
56104,
56105,
23275,
65535,
56137,
58185,
21162,
23210,
58185,
21162,
65535,
45705,
12711,
0,
14791,
0,
0,
0,
0,
0,
0,
0,
0,
0,
0,
0,
0,
14790,
65509,
65509,
65510,
58185,
58185,
23243,
64774,
58185,
58185,
23243,
23243,
54731,
23243,
58185,
47785,
65535,
23211,
14791,
52825,
14791,
0,
0,
0,
0,
0,
0,
0,
0,
0,
0,
12710,
61285,
65509,
61317,
61285,
65509,
51976,
51976,
58185,
51976,
51976,
14790,
61253,
63365,
54699,
51944,
54056,
23211,
21129,
56104,
45672,
12710,
0,
0,
0,
0,
0,
0,
0,
0,
0,
0,
14790,
63397,
12710,
14790,
65477,
12710,
12710,
21162,
58185,
54056,
14791,
0,
12710,
65477,
23243,
54056,
23243,
54731,
21162,
58217,
65535,
12711,
0,
0,
0,
0,
0,
0,
0,
0,
0,
0,
12710,
14791,
0,
0,
14791,
0,
0,
14758,
58185,
14791,
0,
0,
0,
12710,
23243,
23242,
54731,
23243,
56104,
58185,
45705,
14791,
0,
0,
0,
0,
0,
0,
0,
0,
0,
0,
0,
0,
0,
0,
0,
0,
0,
0,
14823,
0,
0,
0,
0,
12710,
65509,
19049,
12678,
14758,
51944,
54056,
12743,
0,
0,
0,
0,
0,
0,
0,
0,
0,
0,
0,
0,
0,
0,
0,
0,
0,
0,
0,
0,
12678,
14791,
0,
12710,
65509,
65509,
63397,
14791,
0,
12678,
14791,
0,
0,
0,
0,
0,
0,
0,
0,
0,
0,
0,
0,
0,
0,
0,
0,
0,
0,
0,
12710,
14759,
56137,
58185,
14790,
65509,
65509,
54731,
14791,
0,
0,
0,
0,
0,
0,
0,
0,
0,
0,
0,
0,
0,
0,
0,
0,
0,
0,
0,
0,
0,
0,
12710,
61285,
64742,
51976,
54024,
58217,
59205,
12678,
14791,
0,
0,
0,
0,
0,
0,
0,
0,
0,
0,
0,
0,
0,
0,
0,
0,
0,
0,
0,
0,
0,
0,
12710,
65477,
12710,
14790,
64709,
58185,
12710,
14791,
0,
0,
0,
0,
0,
0,
0,
0,
0,
0,
0,
0,
0,
0,
0,
0,
0,
0,
0,
0,
0,
0,
0,
0,
12710,
14791,
0,
0,
12710,
14791,
0,
0,
0,
0,
0,
0,
0,
0,
0,
0,
0,
0,
0,
0,
0,
0,
0,
0,
0,
0,
0,
0,
0,
0,
0,
0,
0,
0,
0,
0,
0,
0,
0,
0,
0,
0,
0,
0,
0,
0,
0,
0,
0,
0,
0,
0,
0,
0,
0,
0,
0,
0,
0,
0,
0,
0,
0,
0,
0,
0,
0,
0,
0,
0,
0,
0,
0,
0,
0,
0,
0,
0,
0,
0,
0,
0,
0,
0,
0,
0,
0,
0,
0,
0,
0,
0,
0,
0,
0,
0,
0,
0,
0,
0,
0,
0,
0,
0,
0,
0,
0,
0,
0,
0,
0,
0,
0,
0,
0,
0,
0,
0,
0,
0,
0,
0,
0,
0,
0,
0,
0,
0,
0,
0,
0,
0,
0,
0,
0,
0,
0,
0,
0,
0,
0,
0,
0,
0,
0,
0,
0,
0,
0,
0,
0,
0,
0,
0,
0,
0,
0,
0,
0,
0,
0,
0,
0,
0,
0,
0,
0,
0,
0,
0,
0,
0,
0,
0,
0,
0,
0,
0,
0,
0,
0,
0,
