1818
0,
0,
0,
0,
0,
0,
0,
0,
0,
0,
0,
0,
0,
0,
0,
0,
0,
0,
0,
0,
0,
0,
0,
0,
0,
0,
0,
0,
0,
0,
0,
0,
0,
0,
0,
0,
0,
0,
0,
0,
0,
0,
0,
0,
0,
0,
0,
0,
0,
0,
0,
0,
0,
0,
0,
0,
0,
0,
0,
0,
0,
0,
0,
0,
0,
0,
0,
0,
0,
0,
0,
0,
0,
0,
0,
0,
0,
0,
0,
0,
0,
12710,
14759,
14823,
0,
0,
0,
0,
0,
0,
0,
0,
0,
0,
0,
0,
0,
0,
0,
0,
0,
0,
0,
0,
0,
0,
0,
0,
0,
0,
0,
0,
14791,
65433,
50380,
56915,
12710,
14791,
0,
0,
0,
0,
0,
0,
0,
0,
0,
0,
0,
0,
0,
0,
0,
0,
0,
0,
0,
0,
0,
0,
0,
0,
0,
0,
14791,
46155,
65465,
56915,
50610,
54770,
14791,
0,
0,
0,
0,
0,
0,
0,
0,
0,
0,
0,
0,
0,
0,
0,
0,
0,
0,
0,
0,
0,
0,
0,
0,
0,
0,
14791,
65530,
65530,
56915,
56948,
56948,
14791,
0,
0,
0,
0,
0,
0,
0,
0,
0,
0,
0,
0,
0,
0,
0,
0,
0,
0,
0,
0,
0,
0,
0,
0,
0,
12710,
23243,
56948,
54802,
56915,
56915,
12743,
0,
0,
0,
0,
0,
0,
0,
0,
0,
0,
0,
0,
0,
0,
0,
0,
0,
0,
0,
0,
0,
0,
0,
0,
12710,
12678,
17266,
23243,
21130,
17266,
14791,
0,
0,
0,
0,
0,
0,
0,
0,
0,
0,
0,
0,
0,
0,
0,
0,
0,
0,
0,
0,
0,
0,
0,
12710,
14791,
56948,
56915,
19379,
19379,
19346,
19379,
19379,
14791,
0,
0,
0,
0,
0,
0,
0,
0,
0,
0,
0,
0,
0,
0,
0,
0,
0,
0,
14759,
12678,
12710,
23275,
65400,
65498,
65530,
52690,
56915,
56948,
17233,
19346,
19346,
12711,
0,
0,
0,
0,
0,
0,
0,
0,
0,
0,
0,
0,
0,
0,
0,
0,
0,
12710,
23701,
21523,
21555,
23275,
63319,
65400,
65530,
63319,
54803,
56915,
50610,
17266,
17298,
17200,
14791,
0,
0,
0,
0,
0,
0,
0,
0,
0,
0,
0,
0,
0,
0,
0,
14791,
23669,
23701,
65535,
23275,
65530,
65530,
65530,
65530,
65530,
56948,
56948,
56915,
56948,
19379,
19346,
14823,
0,
0,
0,
0,
0,
0,
0,
0,
0,
0,
0,
0,
0,
0,
0,
12710,
23636,
65535,
21130,
23243,
65530,
65400,
65497,
65530,
65400,
65498,
56948,
52690,
23211,
23243,
21130,
23243,
14791,
0,
0,
0,
0,
0,
0,
0,
0,
0,
0,
0,
0,
0,
0,
12678,
21523,
23243,
21162,
65400,
65530,
63319,
65400,
65530,
63319,
65465,
56915,
21130,
65465,
65497,
63287,
41929,
41928,
12711,
0,
0,
0,
0,
0,
0,
0,
0,
0,
0,
0,
0,
0,
0,
14759,
65530,
65530,
65530,
65530,
65530,
65530,
65530,
65530,
65530,
23275,
65535,
59028,
65530,
44009,
44009,
44009,
44009,
14823,
0,
0,
0,
0,
0,
0,
0,
0,
0,
0,
0,
0,
12678,
14758,
65530,
65400,
65497,
65530,
52690,
54835,
65530,
65400,
65498,
23243,
39848,
65498,
65498,
39816,
44009,
41929,
39816,
14791,
0,
0,
0,
0,
0,
0,
0,
0,
0,
0,
0,
14791,
63320,
46187,
65530,
65368,
65400,
23243,
21130,
21162,
56915,
63319,
54835,
23275,
63422,
54835,
65497,
63287,
41929,
41929,
50610,
14791,
0,
0,
0,
0,
0,
0,
0,
0,
0,
0,
14759,
50380,
23243,
50380,
65530,
65530,
23243,
23701,
23701,
23701,
23275,
65530,
56948,
19379,
23275,
65530,
65530,
56948,
56948,
56948,
23243,
14823,
0,
0,
0,
0,
0,
0,
0,
0,
0,
0,
12710,
65530,
65400,
65433,
50380,
65400,
21163,
23701,
21555,
21588,
23243,
52690,
19346,
19379,
17233,
23211,
23243,
52690,
56915,
23243,
12711,
0,
0,
0,
0,
0,
0,
0,
0,
0,
0,
12710,
17265,
65530,
65368,
65400,
50380,
63320,
21162,
23701,
21523,
21555,
23669,
17233,
17298,
19346,
17233,
17298,
19346,
21130,
23243,
14791,
0,
0,
0,
0,
0,
0,
0,
0,
0,
0,
14791,
19379,
19379,
65530,
65530,
23243,
65530,
50380,
23243,
23701,
23701,
23701,
23701,
19379,
19379,
19379,
19379,
19379,
19379,
19379,
19379,
14823,
0,
0,
0,
0,
0,
0,
0,
0,
0,
0,
14759,
12710,
17265,
23701,
63320,
21162,
65530,
63320,
21162,
23701,
21523,
21555,
23669,
17233,
17298,
19346,
17233,
17298,
19346,
17233,
14791,
0,
0,
0,
0,
0,
0,
0,
0,
0,
0,
0,
0,
12678,
12678,
23701,
65368,
46187,
50380,
65368,
65400,
23243,
21523,
21555,
19346,
17233,
17298,
19346,
17233,
17298,
17298,
17232,
14791,
0,
0,
0,
0,
0,
0,
0,
0,
0,
0,
0,
0,
0,
0,
14791,
65530,
65530,
23275,
65530,
65530,
19379,
23243,
19379,
19379,
19379,
19379,
19379,
19379,
19379,
19379,
14823,
0,
0,
0,
0,
0,
0,
0,
0,
0,
0,
0,
0,
0,
0,
0,
14759,
21523,
65400,
65530,
63320,
17265,
19379,
17233,
17265,
19346,
17233,
17298,
19346,
17233,
17298,
14791,
0,
0,
0,
0,
0,
0,
0,
0,
0,
0,
0,
0,
0,
0,
0,
12678,
23243,
21555,
21555,
23701,
17265,
17266,
19379,
21130,
17266,
19378,
17233,
19346,
19378,
12678,
14791,
0,
0,
0,
0,
0,
0,
0,
0,
0,
0,
0,
0,
0,
0,
0,
0,
14759,
19379,
23701,
23701,
19379,
19379,
19379,
23243,
14759,
14759,
14759,
14759,
14759,
14823,
0,
0,
0,
0,
0,
0,
0,
0,
0,
0,
0,
0,
0,
0,
0,
0,
0,
0,
12678,
23701,
21523,
17233,
14759,
12678,
12710,
14823,
0,
0,
0,
0,
0,
0,
0,
0,
0,
0,
0,
0,
0,
0,
0,
0,
0,
0,
0,
0,
0,
0,
0,
0,
12678,
14759,
12678,
12743,
0,
0,
0,
0,
0,
0,
0,
0,
0,
0,
0,
0,
0,
0,
0,
0,
0,
0,
0,
0,
0,
0,
0,
0,
0,
0,
0,
0,
0,
0,
0,
0,
0,
0,
0,
0,
0,
0,
0,
0,
0,
0,
0,
0,
0,
0,
0,
0,
0,
0,
0,
0,
0,
0,
0,
0,
0,
0,
0,
0,
0,
0,
0,
0,
0,
0,
0,
0,
0,
0,
0,
0,
0,
0,
0,
0,
0,
0,
0,
0,
0,
0,
0,
0,
0,
0,
0,
0,
0,
0,
0,
0,
0,
0,
0,
0,
0,
0,
0,
0,
0,
0,
0,
0,
0,
0,
0,
0,
0,
0,
0,
0,
0,
0,
0,
0,
0,
0,
