1818
0,
0,
0,
0,
0,
0,
0,
0,
0,
0,
0,
0,
0,
0,
0,
0,
0,
0,
0,
0,
0,
0,
0,
0,
0,
0,
0,
0,
0,
0,
0,
0,
0,
0,
0,
0,
0,
0,
0,
0,
0,
0,
0,
0,
0,
0,
0,
0,
0,
0,
0,
0,
0,
0,
0,
0,
0,
0,
0,
0,
0,
0,
0,
0,
0,
0,
0,
0,
0,
0,
0,
0,
0,
0,
0,
0,
0,
0,
0,
0,
0,
0,
0,
0,
0,
0,
0,
0,
0,
0,
0,
0,
0,
0,
0,
0,
0,
0,
0,
0,
0,
0,
0,
0,
0,
0,
0,
0,
0,
0,
12710,
12743,
0,
0,
0,
0,
0,
0,
0,
0,
0,
0,
0,
0,
0,
0,
0,
0,
0,
0,
0,
0,
0,
0,
12678,
12710,
0,
0,
0,
0,
0,
12678,
52824,
44011,
12710,
0,
0,
0,
0,
0,
0,
0,
0,
0,
0,
0,
0,
0,
0,
0,
0,
0,
0,
0,
0,
14791,
65497,
65432,
14823,
0,
0,
0,
0,
14758,
50284,
48236,
48236,
14823,
0,
0,
0,
0,
0,
0,
0,
0,
0,
0,
0,
0,
0,
0,
0,
0,
0,
0,
0,
0,
12710,
14758,
65465,
14791,
0,
0,
14758,
48203,
23243,
21162,
21162,
14823,
0,
0,
0,
0,
0,
0,
0,
0,
0,
0,
0,
0,
0,
0,
0,
0,
0,
0,
0,
0,
0,
0,
14791,
52718,
12710,
0,
12678,
21130,
65037,
60780,
60780,
14823,
0,
0,
0,
0,
0,
0,
0,
0,
0,
0,
0,
0,
0,
0,
0,
0,
0,
0,
0,
0,
0,
0,
14791,
59024,
23243,
14759,
23243,
65037,
65037,
65037,
65037,
65037,
14791,
0,
0,
0,
0,
0,
0,
0,
0,
0,
0,
0,
0,
0,
0,
0,
0,
0,
0,
0,
0,
0,
0,
12710,
14758,
65037,
64973,
64972,
65037,
64940,
46123,
65037,
12743,
0,
12710,
12711,
0,
0,
0,
0,
0,
0,
0,
0,
0,
0,
0,
0,
0,
0,
0,
0,
0,
0,
0,
12710,
60780,
65037,
60812,
60812,
65037,
60780,
60812,
65037,
21130,
12710,
50284,
44011,
12711,
0,
0,
0,
0,
0,
0,
0,
0,
0,
0,
0,
0,
0,
0,
0,
0,
12710,
14791,
65037,
50284,
65037,
65037,
65535,
14791,
50284,
65037,
65037,
23243,
23243,
23243,
48236,
23243,
14823,
0,
0,
0,
0,
0,
0,
0,
0,
0,
0,
0,
0,
0,
0,
12710,
46091,
23243,
62892,
46091,
23243,
62892,
12678,
14759,
21162,
62892,
50284,
21162,
65399,
59024,
21130,
46123,
14823,
0,
0,
0,
0,
0,
0,
0,
0,
0,
0,
0,
0,
0,
14758,
46123,
44043,
21745,
21130,
21130,
65465,
46091,
60812,
65535,
63422,
60780,
23243,
61174,
63287,
59056,
61142,
21130,
14791,
0,
0,
0,
0,
0,
0,
0,
0,
0,
0,
0,
0,
0,
14759,
23243,
50284,
50284,
23275,
65465,
23243,
65037,
65037,
65037,
65037,
65037,
65037,
50316,
65497,
59057,
65465,
59024,
14823,
0,
0,
0,
0,
0,
0,
0,
0,
0,
0,
0,
0,
0,
0,
12710,
12678,
23275,
63287,
21162,
65037,
62892,
62892,
65037,
62860,
62892,
65037,
62860,
64973,
59057,
63254,
56944,
65465,
12711,
0,
0,
0,
0,
0,
0,
0,
0,
0,
0,
0,
0,
0,
0,
0,
14791,
61206,
12678,
12710,
12710,
62860,
65037,
60812,
60812,
23243,
60812,
62892,
65037,
44043,
46123,
23243,
12710,
0,
0,
0,
0,
0,
0,
0,
0,
0,
0,
0,
0,
0,
0,
0,
14791,
65465,
14823,
0,
0,
12710,
12710,
65037,
65037,
65037,
23243,
65037,
50316,
65037,
65037,
65037,
14823,
0,
0,
0,
0,
0,
0,
0,
0,
0,
0,
0,
0,
0,
0,
12710,
65465,
12678,
0,
0,
0,
0,
12710,
62860,
62892,
65037,
62860,
23210,
65037,
62860,
64972,
65037,
60780,
14791,
0,
0,
0,
0,
0,
0,
0,
0,
0,
0,
0,
0,
12710,
61174,
14823,
0,
0,
0,
0,
12710,
65037,
12678,
62860,
65037,
60812,
62892,
23243,
60780,
62892,
65037,
60812,
65535,
14791,
0,
0,
0,
0,
0,
0,
0,
0,
0,
0,
0,
12710,
14823,
0,
0,
0,
12710,
12710,
65037,
21777,
12710,
65037,
65037,
65069,
65535,
23243,
65037,
65037,
65037,
65037,
50284,
14823,
0,
0,
0,
0,
0,
0,
0,
0,
0,
0,
0,
0,
0,
0,
12678,
12710,
65037,
62860,
19600,
24182,
21939,
12678,
65037,
60812,
46123,
23243,
21130,
62892,
65005,
12710,
65535,
14791,
0,
0,
0,
0,
0,
0,
0,
0,
0,
0,
0,
0,
0,
14791,
62860,
60780,
65037,
19600,
21972,
24150,
12678,
12710,
65069,
63422,
21162,
50284,
44043,
21162,
14791,
0,
14791,
0,
0,
0,
0,
0,
0,
0,
0,
0,
0,
0,
0,
0,
0,
14791,
65037,
21745,
21777,
21745,
21745,
14823,
0,
0,
14759,
23243,
50284,
50284,
48236,
14823,
0,
0,
0,
0,
0,
0,
0,
0,
0,
0,
0,
0,
0,
0,
0,
0,
0,
0,
12710,
60812,
21778,
21972,
21940,
12710,
0,
0,
0,
12678,
46123,
50284,
44011,
12711,
0,
0,
0,
0,
0,
0,
0,
0,
0,
0,
0,
0,
0,
0,
0,
0,
0,
0,
0,
12710,
65037,
62892,
21972,
14823,
0,
0,
0,
12710,
46155,
48236,
12711,
0,
0,
0,
0,
0,
0,
0,
0,
0,
0,
0,
0,
0,
0,
0,
0,
0,
0,
0,
0,
0,
12710,
14791,
65037,
65037,
12710,
0,
14791,
50284,
50284,
14823,
0,
0,
0,
0,
0,
0,
0,
0,
0,
0,
0,
0,
0,
0,
0,
0,
0,
0,
0,
0,
0,
0,
0,
0,
12678,
12710,
0,
0,
0,
12678,
12711,
0,
0,
0,
0,
0,
0,
0,
0,
0,
0,
0,
0,
0,
0,
0,
0,
0,
0,
0,
0,
0,
0,
0,
0,
0,
0,
0,
0,
0,
0,
0,
0,
0,
0,
0,
0,
0,
0,
0,
0,
0,
0,
0,
0,
0,
0,
0,
0,
0,
0,
0,
0,
0,
0,
0,
0,
0,
0,
0,
0,
0,
0,
0,
0,
0,
0,
0,
0,
0,
0,
0,
0,
0,
0,
0,
0,
0,
0,
0,
0,
0,
0,
0,
0,
0,
0,
0,
0,
0,
0,
0,
0,
0,
0,
0,
0,
0,
0,
0,
0,
0,
0,
0,
0,
0,
0,
0,
0,
0,
0,
0,
0,
0,
0,
0,
0,
0,
0,
0,
0,
0,
0,
0,
0,
0,
0,
0,
0,
0,
0,
0,
0,
0,
0,
0,
0,
0,
0,
0,
0,
