1818
0,
0,
0,
0,
0,
0,
0,
0,
0,
0,
0,
0,
0,
0,
0,
0,
0,
0,
0,
0,
0,
0,
0,
0,
0,
0,
0,
0,
0,
0,
0,
0,
0,
0,
0,
0,
0,
0,
0,
0,
0,
0,
0,
0,
0,
0,
0,
0,
0,
0,
0,
0,
0,
0,
0,
0,
0,
0,
0,
0,
0,
0,
0,
0,
0,
0,
0,
0,
0,
0,
0,
0,
0,
0,
0,
0,
0,
0,
0,
0,
0,
0,
0,
0,
0,
0,
0,
0,
0,
0,
0,
0,
0,
0,
0,
0,
0,
0,
0,
0,
0,
0,
0,
0,
0,
0,
0,
0,
0,
0,
0,
0,
0,
0,
0,
0,
0,
0,
0,
0,
0,
0,
0,
0,
0,
0,
0,
0,
0,
0,
0,
0,
0,
0,
0,
0,
0,
12678,
14790,
14791,
0,
0,
0,
0,
0,
0,
0,
0,
0,
0,
0,
0,
0,
0,
0,
0,
0,
0,
0,
0,
0,
0,
0,
0,
0,
0,
0,
0,
14790,
21130,
45839,
45839,
14823,
0,
0,
0,
0,
0,
0,
0,
0,
0,
0,
0,
0,
0,
0,
0,
0,
0,
0,
0,
0,
0,
0,
0,
0,
0,
0,
14790,
21130,
45839,
12678,
21162,
45839,
14791,
0,
0,
0,
0,
0,
0,
0,
0,
0,
0,
0,
0,
0,
0,
0,
0,
0,
0,
0,
0,
0,
0,
0,
0,
0,
12678,
45839,
14791,
0,
12710,
45839,
14791,
0,
14790,
14791,
0,
0,
0,
0,
0,
0,
0,
0,
0,
0,
0,
0,
0,
0,
0,
0,
0,
0,
0,
0,
0,
14790,
45839,
14791,
0,
0,
12678,
21130,
12678,
14791,
64984,
62935,
14790,
14823,
0,
0,
0,
0,
0,
0,
0,
0,
0,
0,
0,
0,
0,
0,
0,
0,
0,
0,
0,
12710,
56402,
14791,
0,
12678,
21162,
56434,
65016,
56434,
56434,
65016,
65016,
56402,
14791,
0,
0,
0,
0,
0,
0,
0,
0,
0,
0,
0,
0,
0,
0,
0,
0,
0,
14791,
54354,
14791,
0,
0,
12678,
56434,
45871,
65016,
64984,
64984,
65016,
65016,
64984,
54354,
14823,
0,
0,
0,
0,
0,
0,
0,
0,
0,
0,
0,
0,
0,
0,
0,
0,
12710,
56402,
14791,
0,
0,
0,
12710,
64984,
65016,
65016,
65016,
65016,
65016,
65016,
56402,
14791,
0,
0,
0,
0,
0,
0,
0,
0,
0,
0,
0,
0,
0,
0,
0,
0,
12710,
56402,
14791,
0,
0,
0,
12710,
65016,
65016,
64984,
45839,
45871,
65016,
64984,
14791,
0,
12678,
14791,
0,
0,
0,
0,
0,
0,
0,
0,
0,
0,
0,
0,
0,
12710,
56434,
56402,
14791,
0,
0,
0,
0,
14758,
64984,
45871,
65503,
12710,
23551,
56402,
12678,
12710,
56434,
56402,
12678,
14791,
0,
0,
0,
0,
0,
0,
0,
0,
0,
0,
12678,
45871,
56434,
56402,
14791,
0,
0,
0,
12678,
45871,
64984,
64984,
23519,
12710,
65535,
56434,
21162,
56434,
21130,
21130,
21162,
45839,
14791,
0,
0,
0,
0,
0,
0,
0,
0,
0,
12710,
56434,
56434,
45839,
14791,
0,
0,
0,
12710,
64984,
56434,
65016,
65535,
65535,
56434,
45871,
56434,
65016,
65016,
64984,
21130,
21130,
14791,
0,
0,
0,
0,
0,
0,
0,
0,
0,
12710,
56434,
56402,
14791,
0,
0,
0,
0,
0,
12710,
12678,
14758,
56434,
56402,
12710,
56434,
56434,
64984,
45839,
45871,
56402,
14791,
0,
0,
0,
0,
0,
0,
0,
0,
0,
0,
12710,
56434,
45839,
14791,
0,
0,
0,
0,
0,
0,
0,
12678,
21130,
14791,
0,
12710,
65016,
56434,
65016,
64984,
45839,
14791,
0,
0,
0,
0,
0,
0,
0,
0,
0,
0,
12678,
45839,
14791,
0,
0,
0,
0,
0,
0,
0,
0,
12678,
45839,
14791,
0,
12710,
64984,
21162,
65016,
65016,
64984,
21130,
12678,
14791,
0,
0,
0,
0,
0,
0,
0,
0,
0,
14791,
0,
0,
0,
0,
0,
0,
0,
0,
0,
12678,
45839,
14791,
0,
12678,
56402,
12678,
12710,
65016,
56434,
45871,
56434,
45839,
14791,
0,
0,
0,
0,
0,
0,
0,
0,
0,
0,
0,
0,
0,
0,
0,
0,
0,
0,
0,
12678,
45839,
14791,
0,
14791,
0,
0,
12678,
21162,
56434,
56434,
64984,
14791,
0,
0,
0,
0,
0,
0,
0,
0,
0,
0,
0,
0,
0,
0,
0,
0,
0,
0,
0,
12710,
56402,
14791,
0,
0,
0,
0,
12678,
45839,
12678,
12678,
14791,
0,
0,
0,
0,
0,
0,
0,
0,
0,
0,
0,
0,
0,
0,
0,
0,
0,
0,
0,
0,
12710,
56402,
14791,
0,
0,
0,
0,
12678,
45839,
14791,
0,
0,
0,
0,
0,
0,
0,
0,
0,
0,
0,
0,
0,
0,
0,
0,
0,
0,
0,
0,
0,
0,
0,
12710,
56402,
14791,
0,
0,
12710,
56402,
14791,
0,
0,
0,
0,
0,
0,
0,
0,
0,
0,
0,
0,
0,
0,
0,
0,
0,
0,
0,
0,
0,
0,
0,
0,
12678,
21162,
56402,
12678,
12710,
56434,
21130,
14791,
0,
0,
0,
0,
0,
0,
0,
0,
0,
0,
0,
0,
0,
0,
0,
0,
0,
0,
0,
0,
0,
0,
0,
0,
0,
12678,
12710,
56434,
56434,
21130,
14791,
0,
0,
0,
0,
0,
0,
0,
0,
0,
0,
0,
0,
0,
0,
0,
0,
0,
0,
0,
0,
0,
0,
0,
0,
0,
0,
0,
0,
12678,
12678,
14791,
0,
0,
0,
0,
0,
0,
0,
0,
0,
0,
0,
0,
0,
0,
0,
0,
0,
0,
0,
0,
0,
0,
0,
0,
0,
0,
0,
0,
0,
0,
0,
0,
0,
0,
0,
0,
0,
0,
0,
0,
0,
0,
0,
0,
0,
0,
0,
0,
0,
0,
0,
0,
0,
0,
0,
0,
0,
0,
0,
0,
0,
0,
0,
0,
0,
0,
0,
0,
0,
0,
0,
0,
0,
0,
0,
0,
0,
0,
0,
0,
0,
0,
0,
0,
0,
0,
0,
0,
0,
0,
0,
0,
0,
0,
0,
0,
0,
0,
0,
0,
0,
0,
0,
0,
0,
0,
0,
0,
0,
0,
0,
0,
0,
0,
0,
0,
0,
0,
0,
0,
0,
0,
0,
0,
0,
0,
0,
0,
0,
0,
0,
0,
0,
0,
0,
0,
0,
0,
0,
0,
0,
0,
0,
0,
0,
0,
0,
0,
0,
0,
0,
0,
0,
0,
0,
0,
0,
0,
0,
0,
0,
0,
0,
0,
0,
0,
0,
0,
0,
0,
