1818
0,
0,
0,
0,
0,
0,
0,
0,
0,
0,
0,
0,
0,
0,
0,
0,
0,
0,
0,
0,
0,
0,
0,
0,
0,
0,
0,
0,
0,
0,
0,
0,
0,
0,
0,
0,
0,
0,
0,
0,
0,
0,
0,
0,
0,
0,
0,
0,
0,
0,
0,
0,
0,
0,
0,
0,
0,
0,
0,
0,
0,
0,
0,
0,
0,
0,
0,
0,
0,
0,
0,
0,
0,
0,
0,
0,
0,
0,
0,
0,
0,
0,
0,
0,
0,
0,
0,
0,
0,
0,
0,
0,
0,
0,
0,
0,
0,
0,
0,
0,
0,
0,
0,
0,
0,
0,
0,
0,
0,
0,
0,
0,
0,
0,
0,
0,
0,
0,
0,
0,
0,
0,
0,
0,
0,
0,
0,
0,
0,
0,
0,
0,
0,
0,
0,
0,
0,
0,
0,
0,
0,
0,
0,
0,
0,
0,
0,
0,
0,
0,
0,
0,
0,
0,
0,
0,
0,
0,
0,
0,
0,
0,
0,
0,
0,
0,
0,
0,
0,
0,
0,
0,
0,
0,
0,
0,
0,
0,
0,
0,
0,
0,
0,
0,
0,
0,
0,
0,
0,
0,
0,
0,
0,
0,
0,
0,
0,
0,
0,
0,
0,
14823,
0,
0,
0,
0,
0,
0,
0,
0,
0,
0,
0,
0,
0,
0,
0,
0,
0,
0,
0,
0,
0,
0,
0,
0,
0,
0,
0,
0,
0,
0,
14790,
40585,
14823,
0,
14790,
14790,
14823,
0,
0,
0,
0,
0,
0,
0,
0,
0,
0,
0,
0,
0,
0,
0,
0,
0,
0,
0,
0,
0,
0,
0,
0,
14790,
40585,
27881,
27849,
14790,
52619,
65356,
63308,
14823,
0,
0,
0,
0,
0,
0,
0,
0,
0,
0,
0,
0,
0,
0,
0,
0,
0,
0,
0,
0,
0,
0,
0,
12710,
40585,
21162,
40617,
40585,
35815,
65388,
52651,
63308,
14823,
0,
0,
0,
0,
0,
0,
0,
0,
0,
0,
0,
0,
0,
0,
0,
0,
0,
0,
0,
0,
0,
14790,
40585,
27881,
35783,
21162,
21162,
65388,
65388,
65388,
65388,
14791,
0,
0,
14823,
0,
0,
0,
0,
0,
0,
0,
0,
0,
0,
0,
0,
0,
0,
0,
0,
0,
0,
12710,
40585,
21162,
52651,
56909,
65388,
65388,
65388,
65388,
52619,
14791,
0,
14790,
27849,
14823,
0,
0,
14823,
0,
0,
0,
0,
0,
0,
0,
0,
0,
0,
0,
0,
0,
14790,
40585,
40585,
21162,
52651,
65388,
65388,
65502,
14758,
62317,
52651,
63308,
14790,
12678,
52619,
50571,
14790,
14791,
63454,
14823,
0,
0,
0,
0,
0,
0,
0,
0,
0,
0,
0,
0,
12710,
40617,
40617,
38537,
21162,
65388,
52619,
53670,
53638,
62317,
65388,
65388,
65356,
63308,
21162,
21162,
50571,
35783,
48599,
14791,
0,
0,
0,
0,
0,
0,
0,
0,
0,
0,
0,
0,
12710,
40617,
40617,
40585,
21162,
65388,
56941,
65503,
65502,
65388,
65388,
65388,
65356,
21162,
27849,
38537,
21162,
52619,
12710,
14791,
0,
0,
0,
0,
0,
0,
0,
0,
0,
0,
0,
14790,
40585,
40617,
40585,
12710,
12710,
52651,
65388,
56941,
65388,
65388,
65388,
65388,
65388,
63308,
21162,
21162,
65356,
52619,
50539,
12678,
14823,
0,
0,
0,
0,
0,
0,
0,
0,
0,
0,
12710,
40617,
40585,
14791,
44785,
46866,
12678,
14758,
65388,
65388,
65388,
65388,
65356,
21162,
23210,
65356,
65388,
65388,
65388,
65356,
52619,
63454,
14823,
0,
0,
0,
0,
0,
0,
0,
0,
0,
12710,
40617,
40585,
14791,
44785,
14823,
0,
0,
12710,
12710,
12710,
35815,
56941,
21130,
27849,
23210,
65388,
65388,
65388,
65388,
65388,
65503,
14791,
0,
0,
0,
0,
0,
0,
0,
0,
0,
12710,
40617,
40617,
40585,
14790,
40585,
14823,
0,
0,
0,
12710,
27849,
21162,
21162,
40585,
21162,
65388,
65388,
65388,
65388,
52651,
35815,
14791,
0,
0,
0,
0,
0,
0,
0,
0,
0,
0,
12710,
40617,
40617,
40585,
40585,
14791,
0,
0,
0,
0,
12678,
12710,
63308,
21162,
52619,
65388,
65388,
52619,
35815,
12710,
14790,
0,
0,
0,
0,
0,
0,
0,
0,
0,
0,
0,
12710,
40617,
40617,
40585,
14791,
0,
0,
0,
0,
0,
0,
12710,
65388,
65356,
65388,
65388,
65388,
63308,
14790,
0,
0,
0,
0,
0,
0,
0,
0,
0,
0,
0,
0,
0,
0,
12710,
40585,
27849,
14791,
0,
0,
0,
0,
0,
0,
0,
14758,
65388,
65388,
65356,
35815,
52619,
14791,
0,
0,
0,
0,
0,
0,
0,
0,
0,
0,
0,
0,
0,
0,
12710,
40585,
14791,
0,
0,
0,
0,
0,
0,
0,
0,
12710,
65388,
65388,
56941,
52619,
35783,
14791,
0,
0,
0,
0,
0,
0,
0,
0,
0,
0,
0,
0,
0,
0,
0,
14791,
0,
0,
0,
0,
0,
0,
0,
0,
14790,
52619,
35815,
56941,
52651,
52651,
56909,
63454,
14823,
0,
0,
0,
0,
0,
0,
0,
0,
0,
0,
0,
0,
0,
0,
0,
0,
0,
0,
0,
0,
0,
0,
14791,
56909,
56941,
52619,
14758,
52651,
52651,
56941,
56909,
14791,
0,
0,
0,
0,
0,
0,
0,
0,
0,
0,
0,
0,
0,
0,
0,
0,
0,
0,
0,
0,
0,
0,
0,
12710,
12710,
14791,
0,
12710,
12710,
12710,
14791,
0,
0,
0,
0,
0,
0,
0,
0,
0,
0,
0,
0,
0,
0,
0,
0,
0,
0,
0,
0,
0,
0,
0,
0,
0,
0,
0,
0,
0,
0,
0,
0,
0,
0,
0,
0,
0,
0,
0,
0,
0,
0,
0,
0,
0,
0,
0,
0,
0,
0,
0,
0,
0,
0,
0,
0,
0,
0,
0,
0,
0,
0,
0,
0,
0,
0,
0,
0,
0,
0,
0,
0,
0,
0,
0,
0,
0,
0,
0,
0,
0,
0,
0,
0,
0,
0,
0,
0,
0,
0,
0,
0,
0,
0,
0,
0,
0,
0,
0,
0,
0,
0,
0,
0,
0,
0,
0,
0,
0,
0,
0,
0,
0,
0,
0,
0,
0,
0,
0,
0,
0,
0,
0,
0,
0,
0,
0,
0,
0,
0,
0,
0,
0,
0,
0,
0,
0,
0,
0,
0,
0,
0,
0,
0,
0,
0,
0,
0,
0,
0,
0,
0,
0,
0,
0,
0,
0,
0,
0,
0,
0,
0,
0,
0,
0,
0,
0,
0,
0,
0,
0,
0,
0,
0,
0,
0,
0,
0,
0,
0,
0,
0,
0,
0,
0,
0,
0,
0,
0,
0,
0,
0,
0,
0,
0,
0,
0,
0,
0,
0,
