1818
0,
0,
0,
0,
0,
0,
0,
0,
0,
0,
0,
0,
0,
0,
0,
0,
0,
0,
0,
0,
0,
0,
0,
0,
0,
0,
0,
0,
0,
0,
0,
0,
0,
0,
0,
0,
0,
0,
0,
0,
0,
0,
0,
0,
0,
0,
0,
0,
0,
0,
0,
0,
0,
0,
0,
0,
0,
0,
0,
0,
0,
0,
0,
0,
0,
0,
0,
0,
0,
0,
0,
0,
0,
0,
0,
0,
0,
0,
0,
0,
0,
0,
0,
0,
0,
0,
0,
0,
0,
0,
0,
0,
0,
0,
0,
0,
0,
0,
0,
0,
0,
0,
0,
0,
0,
0,
0,
0,
0,
0,
0,
0,
0,
0,
0,
0,
0,
0,
0,
0,
0,
0,
0,
0,
0,
0,
0,
0,
0,
0,
0,
0,
0,
0,
0,
0,
0,
0,
0,
12678,
12678,
12678,
14791,
0,
0,
0,
0,
0,
0,
0,
0,
0,
0,
0,
0,
0,
0,
0,
0,
0,
0,
0,
0,
0,
0,
0,
14790,
14790,
12678,
12678,
12710,
47024,
57335,
57335,
38352,
12678,
0,
0,
0,
0,
0,
0,
0,
0,
0,
0,
0,
0,
0,
0,
0,
0,
0,
0,
0,
0,
14790,
14790,
65024,
65024,
65024,
27817,
47024,
47024,
47024,
57335,
57335,
47024,
12678,
0,
0,
0,
0,
0,
0,
0,
0,
0,
0,
0,
0,
0,
0,
0,
0,
0,
0,
14790,
65024,
65024,
12710,
12710,
27817,
47024,
65056,
65056,
38384,
47024,
47024,
38384,
12678,
0,
0,
0,
0,
0,
0,
0,
0,
0,
0,
0,
0,
0,
0,
0,
0,
0,
14790,
65024,
12710,
12710,
0,
12678,
65056,
65056,
38384,
47024,
47024,
47024,
47024,
47024,
12678,
0,
0,
0,
0,
0,
0,
0,
0,
0,
0,
0,
0,
0,
0,
0,
0,
0,
12678,
65056,
12678,
0,
14790,
65024,
48482,
38384,
47024,
27817,
65535,
48482,
47024,
47024,
12678,
0,
12678,
12678,
12678,
0,
0,
0,
0,
0,
0,
0,
0,
0,
0,
0,
0,
0,
0,
12710,
0,
14790,
65024,
21162,
38352,
47024,
38384,
65056,
21130,
21130,
47024,
21130,
48631,
12678,
65535,
65535,
65535,
12678,
12678,
12678,
0,
12678,
0,
0,
0,
0,
0,
0,
0,
0,
0,
0,
14790,
65024,
12710,
12678,
47024,
47024,
27817,
65535,
65503,
65535,
27817,
47024,
21130,
64827,
60307,
60307,
65535,
27817,
47024,
38384,
12678,
65535,
12678,
0,
0,
0,
0,
0,
0,
0,
0,
14790,
65024,
12710,
0,
12678,
27817,
47024,
47024,
27817,
38384,
47024,
47024,
47024,
47024,
21130,
21130,
65056,
45581,
21130,
21130,
47024,
47024,
48631,
12678,
0,
0,
0,
0,
0,
0,
0,
0,
12678,
65056,
12678,
0,
0,
12678,
47024,
47024,
47024,
47024,
47024,
47024,
47024,
47024,
47024,
38384,
45581,
60307,
64827,
65535,
21130,
38384,
38384,
12678,
0,
0,
0,
0,
0,
0,
0,
0,
0,
12710,
0,
0,
0,
0,
12710,
38384,
47024,
47024,
47024,
47024,
47024,
47024,
47024,
47024,
27817,
60307,
60307,
64827,
65535,
21130,
12678,
0,
0,
0,
0,
0,
0,
0,
0,
0,
0,
0,
0,
0,
0,
0,
0,
12710,
21162,
47024,
47024,
47024,
47024,
47024,
47024,
47024,
27817,
60307,
60307,
65535,
21130,
47024,
12678,
0,
0,
0,
0,
0,
0,
0,
0,
0,
0,
0,
0,
0,
0,
0,
14790,
65503,
64795,
21162,
27817,
47024,
47024,
47024,
47024,
27817,
45581,
45581,
65535,
65535,
27817,
47024,
38384,
12678,
12678,
0,
0,
0,
0,
0,
0,
0,
0,
0,
0,
0,
0,
0,
12678,
65535,
64827,
64795,
60307,
27817,
27817,
27817,
27817,
65056,
65056,
60307,
21130,
27817,
47024,
47024,
47024,
38384,
65535,
12678,
0,
0,
0,
0,
0,
0,
0,
0,
0,
0,
0,
0,
0,
12710,
65535,
65535,
21130,
45613,
60307,
60307,
45613,
60307,
60307,
60307,
65535,
27817,
47024,
47024,
47024,
47024,
48631,
12678,
0,
0,
0,
0,
0,
0,
0,
0,
0,
0,
0,
0,
0,
0,
12710,
12710,
64795,
60307,
60307,
60307,
21130,
64827,
64827,
64827,
65535,
21130,
47024,
47024,
38384,
38384,
38384,
12678,
0,
0,
0,
0,
0,
0,
0,
0,
0,
0,
0,
0,
0,
0,
0,
12678,
65535,
64827,
64827,
65503,
27785,
21162,
65535,
65535,
65535,
21130,
38384,
38384,
12678,
12678,
12678,
0,
0,
0,
0,
0,
0,
0,
0,
0,
0,
0,
0,
0,
0,
0,
0,
12678,
65535,
65535,
65535,
21162,
38352,
46992,
21162,
21130,
21130,
38384,
12678,
12678,
0,
0,
0,
0,
0,
0,
0,
0,
0,
0,
0,
0,
0,
0,
0,
0,
0,
0,
0,
0,
12710,
21162,
21162,
46992,
47024,
47024,
46992,
46992,
38384,
38384,
12678,
0,
0,
0,
0,
0,
0,
0,
0,
0,
0,
0,
0,
0,
0,
0,
0,
0,
0,
0,
0,
0,
12678,
46992,
27785,
47024,
47024,
47024,
47024,
38384,
38384,
21130,
48631,
12678,
0,
0,
0,
0,
0,
0,
0,
0,
0,
0,
0,
0,
0,
0,
0,
0,
0,
0,
0,
14790,
46992,
47024,
47024,
27817,
47024,
47024,
38384,
38384,
38384,
38384,
48631,
12678,
0,
0,
0,
0,
0,
0,
0,
0,
0,
0,
0,
0,
0,
0,
0,
0,
0,
0,
0,
12678,
38384,
38384,
38384,
38352,
12710,
12710,
38384,
38384,
38384,
38384,
38384,
12678,
0,
0,
0,
0,
0,
0,
0,
0,
0,
0,
0,
0,
0,
0,
0,
0,
0,
0,
0,
12678,
12710,
12710,
12710,
12710,
0,
0,
12710,
12710,
12710,
12710,
12710,
0,
0,
0,
0,
0,
0,
0,
0,
0,
0,
0,
0,
0,
0,
0,
0,
0,
0,
0,
0,
0,
0,
0,
0,
0,
0,
0,
0,
0,
0,
0,
0,
0,
0,
0,
0,
0,
0,
0,
0,
0,
0,
0,
0,
0,
0,
0,
0,
0,
0,
0,
0,
0,
0,
0,
0,
0,
0,
0,
0,
0,
0,
0,
0,
0,
0,
0,
0,
0,
0,
0,
0,
0,
0,
0,
0,
0,
0,
0,
0,
0,
0,
0,
0,
0,
0,
0,
0,
0,
0,
0,
0,
0,
0,
0,
0,
0,
0,
0,
0,
0,
0,
0,
0,
0,
0,
0,
0,
0,
0,
0,
0,
0,
0,
0,
0,
0,
0,
0,
0,
0,
0,
0,
0,
0,
0,
0,
0,
0,
0,
0,
0,
0,
0,
0,
0,
0,
0,
0,
0,
0,
0,
0,
0,
0,
0,
0,
0,
0,
0,
0,
0,
0,
0,
0,
0,
0,
0,
0,
0,
0,
0,
0,
0,
0,
0,
0,
0,
