1818
0,
0,
0,
0,
0,
0,
0,
0,
0,
0,
0,
0,
0,
0,
0,
0,
0,
0,
0,
0,
0,
0,
0,
0,
0,
0,
0,
0,
0,
0,
0,
0,
0,
0,
0,
0,
0,
0,
0,
0,
0,
0,
0,
0,
0,
0,
0,
0,
0,
0,
0,
0,
0,
0,
0,
0,
0,
0,
0,
0,
0,
0,
0,
0,
0,
0,
0,
0,
0,
0,
0,
0,
0,
0,
0,
0,
0,
0,
0,
0,
0,
0,
0,
0,
0,
0,
0,
0,
0,
0,
0,
0,
0,
0,
0,
0,
0,
0,
0,
0,
0,
0,
0,
0,
0,
0,
0,
0,
0,
0,
0,
0,
0,
0,
0,
0,
0,
0,
0,
0,
0,
0,
0,
0,
0,
0,
0,
0,
0,
0,
0,
0,
0,
0,
0,
0,
0,
0,
0,
0,
0,
14790,
12678,
12678,
14790,
14823,
0,
0,
0,
0,
0,
0,
0,
0,
0,
0,
0,
0,
0,
0,
0,
0,
0,
0,
0,
0,
0,
0,
0,
14790,
14790,
14791,
12710,
25683,
25683,
25683,
25683,
25683,
14823,
0,
0,
0,
0,
0,
0,
0,
0,
0,
0,
0,
0,
0,
0,
0,
0,
0,
0,
0,
0,
0,
14791,
25715,
21327,
25683,
25683,
25715,
25715,
25715,
25715,
54732,
14791,
0,
0,
0,
0,
0,
0,
0,
0,
0,
0,
0,
0,
0,
0,
0,
0,
0,
0,
0,
0,
0,
0,
12710,
25683,
25715,
25715,
25683,
21359,
25715,
25715,
54732,
14791,
0,
0,
0,
0,
0,
0,
0,
0,
0,
0,
0,
0,
0,
0,
0,
0,
0,
0,
0,
0,
0,
14791,
25715,
25715,
25715,
25715,
25715,
25683,
12710,
54732,
54732,
14791,
0,
0,
0,
0,
0,
0,
0,
0,
0,
0,
0,
0,
0,
0,
0,
0,
0,
0,
0,
0,
0,
12710,
25715,
25715,
21162,
25715,
25683,
39169,
60133,
54732,
14791,
0,
0,
0,
0,
0,
0,
0,
0,
0,
0,
0,
0,
0,
0,
0,
0,
0,
0,
0,
0,
0,
12710,
25683,
25683,
12710,
25683,
25683,
12710,
65502,
52889,
54732,
14791,
0,
0,
0,
0,
0,
0,
0,
0,
0,
0,
0,
0,
0,
0,
0,
0,
0,
0,
0,
0,
0,
12710,
25683,
12710,
25683,
25715,
25715,
54764,
44201,
63280,
21162,
54732,
14791,
0,
12678,
14791,
0,
14791,
0,
0,
0,
0,
0,
0,
0,
0,
0,
0,
0,
0,
0,
0,
12678,
12710,
25683,
12678,
21130,
21359,
25715,
63280,
63280,
63280,
21162,
44169,
12678,
12710,
63280,
54732,
12710,
54732,
14791,
0,
0,
0,
0,
0,
0,
0,
0,
0,
0,
0,
0,
12678,
60101,
39201,
25683,
25715,
25683,
25715,
63280,
63280,
63280,
63280,
63280,
21162,
63280,
63280,
54764,
54764,
44201,
44169,
14791,
0,
0,
0,
0,
0,
0,
0,
0,
0,
0,
0,
0,
0,
12678,
60101,
21359,
25715,
25715,
25715,
63280,
63280,
63280,
63280,
63280,
63280,
63280,
63280,
63280,
54764,
54732,
14791,
0,
0,
0,
0,
0,
0,
0,
0,
0,
0,
0,
0,
12678,
12678,
60101,
60133,
65189,
25715,
25715,
25715,
25715,
63280,
63280,
63280,
63280,
63280,
63280,
63280,
63280,
63280,
54732,
14791,
0,
0,
0,
0,
0,
0,
0,
0,
0,
0,
0,
14790,
60101,
60101,
60133,
64741,
64741,
65189,
64741,
25715,
25715,
25715,
60133,
63280,
63280,
63280,
63280,
63280,
63280,
63280,
54764,
54732,
14791,
0,
0,
0,
0,
0,
0,
0,
0,
0,
0,
0,
12678,
12678,
39169,
60101,
60101,
60133,
65189,
65189,
64709,
60101,
60101,
60133,
63280,
63280,
63280,
63280,
63280,
63280,
54764,
54732,
14791,
0,
0,
0,
0,
0,
0,
0,
0,
0,
0,
0,
0,
0,
12678,
60101,
60133,
65189,
60133,
65189,
60133,
64709,
39201,
63280,
63280,
54764,
63280,
63280,
63280,
54764,
54764,
54732,
14791,
0,
0,
0,
0,
0,
0,
0,
0,
0,
0,
0,
0,
12678,
60101,
60101,
39169,
60133,
64741,
64709,
60101,
60101,
60101,
39201,
63280,
63280,
12710,
63280,
63280,
63280,
63280,
54764,
54732,
14791,
0,
0,
0,
0,
0,
0,
0,
0,
0,
0,
12678,
60101,
60101,
39169,
39169,
60133,
64709,
39169,
60101,
60101,
21359,
63280,
63280,
63280,
61168,
12710,
63280,
63280,
63280,
63280,
54732,
14791,
0,
0,
0,
0,
0,
0,
0,
0,
0,
0,
12678,
12678,
12678,
39169,
60133,
64709,
12678,
39169,
60101,
39201,
21327,
21359,
63280,
63280,
63280,
12710,
54764,
63280,
63280,
63280,
54764,
54732,
14791,
0,
0,
0,
0,
0,
0,
0,
0,
0,
0,
0,
0,
12678,
60101,
14791,
0,
0,
14791,
0,
12678,
12678,
21359,
63280,
63280,
63280,
12710,
63280,
63280,
54764,
54764,
44201,
63280,
14791,
0,
0,
0,
0,
0,
0,
0,
0,
0,
0,
0,
12678,
14791,
0,
0,
0,
0,
0,
0,
0,
12678,
12710,
63280,
12678,
21327,
21359,
54764,
54764,
44169,
21162,
63280,
14791,
0,
0,
0,
0,
0,
0,
0,
0,
0,
0,
0,
0,
0,
0,
0,
0,
0,
0,
0,
0,
0,
0,
12678,
12678,
21327,
21327,
21327,
12678,
12678,
12678,
14791,
0,
0,
0,
0,
0,
0,
0,
0,
0,
0,
0,
0,
0,
0,
0,
0,
0,
0,
0,
0,
0,
0,
0,
0,
0,
12678,
21327,
12678,
14791,
0,
0,
0,
0,
0,
0,
0,
0,
0,
0,
0,
0,
0,
0,
0,
0,
0,
0,
0,
0,
0,
0,
0,
0,
0,
0,
0,
0,
0,
12678,
14791,
0,
0,
0,
0,
0,
0,
0,
0,
0,
0,
0,
0,
0,
0,
0,
0,
0,
0,
0,
0,
0,
0,
0,
0,
0,
0,
0,
0,
0,
0,
0,
0,
0,
0,
0,
0,
0,
0,
0,
0,
0,
0,
0,
0,
0,
0,
0,
0,
0,
0,
0,
0,
0,
0,
0,
0,
0,
0,
0,
0,
0,
0,
0,
0,
0,
0,
0,
0,
0,
0,
0,
0,
0,
0,
0,
0,
0,
0,
0,
0,
0,
0,
0,
0,
0,
0,
0,
0,
0,
0,
0,
0,
0,
0,
0,
0,
0,
0,
0,
0,
0,
0,
0,
0,
0,
0,
0,
0,
0,
0,
0,
0,
0,
0,
0,
0,
0,
0,
0,
0,
0,
0,
0,
0,
0,
0,
0,
0,
0,
0,
0,
0,
0,
0,
0,
0,
0,
0,
0,
0,
0,
0,
0,
0,
0,
0,
0,
0,
0,
0,
0,
0,
0,
0,
0,
0,
0,
0,
0,
0,
0,
0,
0,
0,
0,
0,
0,
0,
0,
