1818
0,
0,
0,
0,
0,
0,
0,
0,
0,
0,
0,
0,
0,
0,
0,
0,
0,
0,
12678,
0,
0,
0,
0,
0,
0,
0,
0,
0,
0,
0,
0,
0,
0,
0,
0,
0,
0,
0,
0,
0,
0,
0,
0,
0,
0,
0,
0,
0,
0,
12678,
48630,
12678,
0,
0,
0,
0,
0,
0,
0,
0,
0,
0,
0,
0,
0,
0,
0,
0,
0,
0,
0,
0,
0,
0,
0,
0,
0,
0,
0,
0,
0,
12678,
21130,
48630,
12678,
0,
0,
0,
0,
0,
0,
0,
0,
0,
0,
0,
0,
0,
0,
0,
0,
0,
0,
0,
0,
0,
0,
0,
0,
0,
0,
0,
12678,
19411,
19411,
21130,
12678,
0,
0,
0,
0,
0,
0,
0,
0,
0,
0,
0,
0,
0,
0,
0,
0,
0,
0,
0,
0,
0,
0,
0,
0,
0,
0,
0,
12678,
19411,
19411,
19411,
12678,
0,
0,
0,
0,
0,
0,
0,
0,
0,
0,
0,
0,
0,
0,
0,
0,
0,
0,
0,
0,
0,
0,
0,
0,
0,
12678,
12710,
19411,
19411,
19411,
19411,
12678,
0,
0,
0,
0,
0,
0,
0,
0,
0,
0,
0,
0,
0,
0,
0,
0,
0,
0,
14790,
12678,
14791,
0,
0,
0,
12710,
32382,
32382,
21130,
21130,
19411,
12678,
0,
0,
0,
0,
0,
0,
0,
0,
0,
0,
0,
0,
0,
0,
0,
0,
0,
0,
0,
12678,
62220,
62220,
12678,
12678,
12710,
19898,
19411,
32382,
32382,
19898,
21130,
12678,
0,
0,
0,
0,
0,
0,
0,
0,
0,
0,
0,
0,
0,
0,
0,
0,
14790,
14790,
14790,
47432,
47432,
62220,
62220,
21130,
19898,
19898,
19411,
32382,
21130,
63277,
12678,
0,
0,
0,
0,
0,
0,
0,
0,
0,
0,
0,
0,
0,
0,
0,
0,
14790,
62220,
62220,
62220,
62220,
47432,
47432,
62220,
62220,
21130,
19411,
32382,
32382,
19898,
63277,
63277,
12678,
0,
12678,
12678,
0,
12678,
12678,
0,
0,
0,
0,
0,
0,
0,
0,
0,
0,
12678,
47432,
62220,
62220,
62220,
62220,
62220,
21130,
19411,
32382,
32382,
19898,
65535,
52652,
63277,
12678,
14790,
19411,
19411,
14790,
48598,
21130,
14790,
0,
0,
0,
0,
0,
0,
0,
0,
0,
0,
12678,
21130,
47432,
62220,
62220,
21130,
19866,
32382,
19898,
12711,
19898,
19898,
63277,
63277,
21130,
19411,
19411,
19411,
19411,
19443,
48598,
12678,
0,
0,
0,
0,
0,
0,
0,
0,
0,
14790,
62220,
62220,
62220,
62220,
21130,
19866,
19898,
21162,
47464,
62220,
65535,
52652,
63277,
63277,
19866,
21130,
21130,
21130,
19411,
19411,
12710,
0,
0,
0,
0,
0,
0,
0,
0,
0,
0,
0,
12678,
12678,
12678,
21130,
19866,
19898,
21162,
65503,
65535,
19898,
52652,
63277,
63277,
21130,
19898,
19411,
19898,
19898,
21130,
19411,
48630,
12678,
0,
0,
0,
0,
0,
0,
0,
0,
0,
0,
0,
0,
0,
12678,
19898,
19898,
19866,
21162,
21162,
63277,
63277,
63277,
63277,
21130,
19898,
19866,
19898,
19898,
52620,
21130,
12710,
0,
0,
0,
0,
0,
0,
0,
0,
0,
0,
0,
0,
0,
0,
0,
12710,
19898,
19898,
19866,
52620,
63277,
63277,
63277,
21162,
19866,
19898,
19411,
19898,
19898,
19898,
52652,
12678,
0,
0,
0,
0,
0,
0,
0,
0,
0,
0,
0,
0,
0,
0,
0,
12678,
21162,
19898,
19898,
19898,
52652,
52652,
19898,
19898,
19898,
19898,
19411,
19898,
19898,
19411,
63277,
52652,
12678,
0,
0,
0,
0,
0,
0,
0,
0,
0,
0,
0,
0,
14790,
14790,
47432,
21130,
21162,
19898,
19898,
19898,
19898,
19898,
19898,
19898,
19411,
19898,
19898,
19411,
63277,
63277,
19411,
12678,
0,
0,
0,
0,
0,
0,
0,
0,
0,
0,
0,
14790,
62220,
62220,
62220,
62220,
19866,
19411,
19898,
19411,
19411,
21162,
19898,
19898,
19866,
21130,
21130,
63277,
63277,
19411,
19898,
12678,
0,
0,
0,
0,
0,
0,
0,
0,
0,
0,
0,
0,
12678,
21130,
47432,
62220,
19898,
19866,
19411,
19411,
32350,
21130,
19898,
21130,
21130,
65503,
21130,
21130,
19411,
19866,
21162,
12678,
0,
0,
0,
0,
0,
0,
0,
0,
0,
0,
0,
14790,
47432,
62220,
62220,
62220,
47464,
19898,
21130,
32350,
19443,
19866,
21162,
19411,
32350,
19411,
65503,
21130,
19866,
21130,
19866,
21130,
14790,
0,
0,
0,
0,
0,
0,
0,
0,
0,
14790,
62220,
62220,
62220,
62220,
47432,
47432,
47464,
21130,
19443,
19866,
19411,
32350,
19411,
32382,
19411,
21162,
19898,
19898,
19866,
21162,
19898,
12678,
0,
0,
0,
0,
0,
0,
0,
0,
0,
0,
12678,
12678,
12678,
12678,
47432,
47432,
12678,
12678,
21130,
19898,
19411,
32382,
19411,
19443,
19898,
65535,
21130,
19898,
19898,
21130,
19898,
65535,
12678,
0,
0,
0,
0,
0,
0,
0,
0,
0,
0,
0,
0,
12678,
12678,
12678,
0,
0,
12678,
19898,
19866,
19443,
19866,
19866,
21162,
21130,
19898,
19898,
19898,
21130,
19898,
21162,
12678,
0,
0,
0,
0,
0,
0,
0,
0,
0,
0,
0,
0,
0,
0,
0,
0,
0,
0,
12710,
19411,
19866,
19898,
21162,
21130,
19866,
19898,
19898,
12710,
19866,
19898,
65503,
12678,
0,
0,
0,
0,
0,
0,
0,
0,
0,
0,
0,
0,
0,
0,
0,
0,
0,
0,
12678,
21130,
21162,
21162,
19411,
19411,
21162,
21162,
12710,
0,
12678,
65535,
21162,
12678,
0,
0,
0,
0,
0,
0,
0,
0,
0,
0,
0,
0,
0,
0,
0,
0,
0,
14790,
47432,
47432,
47432,
21130,
19411,
19411,
19411,
12678,
0,
0,
0,
12710,
12678,
0,
0,
0,
0,
0,
0,
0,
0,
0,
0,
0,
0,
0,
0,
0,
0,
0,
0,
0,
12678,
47432,
47432,
21130,
19411,
19411,
19411,
12678,
0,
0,
0,
0,
0,
0,
0,
0,
0,
0,
0,
0,
0,
0,
0,
0,
0,
0,
0,
0,
0,
0,
0,
14790,
47432,
47432,
21130,
19411,
19411,
19411,
12678,
0,
0,
0,
0,
0,
0,
0,
0,
0,
0,
0,
0,
0,
0,
0,
0,
0,
0,
0,
0,
0,
0,
0,
0,
0,
12678,
12678,
19411,
19411,
12678,
12678,
0,
0,
0,
0,
0,
0,
0,
0,
0,
0,
0,
0,
0,
0,
0,
0,
0,
0,
0,
0,
0,
0,
0,
0,
0,
0,
0,
12678,
12678,
12678,
0,
0,
0,
0,
0,
0,
0,
0,
0,
0,
0,
0,
0,
0,
0,
0,
0,
0,
0,
0,
0,
0,
0,
0,
0,
0,
0,
0,
0,
0,
0,
0,
0,
0,
0,
0,
0,
0,
0,
0,
0,
0,
0,
0,
0,
