1818
0,
0,
0,
0,
0,
0,
0,
0,
0,
0,
0,
0,
0,
0,
0,
0,
0,
0,
0,
0,
0,
0,
0,
0,
0,
0,
0,
0,
0,
0,
0,
0,
0,
0,
0,
0,
0,
0,
0,
0,
0,
0,
0,
0,
0,
0,
0,
0,
0,
0,
0,
0,
0,
0,
0,
0,
0,
0,
0,
0,
0,
0,
0,
0,
0,
0,
0,
0,
0,
0,
0,
0,
0,
0,
0,
0,
0,
0,
0,
0,
0,
0,
0,
0,
0,
0,
0,
0,
0,
0,
0,
0,
0,
0,
0,
0,
0,
0,
0,
0,
0,
0,
0,
0,
0,
0,
0,
0,
0,
0,
0,
0,
0,
0,
0,
0,
0,
0,
0,
0,
0,
0,
0,
0,
0,
0,
0,
0,
0,
0,
0,
0,
0,
0,
0,
0,
0,
0,
0,
0,
0,
0,
0,
0,
0,
0,
0,
0,
0,
0,
0,
0,
0,
0,
0,
0,
0,
0,
0,
0,
0,
0,
0,
0,
0,
0,
0,
0,
0,
0,
0,
0,
0,
0,
0,
0,
0,
0,
0,
0,
0,
0,
0,
0,
0,
0,
0,
0,
0,
0,
0,
0,
0,
0,
0,
0,
0,
0,
0,
0,
0,
0,
0,
0,
0,
0,
0,
0,
0,
0,
0,
0,
0,
0,
0,
0,
0,
0,
0,
0,
0,
0,
0,
0,
0,
0,
0,
0,
0,
14791,
12710,
12710,
14791,
14791,
0,
14791,
12710,
14791,
0,
0,
0,
0,
0,
0,
0,
0,
0,
0,
0,
0,
0,
0,
0,
0,
0,
0,
0,
0,
0,
0,
16871,
65487,
65487,
65487,
65487,
65487,
14823,
54970,
65535,
65535,
14791,
14856,
0,
0,
0,
0,
0,
0,
0,
0,
0,
0,
0,
0,
0,
0,
0,
0,
0,
0,
0,
0,
0,
16871,
65487,
65454,
65487,
65487,
65454,
25356,
39271,
39335,
65535,
23110,
14791,
0,
14791,
14791,
16904,
0,
14791,
16904,
0,
0,
0,
0,
0,
0,
0,
0,
0,
0,
0,
0,
14790,
61070,
56877,
54765,
42017,
23243,
63342,
65487,
23243,
35592,
65343,
63101,
58682,
16871,
48300,
50348,
39752,
14759,
60763,
14791,
14791,
0,
0,
0,
0,
0,
0,
0,
0,
0,
0,
0,
14791,
14791,
14823,
25356,
25388,
65487,
65487,
65487,
65487,
25356,
25356,
62909,
25356,
54573,
54541,
39752,
39784,
52493,
25356,
62909,
14856,
0,
0,
0,
0,
0,
0,
0,
0,
0,
0,
0,
0,
0,
0,
12710,
54573,
23243,
23243,
61102,
65454,
23275,
65535,
23243,
56877,
54573,
50348,
52460,
54573,
35592,
37672,
25356,
14791,
0,
0,
0,
0,
0,
0,
0,
0,
0,
0,
0,
0,
0,
0,
14758,
54541,
48300,
23243,
65487,
56813,
37222,
41384,
63454,
35592,
54573,
48300,
35592,
39752,
48268,
50348,
14791,
12710,
14824,
0,
0,
0,
0,
0,
0,
0,
0,
0,
0,
0,
0,
0,
14823,
25356,
25388,
65487,
65487,
25356,
54970,
65535,
54938,
39784,
54573,
54573,
54573,
54573,
39752,
39752,
25356,
62909,
14791,
16904,
0,
0,
0,
0,
0,
0,
0,
0,
0,
0,
0,
14823,
63374,
65487,
65454,
63374,
42049,
23243,
23110,
39752,
37672,
65454,
54573,
50348,
52460,
54573,
50348,
52460,
25356,
39906,
62876,
16904,
0,
0,
0,
0,
0,
0,
0,
0,
0,
0,
0,
0,
14790,
65487,
63374,
63342,
25356,
56845,
63374,
65487,
63374,
50348,
54573,
35592,
23243,
25356,
21162,
23243,
61070,
63342,
23275,
14856,
0,
0,
0,
0,
0,
0,
0,
0,
0,
0,
0,
16871,
65487,
65487,
65487,
25356,
25356,
54573,
54573,
54573,
54573,
54573,
25356,
25356,
39752,
39752,
39752,
25190,
25222,
61070,
16904,
0,
0,
0,
0,
0,
0,
0,
0,
0,
0,
0,
0,
14791,
12710,
14823,
23243,
50348,
54573,
50380,
50380,
54573,
50348,
23243,
39752,
23109,
23142,
25190,
23109,
37672,
25190,
14791,
62876,
16904,
0,
0,
0,
0,
0,
0,
0,
0,
0,
0,
0,
0,
0,
0,
12710,
14790,
54573,
50348,
50348,
39752,
12710,
12710,
39752,
23109,
37640,
39752,
35559,
23110,
39752,
21029,
14791,
14856,
0,
0,
0,
0,
0,
0,
0,
0,
0,
0,
0,
0,
0,
0,
0,
0,
14791,
14791,
14791,
14791,
0,
0,
14791,
14823,
25222,
39752,
39752,
25222,
25356,
14791,
0,
0,
0,
0,
0,
0,
0,
0,
0,
0,
0,
0,
0,
0,
0,
0,
0,
0,
0,
0,
0,
0,
0,
0,
0,
0,
14791,
14791,
12710,
14791,
14791,
21029,
14824,
0,
0,
0,
0,
0,
0,
0,
0,
0,
0,
0,
0,
0,
0,
0,
0,
0,
0,
0,
0,
0,
0,
0,
0,
0,
0,
0,
12710,
37640,
25190,
21029,
14824,
0,
0,
0,
0,
0,
0,
0,
0,
0,
0,
0,
0,
0,
0,
0,
0,
0,
0,
0,
0,
0,
0,
0,
0,
0,
0,
0,
0,
14823,
39752,
16904,
0,
0,
0,
0,
0,
0,
0,
0,
0,
0,
0,
0,
0,
0,
0,
0,
0,
0,
0,
0,
0,
0,
0,
0,
0,
0,
0,
0,
0,
0,
14856,
0,
0,
0,
0,
0,
0,
0,
0,
0,
0,
0,
0,
0,
0,
0,
0,
0,
0,
0,
0,
0,
0,
0,
0,
0,
0,
0,
0,
0,
0,
0,
0,
0,
0,
0,
0,
0,
0,
0,
0,
0,
0,
0,
0,
0,
0,
0,
0,
0,
0,
0,
0,
0,
0,
0,
0,
0,
0,
0,
0,
0,
0,
0,
0,
0,
0,
0,
0,
0,
0,
0,
0,
0,
0,
0,
0,
0,
0,
0,
0,
0,
0,
0,
0,
0,
0,
0,
0,
0,
0,
0,
0,
0,
0,
0,
0,
0,
0,
0,
0,
0,
0,
0,
0,
0,
0,
0,
0,
0,
0,
0,
0,
0,
0,
0,
0,
0,
0,
0,
0,
0,
0,
0,
0,
0,
0,
0,
0,
0,
0,
0,
0,
0,
0,
0,
0,
0,
0,
0,
0,
0,
0,
0,
0,
0,
0,
0,
0,
0,
0,
0,
0,
0,
0,
0,
0,
0,
0,
0,
0,
0,
0,
0,
0,
0,
0,
0,
0,
0,
0,
0,
0,
0,
0,
0,
0,
0,
0,
0,
0,
0,
0,
0,
0,
0,
0,
0,
0,
0,
0,
0,
0,
0,
0,
0,
0,
0,
0,
0,
0,
0,
0,
0,
0,
0,
0,
0,
0,
0,
0,
0,
0,
0,
0,
0,
0,
0,
0,
0,
0,
0,
0,
0,
0,
0,
0,
0,
0,
0,
0,
0,
0,
