1818
0,
0,
0,
0,
0,
0,
0,
0,
0,
0,
0,
0,
0,
0,
0,
0,
0,
0,
0,
0,
0,
0,
0,
0,
0,
0,
0,
0,
0,
0,
0,
0,
0,
0,
0,
0,
0,
0,
0,
0,
0,
0,
0,
0,
0,
0,
0,
0,
0,
0,
0,
0,
0,
0,
0,
0,
0,
0,
0,
0,
0,
0,
0,
0,
0,
0,
0,
0,
0,
0,
0,
0,
0,
0,
0,
0,
0,
0,
0,
0,
0,
0,
0,
0,
0,
0,
0,
0,
0,
0,
0,
0,
0,
0,
0,
0,
0,
0,
0,
0,
0,
0,
0,
0,
0,
0,
0,
0,
0,
0,
0,
0,
0,
0,
0,
0,
0,
0,
0,
0,
0,
0,
0,
0,
0,
0,
0,
0,
0,
0,
0,
0,
0,
0,
0,
0,
0,
0,
0,
0,
0,
0,
0,
0,
0,
0,
0,
0,
0,
0,
0,
0,
0,
0,
0,
0,
0,
0,
0,
0,
0,
0,
0,
0,
0,
0,
0,
0,
0,
0,
0,
0,
0,
0,
0,
0,
0,
0,
0,
0,
0,
0,
0,
0,
0,
0,
0,
0,
0,
0,
0,
0,
0,
0,
0,
0,
0,
0,
0,
0,
0,
12678,
12711,
0,
0,
0,
0,
0,
0,
0,
0,
0,
0,
0,
0,
0,
0,
0,
0,
0,
0,
0,
0,
0,
0,
0,
0,
0,
0,
0,
0,
0,
14791,
42455,
40407,
14823,
0,
0,
0,
0,
0,
14759,
14823,
0,
0,
0,
14759,
14823,
0,
0,
0,
0,
0,
0,
0,
0,
0,
0,
0,
0,
0,
0,
0,
12710,
42487,
38261,
21162,
23243,
12743,
0,
0,
12678,
14791,
55132,
50842,
14823,
0,
12710,
56272,
56272,
12711,
0,
0,
0,
0,
0,
0,
0,
0,
0,
0,
0,
0,
0,
0,
12678,
14759,
21130,
29647,
55100,
21130,
12678,
14791,
59090,
61170,
23243,
45706,
49834,
14759,
45706,
49834,
49835,
50030,
14791,
0,
0,
0,
0,
0,
0,
0,
0,
0,
0,
0,
0,
0,
0,
0,
14791,
55100,
55132,
23275,
65535,
58385,
65395,
65428,
65428,
23243,
64137,
64169,
23243,
59086,
50505,
49867,
14823,
0,
0,
0,
0,
0,
0,
0,
0,
0,
0,
0,
0,
0,
12710,
14791,
29679,
52955,
55100,
21162,
64788,
58385,
61138,
48425,
65396,
21130,
49835,
51915,
21162,
59022,
59022,
46280,
14823,
0,
0,
0,
0,
0,
0,
0,
0,
0,
0,
12678,
14759,
12678,
21162,
55132,
29647,
50842,
55100,
21162,
64755,
64853,
50063,
61170,
65395,
59057,
23243,
65535,
63422,
23210,
56942,
46280,
56974,
14791,
0,
0,
0,
0,
0,
0,
0,
0,
14791,
42487,
31792,
23275,
55132,
55132,
31792,
55132,
57181,
55132,
33873,
65535,
14791,
65428,
65428,
65396,
23275,
65535,
65535,
23275,
61134,
50505,
59054,
14823,
0,
0,
0,
0,
0,
0,
0,
0,
0,
12710,
57181,
64787,
62056,
57181,
50874,
31760,
55132,
50874,
31792,
65535,
65502,
54224,
65428,
46280,
23211,
51947,
63454,
23243,
59022,
47754,
51915,
14823,
0,
0,
0,
0,
0,
0,
0,
0,
12710,
50842,
57148,
62056,
62056,
55132,
50842,
29647,
55132,
50842,
38261,
23275,
62675,
64755,
56304,
21130,
64104,
64137,
21130,
54224,
51915,
62674,
64820,
49835,
12711,
0,
0,
0,
0,
0,
0,
0,
0,
14791,
57181,
55132,
55132,
57181,
55132,
55132,
33873,
42487,
42487,
42487,
23243,
64853,
64853,
23243,
51915,
64169,
23243,
58385,
64853,
64853,
64853,
58385,
65535,
14823,
0,
0,
0,
0,
0,
0,
12710,
38261,
33873,
52955,
21162,
57181,
50874,
38294,
31792,
29679,
31760,
42455,
21162,
64788,
14823,
65503,
65535,
65535,
21162,
56272,
64820,
62675,
64853,
56304,
63454,
14823,
0,
0,
0,
0,
0,
0,
0,
12710,
55100,
12678,
12678,
14759,
38229,
38261,
33873,
50842,
50906,
31792,
12678,
12710,
51915,
47786,
65535,
23243,
62642,
21162,
23243,
62674,
64820,
49835,
12711,
0,
0,
0,
0,
0,
0,
0,
0,
14759,
14823,
0,
0,
0,
14759,
23243,
57181,
55132,
55132,
14823,
0,
0,
14791,
51915,
23275,
64853,
64853,
23243,
56304,
23243,
23243,
14823,
0,
0,
0,
0,
0,
0,
0,
0,
0,
0,
0,
0,
0,
0,
12710,
50874,
55132,
50841,
12743,
0,
0,
0,
0,
12678,
14759,
64852,
21130,
54224,
56272,
50031,
14823,
0,
0,
0,
0,
0,
0,
0,
0,
0,
0,
0,
0,
0,
0,
0,
0,
12678,
14759,
12711,
0,
0,
0,
0,
0,
0,
12710,
14791,
50063,
54224,
56272,
50030,
14823,
0,
0,
0,
0,
0,
0,
0,
0,
0,
0,
0,
0,
0,
0,
0,
0,
0,
0,
0,
0,
0,
0,
0,
0,
0,
0,
14791,
56304,
58352,
56304,
14823,
0,
0,
0,
0,
0,
0,
0,
0,
0,
0,
0,
0,
0,
0,
0,
0,
0,
0,
0,
0,
0,
0,
0,
0,
0,
0,
14759,
56304,
50031,
12710,
14791,
0,
0,
0,
0,
0,
0,
0,
0,
0,
0,
0,
0,
0,
0,
0,
0,
0,
0,
0,
0,
0,
0,
0,
0,
0,
0,
0,
0,
12710,
12711,
0,
0,
0,
0,
0,
0,
0,
0,
0,
0,
0,
0,
0,
0,
0,
0,
0,
0,
0,
0,
0,
0,
0,
0,
0,
0,
0,
0,
0,
0,
0,
0,
0,
0,
0,
0,
0,
0,
0,
0,
0,
0,
0,
0,
0,
0,
0,
0,
0,
0,
0,
0,
0,
0,
0,
0,
0,
0,
0,
0,
0,
0,
0,
0,
0,
0,
0,
0,
0,
0,
0,
0,
0,
0,
0,
0,
0,
0,
0,
0,
0,
0,
0,
0,
0,
0,
0,
0,
0,
0,
0,
0,
0,
0,
0,
0,
0,
0,
0,
0,
0,
0,
0,
0,
0,
0,
0,
0,
0,
0,
0,
0,
0,
0,
0,
0,
0,
0,
0,
0,
0,
0,
0,
0,
0,
0,
0,
0,
0,
0,
0,
0,
0,
0,
0,
0,
0,
0,
0,
0,
0,
0,
0,
0,
0,
0,
0,
0,
0,
0,
0,
0,
0,
0,
0,
0,
0,
0,
0,
0,
0,
0,
0,
0,
0,
0,
0,
0,
0,
0,
0,
0,
0,
0,
0,
0,
0,
0,
0,
0,
0,
0,
0,
0,
0,
0,
0,
0,
0,
0,
0,
0,
0,
0,
0,
0,
0,
0,
0,
0,
0,
0,
0,
0,
0,
0,
0,
0,
0,
0,
0,
0,
0,
0,
0,
0,
0,
0,
0,
0,
0,
0,
0,
0,
0,
0,
0,
0,
0,
0,
0,
0,
0,
0,
