1818
0,
0,
0,
0,
0,
0,
0,
0,
0,
0,
0,
0,
0,
0,
0,
0,
0,
0,
0,
0,
0,
0,
0,
0,
0,
0,
0,
0,
0,
0,
0,
0,
0,
0,
0,
0,
0,
0,
0,
0,
0,
0,
0,
0,
0,
0,
0,
0,
0,
0,
0,
0,
0,
0,
0,
0,
0,
0,
0,
0,
0,
0,
0,
0,
0,
0,
0,
0,
0,
0,
0,
0,
0,
0,
0,
0,
0,
0,
0,
0,
0,
0,
0,
0,
0,
0,
0,
0,
0,
0,
0,
0,
0,
0,
0,
0,
0,
0,
0,
0,
0,
0,
0,
0,
0,
0,
0,
0,
14759,
14791,
12710,
14759,
14791,
0,
0,
0,
0,
0,
0,
0,
0,
0,
0,
0,
0,
0,
0,
0,
0,
0,
0,
0,
0,
0,
0,
0,
0,
0,
14791,
14791,
46650,
65535,
65535,
59295,
59295,
14824,
0,
0,
0,
0,
0,
0,
0,
0,
0,
0,
0,
0,
0,
0,
0,
0,
0,
0,
0,
0,
0,
0,
0,
12711,
46650,
65503,
65503,
59295,
52957,
42392,
14824,
0,
0,
0,
0,
0,
0,
0,
0,
0,
0,
0,
0,
0,
0,
0,
0,
0,
0,
0,
0,
0,
0,
14791,
14791,
38036,
59295,
57150,
57151,
44570,
23243,
14823,
0,
0,
0,
0,
0,
0,
0,
0,
0,
0,
0,
0,
0,
0,
0,
0,
0,
0,
0,
0,
0,
14791,
14791,
65535,
65535,
59295,
46650,
59263,
44570,
38069,
44570,
14824,
0,
0,
0,
0,
0,
0,
0,
0,
0,
0,
0,
0,
0,
0,
0,
0,
0,
0,
0,
0,
14823,
65503,
63454,
59295,
55006,
40344,
59295,
52925,
33842,
14791,
40311,
12710,
0,
0,
0,
0,
0,
0,
0,
0,
0,
0,
0,
0,
0,
0,
0,
0,
0,
0,
0,
0,
0,
14791,
23243,
25356,
57151,
57151,
59295,
35955,
65509,
65510,
14791,
0,
0,
0,
0,
0,
0,
0,
14791,
14791,
0,
0,
0,
0,
0,
0,
0,
0,
0,
0,
0,
0,
0,
0,
14791,
59295,
59263,
59231,
25356,
44537,
44538,
44570,
23413,
14791,
14824,
0,
0,
0,
0,
14823,
65535,
14823,
0,
0,
0,
0,
0,
0,
0,
0,
0,
0,
0,
0,
0,
0,
12710,
59295,
55006,
21162,
44570,
40311,
12710,
23446,
33977,
23380,
38204,
12678,
12710,
14791,
12678,
23380,
14824,
0,
0,
0,
0,
0,
0,
0,
0,
0,
0,
0,
0,
0,
0,
0,
12710,
59295,
14759,
14759,
14791,
14791,
0,
14791,
23380,
38171,
23445,
23211,
44537,
44570,
23243,
23413,
14824,
0,
0,
0,
0,
0,
0,
0,
0,
0,
0,
0,
0,
0,
0,
0,
0,
14824,
0,
0,
0,
0,
0,
0,
14791,
23275,
25356,
57183,
59263,
46650,
44505,
25324,
44570,
14823,
0,
0,
0,
0,
0,
0,
0,
0,
0,
0,
0,
0,
0,
0,
0,
0,
0,
12678,
14791,
12678,
12678,
14791,
21162,
55038,
59295,
52925,
55038,
59263,
40311,
42424,
14791,
12743,
0,
0,
0,
0,
0,
0,
0,
0,
0,
0,
0,
0,
0,
0,
14759,
14791,
14791,
59263,
59295,
57183,
59263,
44570,
23275,
44570,
59295,
57183,
59263,
44570,
44537,
44570,
14824,
0,
0,
0,
0,
0,
0,
0,
0,
0,
0,
0,
0,
0,
0,
14791,
38036,
59295,
59263,
44538,
46650,
44537,
38036,
38068,
23275,
44570,
23275,
23243,
25324,
46650,
44537,
44570,
14824,
0,
0,
0,
0,
0,
0,
0,
0,
0,
0,
0,
0,
0,
14791,
55006,
52925,
44570,
42392,
52958,
59295,
52925,
40311,
38068,
33842,
23211,
44570,
40311,
23211,
38036,
33842,
14791,
0,
0,
0,
14759,
12743,
0,
0,
0,
0,
0,
0,
0,
0,
0,
14791,
14791,
14759,
59295,
59263,
44537,
38068,
38036,
38036,
23275,
23275,
44570,
59295,
23243,
44570,
38068,
44537,
44570,
14824,
0,
14823,
65535,
14791,
0,
0,
0,
0,
0,
0,
0,
0,
0,
0,
14791,
57118,
38068,
38036,
44505,
44570,
12710,
14759,
14823,
57150,
57183,
23275,
23243,
23275,
44570,
42424,
44538,
23445,
12711,
23413,
14824,
0,
0,
0,
0,
0,
0,
0,
0,
0,
0,
0,
12678,
12678,
14791,
40311,
12678,
14824,
0,
0,
14823,
52925,
42392,
25323,
54024,
23211,
38068,
40311,
12710,
14791,
21267,
23380,
14791,
0,
0,
0,
0,
0,
0,
0,
0,
0,
0,
0,
0,
0,
14791,
14824,
0,
0,
0,
14791,
59295,
57183,
25323,
60297,
23243,
60265,
14791,
14823,
0,
0,
14791,
25494,
65535,
14791,
0,
0,
0,
0,
0,
0,
0,
0,
0,
0,
0,
0,
0,
0,
0,
0,
12710,
14791,
59295,
42424,
23243,
60297,
23243,
58217,
14824,
0,
0,
0,
0,
14791,
14791,
14791,
0,
0,
0,
0,
0,
0,
0,
0,
0,
0,
0,
0,
0,
0,
0,
14791,
21299,
21163,
59263,
21162,
56105,
25323,
54024,
14791,
0,
0,
0,
0,
0,
0,
0,
0,
0,
0,
0,
0,
0,
0,
0,
0,
0,
0,
0,
0,
0,
0,
0,
14791,
23413,
25356,
65535,
25323,
60297,
25323,
60265,
14824,
0,
0,
0,
0,
0,
0,
0,
0,
0,
0,
0,
0,
0,
0,
0,
0,
0,
0,
0,
0,
0,
0,
14759,
23446,
12710,
14791,
65535,
23243,
58217,
25323,
56137,
14823,
0,
0,
0,
0,
0,
0,
0,
0,
0,
0,
0,
0,
0,
0,
0,
0,
0,
0,
0,
0,
0,
0,
12678,
14791,
0,
14791,
65535,
12710,
56104,
14791,
54056,
14791,
0,
0,
0,
0,
0,
0,
0,
0,
0,
0,
0,
0,
0,
0,
0,
0,
0,
0,
0,
0,
0,
0,
0,
0,
0,
0,
14824,
0,
14824,
0,
14824,
0,
0,
0,
0,
0,
0,
0,
0,
0,
0,
0,
0,
0,
0,
0,
0,
0,
0,
0,
0,
0,
0,
0,
0,
0,
0,
0,
0,
0,
0,
0,
0,
0,
0,
0,
0,
0,
0,
0,
0,
0,
0,
0,
0,
0,
0,
0,
0,
0,
0,
0,
0,
0,
0,
0,
0,
0,
0,
0,
0,
0,
0,
0,
0,
0,
0,
0,
0,
0,
0,
0,
0,
0,
0,
0,
0,
0,
0,
0,
0,
0,
0,
0,
0,
0,
0,
0,
0,
0,
0,
0,
0,
0,
0,
0,
0,
0,
0,
0,
0,
0,
0,
0,
0,
0,
0,
0,
0,
0,
0,
0,
0,
0,
0,
0,
0,
0,
0,
0,
0,
0,
0,
0,
0,
0,
0,
0,
0,
0,
0,
0,
0,
0,
0,
0,
0,
0,
0,
0,
0,
0,
0,
