1818
0,
0,
0,
0,
0,
0,
0,
0,
0,
0,
0,
0,
0,
0,
0,
0,
0,
0,
0,
0,
0,
0,
0,
0,
0,
0,
0,
0,
0,
0,
0,
0,
0,
0,
0,
0,
0,
0,
0,
0,
0,
0,
0,
0,
0,
0,
0,
0,
0,
0,
0,
0,
0,
0,
0,
0,
0,
0,
0,
0,
0,
0,
0,
0,
0,
0,
0,
0,
0,
0,
0,
0,
0,
0,
0,
0,
0,
0,
0,
0,
0,
0,
0,
0,
0,
0,
0,
0,
0,
0,
0,
0,
0,
0,
0,
0,
0,
0,
0,
0,
0,
0,
0,
0,
0,
0,
0,
0,
0,
0,
0,
0,
0,
0,
0,
0,
0,
0,
0,
0,
0,
0,
0,
0,
0,
0,
0,
0,
0,
0,
0,
0,
0,
0,
0,
0,
0,
0,
0,
0,
0,
0,
0,
0,
0,
0,
0,
0,
0,
0,
0,
0,
0,
0,
0,
0,
0,
0,
0,
0,
0,
0,
0,
0,
0,
0,
0,
0,
0,
0,
0,
0,
0,
0,
0,
0,
0,
0,
0,
0,
0,
0,
0,
0,
0,
0,
0,
0,
0,
0,
0,
0,
0,
0,
0,
0,
0,
0,
0,
0,
0,
0,
0,
12710,
14824,
0,
0,
0,
0,
0,
0,
0,
0,
0,
0,
0,
0,
0,
0,
0,
0,
0,
0,
0,
0,
0,
0,
0,
0,
0,
0,
0,
0,
0,
12678,
62629,
23243,
12711,
0,
0,
0,
0,
0,
0,
0,
0,
0,
0,
0,
0,
0,
0,
0,
0,
0,
0,
0,
0,
0,
0,
0,
0,
14791,
14823,
0,
14791,
33775,
64806,
64806,
14823,
0,
0,
0,
0,
0,
0,
0,
0,
0,
0,
0,
0,
0,
0,
0,
0,
0,
0,
0,
0,
0,
0,
0,
14791,
65535,
65503,
14790,
64806,
62661,
64741,
64806,
52073,
14791,
0,
12678,
14759,
14824,
0,
0,
0,
12678,
14824,
0,
0,
0,
0,
0,
0,
0,
0,
0,
0,
0,
0,
12710,
48631,
65535,
63454,
21162,
31727,
29582,
54121,
64806,
52041,
12678,
14791,
63454,
65535,
31727,
12678,
12710,
14791,
63422,
31695,
14791,
0,
0,
0,
0,
0,
0,
0,
0,
0,
0,
0,
14791,
65535,
54938,
23275,
31727,
33808,
31727,
14791,
64806,
23243,
31727,
33808,
52857,
33808,
33808,
56234,
23275,
54970,
65535,
23275,
14824,
0,
0,
0,
0,
0,
0,
0,
0,
0,
0,
0,
14791,
65535,
23275,
21162,
21162,
33840,
65535,
65535,
33808,
29614,
31695,
31727,
29614,
23243,
31727,
29614,
56234,
23243,
12678,
14823,
0,
0,
0,
0,
0,
0,
0,
0,
0,
0,
0,
0,
0,
12678,
25324,
63454,
63454,
23275,
29582,
29614,
31727,
29582,
29614,
31727,
21162,
65535,
31727,
29582,
54153,
14791,
0,
0,
12710,
12711,
0,
0,
0,
0,
0,
0,
0,
0,
0,
0,
0,
14823,
65535,
65535,
65535,
14791,
23275,
33808,
33808,
31727,
23275,
25324,
65535,
54938,
33808,
31727,
23275,
23275,
14791,
14823,
65535,
31727,
14824,
0,
0,
0,
0,
0,
0,
0,
0,
0,
0,
12710,
65535,
65535,
14791,
0,
12678,
12710,
14791,
21162,
65535,
65535,
48631,
23243,
31727,
29614,
31727,
31727,
29614,
54938,
65535,
21162,
14823,
0,
0,
0,
0,
0,
0,
0,
0,
0,
0,
14759,
65535,
63454,
12678,
0,
0,
0,
0,
12678,
21162,
23243,
21162,
31695,
31727,
29582,
31695,
31695,
21130,
14759,
12710,
12711,
0,
0,
0,
0,
0,
0,
0,
0,
0,
0,
0,
0,
14791,
65535,
65535,
14824,
0,
0,
0,
0,
14823,
65535,
65535,
54938,
33808,
33775,
58282,
14791,
14824,
0,
0,
0,
0,
0,
0,
0,
0,
0,
0,
0,
0,
0,
0,
0,
0,
12678,
12710,
0,
0,
0,
0,
14759,
65535,
31727,
29614,
31727,
33775,
52073,
14791,
0,
0,
0,
0,
0,
0,
0,
0,
0,
0,
0,
0,
0,
0,
0,
0,
0,
0,
0,
0,
0,
0,
0,
0,
12678,
31695,
65535,
63454,
50744,
33775,
52041,
14791,
0,
0,
0,
0,
0,
0,
0,
0,
0,
0,
0,
0,
0,
0,
0,
0,
0,
0,
0,
0,
0,
0,
0,
0,
14823,
65535,
33808,
31727,
33808,
23275,
14824,
0,
0,
0,
0,
0,
0,
0,
0,
0,
0,
0,
0,
0,
0,
0,
0,
0,
0,
0,
0,
0,
0,
0,
0,
0,
12678,
31695,
65535,
63454,
31695,
31727,
29582,
12710,
12710,
12711,
0,
0,
0,
0,
0,
0,
0,
0,
0,
0,
0,
0,
0,
0,
0,
0,
12678,
12678,
14824,
0,
0,
0,
0,
12710,
31727,
29582,
31695,
31727,
29582,
40212,
65535,
29582,
14823,
0,
0,
0,
0,
0,
0,
0,
0,
0,
0,
0,
0,
0,
0,
0,
14791,
14824,
0,
0,
0,
0,
0,
23275,
14791,
14791,
14791,
14791,
14791,
54970,
65535,
23243,
14824,
0,
0,
0,
0,
0,
0,
0,
0,
0,
0,
0,
0,
0,
0,
0,
12678,
0,
14791,
21163,
0,
0,
21130,
14791,
0,
0,
0,
0,
0,
12710,
12710,
12711,
0,
0,
0,
0,
0,
0,
0,
0,
0,
0,
0,
0,
0,
0,
0,
0,
0,
0,
0,
12678,
12710,
14791,
12743,
0,
0,
0,
0,
0,
0,
0,
0,
0,
0,
0,
0,
0,
0,
0,
0,
0,
0,
0,
0,
0,
0,
0,
0,
0,
0,
0,
0,
0,
0,
0,
0,
0,
0,
0,
0,
0,
0,
0,
0,
0,
0,
0,
0,
0,
0,
0,
0,
0,
0,
0,
0,
0,
0,
0,
0,
0,
0,
0,
0,
0,
0,
0,
0,
0,
0,
0,
0,
0,
0,
0,
0,
0,
0,
0,
0,
0,
0,
0,
0,
0,
0,
0,
0,
0,
0,
0,
0,
0,
0,
0,
0,
0,
0,
0,
0,
0,
0,
0,
0,
0,
0,
0,
0,
0,
0,
0,
0,
0,
0,
0,
0,
0,
0,
0,
0,
0,
0,
0,
0,
0,
0,
0,
0,
0,
0,
0,
0,
0,
0,
0,
0,
0,
0,
0,
0,
0,
0,
0,
0,
0,
0,
0,
0,
0,
0,
0,
0,
0,
0,
0,
0,
0,
0,
0,
0,
0,
0,
0,
0,
0,
0,
0,
0,
0,
0,
0,
0,
0,
0,
0,
0,
0,
0,
0,
0,
0,
0,
0,
0,
0,
0,
0,
0,
0,
0,
0,
0,
0,
0,
0,
0,
0,
0,
0,
0,
0,
0,
0,
0,
0,
0,
0,
0,
0,
0,
0,
0,
0,
0,
