1818
0,
0,
0,
0,
0,
0,
0,
0,
0,
0,
0,
0,
0,
0,
0,
0,
0,
0,
0,
0,
0,
0,
0,
0,
0,
0,
0,
0,
0,
0,
0,
0,
0,
0,
0,
0,
0,
0,
0,
0,
0,
14759,
0,
0,
0,
0,
0,
0,
14759,
12710,
0,
0,
0,
0,
0,
0,
0,
0,
0,
0,
0,
0,
0,
0,
0,
0,
0,
0,
0,
0,
0,
0,
12678,
38165,
14759,
0,
0,
0,
0,
12678,
65535,
63454,
12678,
0,
0,
0,
0,
0,
0,
0,
0,
0,
0,
0,
0,
0,
0,
0,
0,
0,
0,
0,
0,
0,
12710,
40310,
14759,
0,
0,
0,
0,
0,
14759,
65535,
65535,
14759,
0,
0,
0,
0,
0,
0,
0,
0,
0,
0,
0,
0,
0,
0,
0,
0,
0,
0,
0,
0,
14759,
42423,
42423,
12710,
0,
0,
0,
0,
14759,
55035,
65535,
14759,
0,
0,
0,
0,
0,
0,
0,
0,
0,
0,
0,
0,
0,
0,
0,
0,
0,
0,
0,
0,
12678,
38165,
42423,
12678,
0,
0,
0,
12678,
14759,
21130,
21162,
55035,
12678,
0,
0,
0,
0,
0,
0,
0,
0,
0,
0,
0,
0,
0,
0,
0,
0,
0,
0,
0,
12710,
29584,
42423,
35987,
12710,
14759,
12710,
40310,
42423,
21162,
36019,
23243,
12678,
12710,
0,
0,
0,
0,
0,
0,
0,
0,
0,
0,
0,
0,
0,
0,
0,
0,
0,
0,
0,
14759,
38100,
29616,
29616,
38100,
23243,
42423,
42423,
42391,
29617,
38100,
23243,
42423,
14759,
12710,
0,
0,
0,
0,
0,
0,
0,
0,
0,
0,
0,
0,
0,
0,
0,
0,
0,
12678,
23243,
38165,
21130,
38100,
33874,
21162,
42423,
38165,
27471,
36019,
21130,
40278,
40343,
27471,
12710,
0,
0,
0,
0,
0,
0,
0,
0,
0,
0,
0,
0,
0,
0,
0,
0,
12710,
42423,
40278,
40310,
23243,
35987,
23211,
42423,
38229,
23211,
38100,
33906,
29616,
42423,
27503,
40343,
12710,
0,
0,
0,
0,
0,
0,
0,
0,
0,
0,
0,
0,
0,
0,
12710,
23243,
42423,
40310,
40343,
23243,
36019,
36052,
23243,
23211,
29616,
29617,
29584,
29616,
29617,
29584,
42423,
14759,
0,
0,
0,
0,
0,
0,
0,
0,
0,
0,
0,
0,
0,
14759,
27471,
33874,
23243,
38165,
38165,
42423,
21130,
33906,
29616,
27471,
27471,
23243,
21130,
21162,
29584,
27471,
35987,
35987,
12678,
0,
0,
0,
0,
0,
0,
0,
0,
0,
0,
0,
0,
14759,
35987,
35987,
23243,
40278,
40310,
42423,
21162,
29584,
29617,
27503,
23211,
65535,
65535,
23243,
23243,
27503,
29616,
36052,
12678,
0,
0,
0,
0,
0,
0,
0,
0,
0,
0,
0,
12710,
29617,
36019,
36019,
38100,
23211,
40343,
23243,
29584,
29616,
29617,
29584,
29616,
23243,
65535,
65535,
14759,
12710,
29616,
29617,
12710,
0,
0,
0,
0,
0,
0,
0,
0,
0,
0,
0,
12678,
42423,
27471,
33874,
38100,
27471,
27471,
29616,
27471,
33906,
29616,
12678,
65535,
23243,
63422,
65535,
12710,
0,
12710,
12710,
0,
0,
0,
0,
0,
0,
0,
0,
0,
0,
0,
12710,
29584,
42423,
29584,
36019,
38100,
36019,
29584,
29617,
29584,
42391,
23243,
65535,
23243,
65535,
65535,
55067,
14759,
0,
0,
0,
0,
0,
0,
0,
0,
0,
0,
0,
0,
0,
0,
12710,
40310,
42423,
40343,
29584,
38100,
29584,
29584,
29617,
36019,
42391,
23243,
38267,
23243,
57116,
55003,
14759,
14759,
12710,
0,
0,
0,
0,
0,
0,
0,
0,
0,
0,
0,
0,
0,
12678,
38165,
42423,
38165,
27471,
29617,
27471,
27471,
23243,
38165,
38197,
42423,
21130,
44671,
23243,
21130,
38234,
23243,
21130,
12710,
0,
0,
0,
0,
0,
0,
0,
0,
0,
0,
0,
0,
12710,
29584,
42423,
40343,
40310,
29617,
29584,
29584,
23243,
36019,
42391,
42423,
21162,
48895,
48927,
46815,
48927,
29617,
29584,
65535,
14759,
0,
0,
0,
0,
0,
0,
0,
0,
0,
0,
0,
0,
12710,
42423,
40310,
40310,
29617,
27504,
21162,
40380,
21162,
40310,
42423,
38230,
23211,
48927,
46751,
48895,
29617,
27503,
38299,
12710,
0,
0,
0,
0,
0,
0,
0,
0,
0,
0,
0,
0,
12678,
23243,
38165,
27471,
29617,
27471,
21130,
48927,
44638,
21162,
42423,
38165,
21162,
48895,
44638,
38234,
38299,
36120,
52922,
12710,
0,
0,
0,
0,
0,
0,
0,
0,
0,
0,
0,
0,
12710,
38100,
29584,
29584,
29617,
23211,
38267,
48927,
46815,
23243,
42423,
40310,
23243,
40379,
38266,
40379,
29617,
29584,
14759,
0,
0,
0,
0,
0,
0,
0,
0,
0,
0,
0,
0,
0,
0,
14759,
36019,
29584,
29617,
21162,
46783,
48927,
46783,
46847,
23243,
38230,
40310,
23243,
38234,
23243,
14759,
12710,
0,
0,
0,
0,
0,
0,
0,
0,
0,
0,
0,
0,
0,
0,
0,
14759,
21130,
33874,
29617,
21130,
44639,
48927,
44638,
44671,
23243,
38165,
38197,
23243,
36120,
12710,
0,
0,
0,
0,
0,
0,
0,
0,
0,
0,
0,
0,
0,
0,
0,
0,
0,
0,
12710,
29616,
29617,
23243,
38299,
48927,
48895,
48927,
48927,
23243,
42423,
42423,
23243,
14759,
0,
0,
0,
0,
0,
0,
0,
0,
0,
0,
0,
0,
0,
0,
0,
0,
0,
0,
0,
12710,
29617,
27504,
21162,
48927,
46783,
46847,
48927,
38234,
23211,
23243,
27503,
65535,
14759,
0,
0,
0,
0,
0,
0,
0,
0,
0,
0,
0,
0,
0,
0,
0,
0,
0,
0,
0,
14759,
27471,
27471,
23243,
44638,
44671,
40379,
36121,
36153,
38299,
36121,
38234,
12710,
0,
0,
0,
0,
0,
0,
0,
0,
0,
0,
0,
0,
0,
0,
0,
0,
0,
0,
0,
0,
12710,
12710,
23243,
23243,
40379,
40380,
38299,
40379,
29617,
29616,
55067,
14759,
0,
0,
0,
0,
0,
0,
0,
0,
0,
0,
0,
0,
0,
0,
0,
0,
0,
0,
0,
0,
0,
0,
14759,
12678,
21162,
23243,
36153,
21162,
23243,
12678,
12710,
0,
0,
0,
0,
0,
0,
0,
0,
0,
0,
0,
0,
0,
0,
0,
0,
0,
0,
0,
0,
0,
0,
0,
0,
0,
12678,
14759,
12678,
12678,
12710,
0,
0,
0,
0,
0,
0,
0,
0,
0,
0,
0,
0,
0,
0,
0,
0,
0,
0,
0,
0,
0,
0,
0,
0,
0,
0,
0,
0,
0,
0,
0,
0,
0,
0,
0,
0,
0,
0,
0,
0,
0,
0,
0,
0,
0,
0,
0,
0,
0,
0,
0,
0,
0,
0,
0,
0,
0,
0,
0,
0,
0,
0,
0,
0,
0,
0,
0,
0,
0,
0,
0,
0,
0,
0,
0,
0,
