1818
0,
0,
0,
0,
0,
0,
0,
0,
0,
0,
0,
0,
0,
0,
0,
0,
0,
0,
0,
0,
0,
0,
0,
0,
0,
0,
0,
0,
0,
0,
0,
0,
0,
0,
0,
0,
0,
0,
0,
0,
0,
0,
0,
0,
0,
0,
0,
0,
0,
0,
0,
0,
0,
0,
0,
0,
0,
0,
0,
0,
0,
0,
0,
0,
0,
0,
0,
0,
0,
0,
0,
0,
0,
0,
0,
0,
0,
0,
0,
0,
0,
0,
0,
0,
0,
0,
0,
0,
0,
0,
0,
0,
0,
0,
0,
0,
0,
0,
0,
0,
0,
0,
0,
0,
0,
0,
0,
0,
0,
0,
0,
0,
0,
0,
0,
0,
0,
0,
0,
0,
0,
0,
0,
0,
0,
0,
0,
0,
0,
0,
0,
0,
0,
0,
0,
0,
0,
0,
0,
0,
0,
0,
0,
0,
0,
0,
0,
0,
0,
0,
0,
0,
0,
0,
0,
0,
0,
0,
0,
0,
0,
0,
0,
0,
0,
0,
0,
0,
0,
0,
0,
0,
0,
0,
0,
0,
0,
0,
14791,
12743,
0,
0,
0,
0,
0,
0,
0,
0,
0,
0,
0,
0,
0,
0,
0,
0,
0,
0,
0,
0,
0,
0,
0,
0,
14791,
14791,
0,
0,
0,
14823,
48922,
44664,
14824,
0,
0,
0,
0,
0,
0,
0,
0,
0,
0,
0,
0,
0,
0,
0,
0,
0,
0,
0,
0,
0,
14791,
14823,
65535,
65535,
14791,
14791,
14823,
65535,
65535,
23275,
14824,
0,
0,
0,
0,
0,
0,
0,
0,
0,
0,
0,
0,
0,
0,
0,
0,
0,
0,
0,
0,
14823,
65503,
65535,
48922,
62839,
62872,
25356,
65503,
65535,
65535,
63454,
46744,
14823,
0,
14823,
0,
0,
0,
0,
0,
0,
0,
0,
0,
0,
0,
0,
0,
0,
0,
0,
0,
14823,
65535,
23275,
54161,
23243,
23275,
54194,
44696,
23275,
23275,
23243,
65535,
46842,
14759,
64694,
14824,
0,
0,
0,
0,
0,
0,
0,
0,
0,
0,
0,
0,
0,
0,
14759,
14824,
0,
14791,
54161,
65082,
65017,
65050,
65082,
54161,
65535,
64726,
64661,
25356,
65535,
23243,
64694,
14824,
0,
0,
0,
0,
0,
0,
0,
0,
0,
0,
0,
0,
0,
14791,
65114,
62871,
14823,
62839,
64952,
65082,
62839,
64920,
54161,
65503,
65535,
65535,
60467,
62580,
23275,
63454,
52081,
14823,
0,
0,
0,
0,
0,
0,
0,
0,
0,
0,
0,
0,
0,
14791,
64985,
23243,
64726,
65535,
14791,
65082,
62086,
65017,
56242,
65535,
65535,
65535,
62580,
64693,
25356,
65535,
14824,
0,
0,
0,
0,
0,
0,
0,
0,
0,
0,
0,
0,
0,
14791,
65082,
52081,
25323,
65082,
65050,
65050,
65082,
62085,
64166,
65082,
54161,
65535,
65535,
64661,
25356,
65535,
65535,
48890,
14824,
0,
0,
0,
0,
0,
0,
0,
0,
0,
0,
0,
0,
14758,
65082,
21162,
62872,
65309,
62839,
64952,
65082,
62839,
64952,
65050,
62839,
52048,
23275,
21162,
65535,
65535,
63454,
46809,
14823,
0,
0,
0,
0,
0,
0,
0,
0,
0,
0,
0,
0,
0,
14791,
14759,
65050,
65082,
65050,
65535,
14823,
65017,
65050,
65082,
65017,
65082,
56242,
65535,
65535,
65535,
65535,
48922,
23275,
14823,
0,
0,
0,
0,
0,
0,
0,
0,
0,
0,
0,
0,
0,
14791,
65050,
65082,
65050,
65050,
65082,
65017,
65050,
65082,
65017,
65082,
56242,
65535,
65535,
48922,
23275,
48922,
25356,
64661,
14824,
0,
0,
0,
0,
0,
0,
0,
0,
0,
0,
0,
0,
12678,
62872,
65082,
62839,
64952,
65082,
62839,
64952,
65050,
47919,
23243,
64694,
65503,
65535,
65535,
42551,
23275,
52081,
60467,
14823,
0,
0,
0,
0,
0,
0,
0,
0,
0,
0,
0,
0,
14759,
64661,
65082,
65017,
65050,
65082,
65017,
65050,
65082,
23275,
65082,
25356,
65535,
65535,
65535,
65535,
48922,
25323,
52080,
14824,
0,
0,
0,
0,
0,
0,
0,
0,
0,
0,
0,
0,
0,
14759,
65082,
64985,
23243,
25356,
64985,
65017,
54194,
64985,
64693,
25356,
46777,
65535,
25356,
65535,
48890,
23275,
14791,
0,
0,
0,
0,
0,
0,
0,
0,
0,
0,
0,
0,
0,
0,
14758,
65082,
21162,
64952,
64694,
12710,
50000,
48890,
63454,
52048,
54161,
44632,
65535,
65535,
21162,
46809,
14823,
0,
0,
0,
0,
0,
0,
0,
0,
0,
0,
0,
0,
0,
0,
14791,
65050,
65083,
65244,
65050,
64694,
14791,
48922,
65535,
65535,
25356,
48922,
46809,
48923,
65535,
46777,
14824,
0,
0,
0,
0,
0,
0,
0,
0,
0,
0,
0,
0,
0,
0,
0,
12710,
65017,
14823,
64985,
64661,
14823,
62613,
65535,
65535,
44696,
25356,
48922,
44696,
25356,
48922,
44696,
14824,
0,
0,
0,
0,
0,
0,
0,
0,
0,
0,
0,
0,
0,
0,
0,
14758,
62872,
65082,
12678,
12710,
14791,
14759,
65503,
14823,
42551,
23243,
23275,
42583,
46777,
23243,
12743,
0,
0,
0,
0,
0,
0,
0,
0,
0,
0,
0,
0,
0,
0,
0,
0,
0,
14791,
65082,
65050,
64694,
14824,
0,
14824,
0,
14791,
14823,
48922,
23275,
48922,
48922,
14824,
0,
0,
0,
0,
0,
0,
0,
0,
0,
0,
0,
0,
0,
0,
0,
0,
0,
0,
14791,
12710,
14823,
0,
0,
0,
0,
0,
0,
14823,
44696,
23275,
14824,
0,
0,
0,
0,
0,
0,
0,
0,
0,
0,
0,
0,
0,
0,
0,
0,
0,
0,
0,
0,
0,
0,
0,
0,
0,
0,
0,
0,
0,
12678,
14823,
0,
0,
0,
0,
0,
0,
0,
0,
0,
0,
0,
0,
0,
0,
0,
0,
0,
0,
0,
0,
0,
0,
0,
0,
0,
0,
0,
0,
0,
0,
0,
0,
0,
0,
0,
0,
0,
0,
0,
0,
0,
0,
0,
0,
0,
0,
0,
0,
0,
0,
0,
0,
0,
0,
0,
0,
0,
0,
0,
0,
0,
0,
0,
0,
0,
0,
0,
0,
0,
0,
0,
0,
0,
0,
0,
0,
0,
0,
0,
0,
0,
0,
0,
0,
0,
0,
0,
0,
0,
0,
0,
0,
0,
0,
0,
0,
0,
0,
0,
0,
0,
0,
0,
0,
0,
0,
0,
0,
0,
0,
0,
0,
0,
0,
0,
0,
0,
0,
0,
0,
0,
0,
0,
0,
0,
0,
0,
0,
0,
0,
0,
0,
0,
0,
0,
0,
0,
0,
0,
0,
0,
0,
0,
0,
0,
0,
0,
0,
0,
0,
0,
0,
0,
0,
0,
0,
0,
0,
0,
0,
0,
0,
0,
0,
0,
0,
0,
0,
0,
0,
0,
