1818
0,
0,
0,
0,
0,
0,
0,
0,
0,
0,
0,
0,
0,
0,
0,
0,
0,
0,
0,
0,
0,
0,
0,
0,
0,
0,
0,
0,
0,
0,
0,
0,
0,
0,
0,
0,
0,
0,
0,
0,
0,
0,
0,
0,
0,
14791,
14823,
0,
14824,
0,
0,
0,
0,
0,
14791,
14823,
0,
0,
0,
0,
0,
0,
0,
0,
0,
0,
0,
0,
0,
0,
0,
0,
0,
0,
0,
0,
0,
14823,
30398,
12711,
34687,
12678,
14823,
0,
0,
14791,
65535,
12678,
14823,
0,
0,
0,
0,
0,
0,
0,
0,
0,
0,
0,
0,
0,
0,
0,
0,
0,
0,
0,
0,
14791,
12711,
21947,
24059,
52825,
65535,
14791,
14790,
65254,
54970,
50744,
14824,
0,
0,
0,
0,
0,
0,
0,
0,
0,
0,
0,
0,
0,
0,
0,
0,
14791,
14791,
14759,
14791,
35953,
44373,
23275,
35954,
21946,
23275,
25355,
58568,
65286,
65286,
65535,
14824,
0,
0,
0,
0,
0,
0,
0,
0,
0,
0,
0,
0,
0,
0,
0,
12678,
12710,
35953,
21162,
42260,
23275,
31727,
33808,
35921,
19800,
52825,
23275,
52327,
56487,
14759,
12743,
0,
0,
0,
0,
0,
0,
0,
0,
0,
0,
0,
0,
0,
0,
0,
14823,
65535,
65535,
25356,
35921,
35921,
35953,
35921,
35921,
25356,
34655,
35953,
23275,
23243,
14824,
0,
0,
0,
0,
0,
0,
0,
0,
0,
0,
0,
0,
0,
0,
0,
0,
0,
14823,
65535,
54938,
25356,
35921,
35921,
35953,
35921,
25323,
47527,
32639,
22011,
57051,
65535,
14824,
0,
0,
0,
14791,
14823,
0,
0,
0,
0,
0,
0,
0,
0,
0,
0,
0,
0,
0,
12710,
21162,
23275,
31727,
33808,
35953,
21162,
65535,
65535,
30431,
32575,
23275,
12743,
0,
0,
12678,
14791,
52857,
21162,
14823,
0,
0,
0,
0,
0,
0,
0,
0,
0,
0,
0,
0,
14823,
65535,
65535,
23275,
35921,
25355,
65221,
65254,
25356,
32607,
22011,
34719,
23243,
14791,
14823,
56520,
57051,
65535,
65535,
14824,
0,
0,
0,
0,
0,
0,
0,
0,
0,
0,
0,
0,
14791,
65535,
54970,
23243,
35921,
60680,
56520,
65535,
25356,
32543,
23275,
23275,
23243,
65254,
65286,
65158,
54970,
54970,
50744,
14824,
0,
0,
0,
0,
0,
0,
0,
0,
0,
0,
0,
0,
0,
12710,
25356,
40179,
33808,
25356,
65503,
65503,
23275,
21162,
52825,
23275,
31727,
35888,
65189,
65093,
65254,
65535,
12743,
0,
0,
0,
0,
0,
0,
0,
0,
0,
0,
0,
14791,
14824,
0,
14791,
25356,
44373,
35921,
25356,
54938,
65535,
65535,
52857,
23275,
38033,
65221,
65254,
38001,
65190,
14791,
14791,
14823,
0,
0,
0,
0,
0,
0,
0,
0,
0,
0,
14791,
56542,
60702,
14759,
43799,
25356,
42324,
23275,
45912,
23243,
23243,
23275,
23243,
65254,
65286,
65157,
23275,
14791,
14791,
0,
0,
0,
0,
0,
0,
0,
0,
0,
0,
0,
0,
0,
12710,
12710,
60702,
39669,
21162,
23275,
21162,
41718,
45880,
21162,
33808,
65254,
65093,
65189,
58600,
12678,
14823,
0,
0,
0,
0,
0,
0,
0,
0,
0,
0,
0,
0,
0,
0,
14823,
60670,
43832,
23275,
23275,
45880,
60702,
45912,
58654,
25356,
35921,
35953,
38033,
65254,
65254,
14824,
0,
0,
0,
0,
0,
0,
0,
0,
0,
0,
0,
0,
0,
0,
0,
14791,
60702,
56542,
56542,
45912,
56541,
56542,
45912,
56541,
58622,
25356,
35888,
65254,
65286,
33840,
65254,
65254,
14791,
0,
0,
0,
0,
0,
0,
0,
0,
0,
0,
0,
0,
0,
0,
12710,
60702,
54428,
54428,
60702,
54428,
41718,
25324,
54428,
41718,
23275,
33807,
65125,
65254,
65093,
65158,
14791,
12743,
0,
0,
0,
0,
0,
0,
0,
0,
0,
0,
0,
0,
0,
0,
0,
14823,
60670,
60670,
23275,
23275,
23275,
60702,
58622,
25355,
65286,
65254,
38001,
65286,
35921,
23275,
14824,
0,
0,
0,
0,
0,
0,
0,
0,
0,
0,
0,
0,
0,
0,
0,
0,
0,
14759,
23243,
60702,
54428,
23243,
25356,
54428,
23243,
38033,
65125,
65189,
65286,
65125,
65222,
14824,
0,
14759,
14824,
0,
0,
0,
0,
0,
0,
0,
0,
0,
0,
0,
0,
0,
0,
0,
12710,
60702,
21162,
54428,
58654,
23243,
65503,
23275,
33807,
65125,
35953,
65093,
65189,
65222,
12710,
52825,
23243,
12743,
0,
0,
0,
0,
0,
0,
0,
0,
0,
0,
0,
0,
0,
0,
0,
14791,
14791,
60670,
60702,
14823,
65535,
65535,
23275,
14791,
14823,
65254,
38033,
65286,
54970,
65535,
65535,
14824,
0,
0,
0,
0,
0,
0,
0,
0,
0,
0,
0,
0,
0,
0,
0,
0,
0,
12710,
14824,
0,
14791,
21979,
14791,
0,
0,
14758,
65254,
60680,
54408,
54938,
54938,
14791,
0,
0,
0,
0,
0,
0,
0,
0,
0,
0,
0,
0,
0,
0,
0,
0,
0,
0,
14791,
12710,
12710,
23308,
30398,
14791,
0,
0,
12710,
14823,
50712,
65535,
14823,
0,
0,
0,
0,
0,
0,
0,
0,
0,
0,
0,
0,
0,
0,
0,
0,
0,
0,
14791,
34751,
22011,
22012,
22012,
22011,
34719,
14824,
0,
0,
0,
14791,
14824,
0,
0,
0,
0,
0,
0,
0,
0,
0,
0,
0,
0,
0,
0,
0,
0,
0,
0,
0,
0,
14823,
32511,
23243,
23275,
12710,
14823,
0,
0,
0,
0,
0,
0,
0,
0,
0,
0,
0,
0,
0,
0,
0,
0,
0,
0,
0,
0,
0,
0,
0,
0,
0,
0,
0,
12711,
32543,
25356,
30430,
14791,
0,
0,
0,
0,
0,
0,
0,
0,
0,
0,
0,
0,
0,
0,
0,
0,
0,
0,
0,
0,
0,
0,
0,
0,
0,
0,
0,
0,
14823,
34751,
34719,
14791,
14824,
0,
0,
0,
0,
0,
0,
0,
0,
0,
0,
0,
0,
0,
0,
0,
0,
0,
0,
0,
0,
0,
0,
0,
0,
0,
0,
14791,
32607,
34719,
32511,
32607,
34719,
14791,
0,
0,
0,
0,
0,
0,
0,
0,
0,
0,
0,
0,
0,
0,
0,
0,
0,
0,
0,
0,
0,
0,
0,
0,
0,
12710,
12710,
14823,
30430,
12710,
14824,
0,
0,
0,
0,
0,
0,
0,
0,
0,
0,
0,
0,
0,
0,
0,
0,
0,
0,
0,
0,
0,
0,
0,
0,
0,
0,
0,
0,
0,
14791,
14824,
0,
0,
0,
0,
0,
0,
0,
0,
0,
0,
0,
0,
0,
0,
0,
0,
0,
0,
0,
0,
0,
0,
0,
0,
0,
0,
0,
0,
0,
0,
0,
0,
0,
0,
0,
0,
0,
0,
0,
0,
0,
0,
0,
0,
0,
0,
0,
0,
