1818
0,
0,
0,
0,
0,
0,
0,
0,
0,
0,
0,
0,
0,
0,
0,
0,
0,
0,
0,
0,
0,
0,
0,
0,
0,
0,
0,
0,
0,
0,
0,
0,
0,
0,
0,
0,
0,
0,
0,
0,
0,
0,
0,
0,
0,
0,
0,
14759,
14791,
14791,
0,
0,
0,
0,
0,
0,
0,
0,
0,
0,
0,
0,
0,
0,
0,
0,
0,
0,
0,
0,
0,
0,
0,
0,
0,
0,
0,
0,
12710,
53020,
57214,
50875,
14823,
0,
0,
0,
0,
0,
0,
0,
0,
0,
0,
0,
0,
0,
0,
0,
0,
0,
0,
0,
0,
0,
0,
0,
0,
0,
0,
14823,
57246,
44730,
14791,
14824,
0,
0,
0,
0,
0,
0,
0,
0,
0,
0,
0,
0,
0,
0,
0,
0,
0,
0,
0,
0,
0,
0,
0,
12710,
14791,
14791,
0,
14823,
52988,
23243,
14824,
0,
0,
0,
0,
0,
0,
12710,
14824,
0,
0,
0,
0,
0,
0,
0,
0,
0,
0,
0,
0,
0,
0,
0,
0,
12711,
36765,
21910,
12710,
14791,
21162,
40537,
65535,
12743,
0,
0,
0,
0,
14791,
36478,
14824,
0,
0,
0,
0,
0,
0,
0,
0,
0,
0,
0,
0,
0,
0,
0,
14791,
14791,
23275,
23308,
13295,
24120,
19797,
65535,
65535,
14824,
0,
0,
14791,
14823,
42879,
26012,
14824,
0,
0,
0,
0,
0,
0,
0,
0,
0,
0,
0,
0,
0,
0,
14823,
21942,
24022,
24120,
11150,
24055,
24120,
13198,
65535,
65535,
65503,
14759,
14823,
38591,
40767,
25980,
14791,
0,
0,
0,
0,
0,
0,
0,
0,
0,
0,
0,
0,
0,
0,
12710,
24120,
15571,
11150,
13295,
21910,
23990,
17748,
57995,
55101,
65535,
21162,
23275,
40799,
36511,
25947,
14823,
0,
0,
0,
0,
0,
0,
0,
0,
0,
0,
0,
0,
0,
0,
14823,
36765,
17749,
13263,
13295,
36797,
24120,
19797,
65535,
65535,
28093,
44730,
23308,
28093,
59326,
57246,
14824,
0,
0,
0,
0,
0,
0,
0,
0,
0,
0,
0,
0,
0,
0,
14823,
34554,
15571,
13263,
13198,
52988,
24120,
15571,
23990,
13295,
23834,
38623,
40799,
50907,
23275,
42650,
12743,
0,
0,
0,
0,
0,
0,
0,
0,
0,
0,
0,
0,
0,
0,
12710,
36765,
11150,
11150,
38813,
52988,
21942,
17748,
21194,
34587,
25356,
38559,
38623,
40799,
38559,
25947,
23275,
12743,
0,
0,
0,
0,
0,
0,
0,
0,
0,
0,
0,
0,
0,
0,
14823,
36797,
36765,
36765,
36797,
24120,
17748,
23275,
25356,
36765,
25356,
42879,
65535,
42879,
28093,
65535,
65535,
65535,
14824,
0,
0,
0,
0,
14791,
14824,
0,
0,
0,
0,
0,
0,
0,
12710,
24120,
21942,
21942,
24120,
21162,
21162,
45912,
27186,
23243,
31349,
23834,
38623,
28061,
65503,
55133,
23275,
21162,
25947,
14759,
12710,
14791,
14791,
36510,
14824,
0,
0,
0,
0,
0,
0,
0,
12710,
14791,
12710,
23243,
23275,
41718,
41750,
31349,
41718,
43799,
45912,
21195,
25947,
65535,
52956,
23275,
26013,
23834,
40767,
40767,
52988,
40799,
40767,
23834,
14824,
0,
0,
0,
0,
0,
0,
0,
0,
14823,
52286,
45912,
31349,
45912,
45912,
31349,
45912,
45912,
45912,
25356,
28093,
65535,
25356,
42879,
42879,
57246,
59326,
42879,
40799,
28061,
14791,
14824,
0,
0,
0,
0,
0,
0,
0,
0,
0,
14791,
41750,
48091,
45912,
27187,
41718,
45912,
29235,
41750,
31348,
21162,
25947,
65535,
21162,
25948,
40799,
38559,
25947,
14759,
12710,
14824,
0,
0,
0,
0,
0,
0,
0,
0,
0,
0,
0,
0,
12710,
23243,
45912,
29235,
41750,
45912,
29235,
41751,
25356,
52988,
55101,
28061,
65503,
23275,
25980,
12710,
14823,
0,
0,
0,
0,
0,
0,
0,
0,
0,
0,
0,
0,
0,
0,
0,
14791,
45912,
31349,
45912,
45912,
31349,
45912,
25356,
59326,
57246,
42879,
42879,
28061,
57246,
14824,
0,
0,
0,
0,
0,
0,
0,
0,
0,
0,
0,
0,
0,
0,
0,
0,
14823,
48091,
29235,
52286,
39670,
27187,
45880,
21163,
38623,
40799,
36511,
38623,
25980,
23834,
55101,
14824,
0,
0,
0,
0,
0,
0,
0,
0,
0,
0,
0,
0,
0,
0,
0,
14759,
52286,
29267,
48091,
45912,
41718,
29267,
52285,
23243,
25947,
40799,
38591,
25947,
65535,
52956,
14823,
0,
0,
0,
0,
0,
0,
0,
0,
0,
0,
0,
0,
0,
0,
0,
0,
14791,
52286,
31349,
52254,
45912,
31348,
52254,
45912,
43832,
25356,
28061,
28061,
65535,
23275,
23275,
14824,
0,
0,
0,
0,
0,
0,
0,
0,
0,
0,
0,
0,
0,
0,
0,
0,
12710,
45912,
41718,
29235,
45912,
27186,
48059,
45880,
39669,
21162,
25356,
63454,
23243,
28060,
50907,
25947,
14824,
0,
0,
0,
0,
0,
0,
0,
0,
0,
0,
0,
0,
0,
0,
0,
0,
14791,
14759,
41750,
31349,
41718,
29235,
45912,
23243,
55101,
25356,
65503,
14791,
26013,
23834,
25948,
14824,
0,
14759,
14823,
0,
0,
0,
0,
0,
0,
0,
0,
0,
0,
0,
0,
0,
0,
0,
14791,
31349,
45880,
31349,
45912,
25356,
59326,
65535,
14824,
0,
14791,
14791,
28061,
28061,
14823,
40799,
14824,
0,
0,
0,
0,
0,
0,
0,
0,
0,
0,
0,
0,
0,
0,
0,
0,
14791,
27186,
41718,
31349,
39669,
14759,
14824,
0,
0,
0,
0,
14791,
25980,
23834,
38655,
14823,
0,
0,
0,
0,
0,
0,
0,
0,
0,
0,
0,
0,
0,
0,
0,
0,
14791,
29268,
43799,
31349,
41750,
14823,
0,
0,
0,
0,
0,
0,
14791,
12710,
14824,
0,
0,
0,
0,
0,
0,
0,
0,
0,
0,
0,
0,
0,
0,
0,
0,
0,
14791,
45880,
31349,
45912,
14824,
0,
0,
0,
0,
0,
0,
0,
0,
0,
0,
0,
0,
0,
0,
0,
0,
0,
0,
0,
0,
0,
0,
0,
0,
0,
0,
12710,
45912,
27186,
12710,
14824,
0,
0,
0,
0,
0,
0,
0,
0,
0,
0,
0,
0,
0,
0,
0,
0,
0,
0,
0,
0,
0,
0,
0,
0,
0,
0,
0,
14759,
14791,
14823,
0,
0,
0,
0,
0,
0,
0,
0,
0,
0,
0,
0,
0,
0,
0,
0,
0,
0,
0,
0,
0,
0,
0,
0,
0,
0,
0,
0,
0,
0,
0,
0,
0,
0,
0,
0,
0,
0,
0,
0,
0,
0,
0,
0,
0,
0,
0,
0,
0,
0,
0,
0,
0,
0,
0,
0,
0,
0,
0,
0,
0,
0,
0,
0,
0,
0,
0,
0,
0,
0,
0,
0,
0,
0,
0,
0,
0,
0,
0,
0,
0,
0,
0,
0,
0,
0,
0,
