1818
0,
0,
0,
0,
14791,
14791,
14791,
14791,
0,
0,
0,
0,
0,
0,
14791,
14791,
14791,
14823,
0,
0,
0,
0,
0,
0,
0,
0,
0,
0,
0,
0,
0,
0,
0,
0,
0,
14791,
65503,
65503,
65503,
65503,
14791,
14791,
0,
0,
14791,
14791,
23455,
23455,
23455,
21130,
14791,
14791,
0,
0,
0,
0,
0,
0,
0,
0,
0,
0,
0,
0,
0,
0,
0,
12678,
21162,
44409,
65535,
65535,
65503,
65503,
14791,
14791,
23455,
23455,
17079,
44377,
65503,
65503,
65503,
31697,
14823,
0,
0,
0,
0,
0,
0,
0,
0,
0,
0,
0,
0,
0,
14791,
65503,
65503,
65535,
65535,
65535,
65535,
65535,
65503,
21130,
21130,
21162,
65503,
65535,
65535,
65535,
65535,
65503,
63454,
14791,
0,
0,
0,
0,
0,
0,
0,
0,
0,
0,
0,
14791,
65503,
44409,
44409,
65535,
65535,
65535,
65535,
65535,
65535,
65503,
21130,
65503,
65535,
65535,
65535,
65535,
44409,
44409,
52892,
14791,
0,
0,
0,
0,
0,
0,
0,
0,
0,
0,
0,
12710,
65535,
44409,
65535,
65535,
65535,
65535,
65535,
65535,
65535,
21162,
65503,
65535,
65535,
65535,
17079,
23487,
12678,
63454,
14791,
0,
0,
0,
0,
0,
0,
0,
0,
0,
0,
0,
0,
0,
14791,
65535,
65535,
44409,
65503,
12710,
12710,
12710,
44409,
21130,
65535,
65535,
65535,
17079,
23455,
65503,
65503,
44409,
14791,
0,
0,
0,
0,
0,
0,
0,
0,
0,
0,
0,
0,
0,
12710,
65535,
44377,
12710,
14791,
0,
0,
0,
12678,
65503,
65535,
65503,
17079,
23455,
23455,
23487,
44409,
14791,
0,
0,
0,
0,
0,
0,
0,
0,
0,
0,
0,
0,
0,
0,
0,
12710,
14791,
0,
0,
0,
0,
0,
12710,
65535,
65503,
17079,
23455,
23455,
21162,
44377,
12678,
0,
0,
0,
0,
0,
0,
0,
0,
0,
0,
0,
0,
0,
0,
0,
0,
0,
0,
0,
0,
0,
0,
0,
12678,
12710,
12710,
23455,
12678,
12711,
44377,
44377,
12678,
0,
0,
0,
0,
0,
0,
0,
0,
0,
0,
0,
0,
0,
0,
0,
0,
0,
0,
0,
0,
0,
0,
0,
0,
0,
12678,
12678,
0,
12678,
44409,
52924,
52892,
14823,
0,
14791,
14791,
14823,
0,
0,
0,
0,
0,
0,
0,
0,
0,
0,
0,
0,
0,
0,
0,
0,
0,
0,
0,
0,
0,
0,
14791,
12678,
52924,
65535,
65535,
65503,
14791,
44377,
52892,
50843,
14823,
0,
0,
0,
0,
0,
0,
0,
0,
0,
0,
0,
0,
0,
0,
0,
0,
0,
0,
0,
0,
0,
12678,
23454,
21163,
65535,
65535,
65535,
63455,
30013,
21628,
21628,
50843,
14823,
0,
0,
0,
0,
0,
0,
0,
0,
0,
0,
0,
0,
0,
0,
0,
0,
0,
0,
0,
0,
0,
12678,
12710,
65535,
65535,
65535,
65535,
65535,
30013,
30013,
21628,
14791,
0,
0,
0,
0,
0,
0,
0,
0,
0,
0,
0,
0,
0,
0,
0,
0,
0,
0,
0,
0,
0,
0,
0,
12710,
65535,
65535,
65535,
30013,
30013,
30013,
30013,
21595,
14791,
14823,
0,
0,
0,
0,
0,
0,
0,
0,
0,
0,
0,
0,
0,
0,
0,
14823,
0,
0,
0,
0,
14791,
17079,
44409,
44409,
65535,
21628,
21628,
30013,
30013,
21628,
44377,
50843,
14823,
0,
0,
0,
0,
0,
0,
0,
0,
0,
0,
0,
0,
14791,
14791,
63454,
14823,
0,
0,
14791,
23455,
21130,
31697,
65535,
65535,
65535,
21628,
21628,
21628,
21596,
31729,
52892,
14791,
0,
0,
0,
0,
0,
0,
0,
0,
0,
0,
0,
0,
12678,
23487,
65503,
14791,
0,
0,
12678,
12711,
65503,
65503,
65535,
65535,
65535,
44377,
31697,
21162,
21596,
21130,
14791,
0,
0,
0,
0,
0,
0,
0,
0,
0,
0,
0,
0,
0,
0,
12711,
52924,
63454,
14823,
0,
0,
12710,
65535,
65535,
65535,
31729,
65535,
65535,
65503,
52891,
21130,
14791,
0,
0,
0,
0,
0,
0,
0,
0,
0,
0,
0,
0,
0,
0,
14791,
23454,
19127,
65535,
44376,
14791,
14791,
65503,
65535,
65503,
21162,
44377,
65535,
65535,
65535,
65535,
52891,
14791,
0,
0,
0,
0,
0,
0,
0,
0,
0,
0,
0,
0,
0,
0,
12678,
12710,
44409,
65535,
52892,
21162,
65503,
65535,
65535,
65503,
12678,
44409,
52924,
65535,
65535,
65535,
52924,
14791,
0,
0,
0,
0,
0,
0,
0,
0,
0,
0,
0,
0,
0,
0,
0,
0,
12710,
21162,
23211,
65503,
65535,
65535,
65503,
14791,
0,
12678,
44409,
65535,
65535,
52924,
44409,
44376,
14791,
14823,
0,
0,
0,
0,
0,
0,
0,
0,
0,
0,
0,
0,
0,
14791,
21162,
65503,
65503,
65535,
65535,
65503,
14791,
0,
14791,
50843,
21162,
21162,
44409,
44409,
44409,
44409,
52892,
63454,
14823,
0,
0,
0,
0,
0,
0,
0,
0,
0,
0,
14791,
14791,
65503,
65503,
65535,
65535,
65535,
65535,
65503,
12678,
14791,
52892,
52924,
52892,
44377,
21162,
12678,
12710,
44377,
44409,
65503,
14791,
0,
0,
0,
0,
0,
0,
0,
0,
0,
14791,
65503,
65503,
65535,
65535,
44409,
65535,
65535,
65503,
21162,
65503,
65503,
65535,
52924,
52924,
44377,
44377,
14790,
0,
12678,
12710,
14791,
0,
0,
0,
0,
0,
0,
0,
0,
0,
0,
12710,
65535,
65503,
31729,
44409,
65535,
65535,
65535,
65535,
21162,
65535,
65535,
52924,
52892,
44409,
44377,
14791,
0,
0,
0,
0,
0,
0,
0,
0,
0,
0,
0,
0,
0,
14791,
14791,
44377,
31729,
31729,
44409,
65535,
65535,
65535,
65503,
21162,
12678,
12711,
52924,
52892,
44377,
12678,
14791,
0,
0,
0,
0,
0,
0,
0,
0,
0,
0,
0,
0,
0,
14791,
65503,
65503,
65535,
65503,
65503,
65535,
65535,
65535,
65535,
65503,
14791,
0,
0,
12710,
12710,
14791,
0,
0,
0,
0,
0,
0,
0,
0,
0,
0,
0,
0,
0,
0,
0,
12710,
65535,
65535,
65535,
65535,
65535,
65535,
65535,
65535,
65503,
14791,
0,
0,
0,
0,
0,
0,
0,
0,
0,
0,
0,
0,
0,
0,
0,
0,
0,
0,
0,
0,
0,
0,
12710,
23211,
65535,
65535,
65535,
44409,
65535,
44377,
14791,
0,
0,
0,
0,
0,
0,
0,
0,
0,
0,
0,
0,
0,
0,
0,
0,
0,
0,
0,
0,
0,
0,
0,
12710,
65503,
65535,
65535,
44409,
65503,
12710,
14791,
0,
0,
0,
0,
0,
0,
0,
0,
0,
0,
0,
0,
0,
0,
0,
0,
0,
0,
0,
0,
0,
0,
0,
0,
0,
12710,
12710,
12710,
12710,
14791,
0,
0,
0,
0,
0,
0,
0,
0,
0,
0,
0,
0,
0,
0,
0,
0,
0,
0,
0,
0,
0,
0,
0,
0,
0,
0,
0,
0,
0,
0,
0,
0,
0,
0,
0,
0,
0,
0,
0,
0,
0,
0,
0,
0,
0,
0,
0,
0,
0,
0,
0,
0,
0,
