1818
0,
0,
0,
0,
0,
0,
0,
0,
0,
0,
0,
0,
0,
0,
0,
0,
0,
0,
0,
0,
0,
0,
0,
0,
0,
0,
0,
0,
0,
0,
0,
0,
0,
0,
0,
0,
0,
0,
14791,
14791,
14791,
14791,
14791,
14823,
0,
0,
0,
0,
0,
0,
0,
0,
0,
0,
0,
0,
0,
0,
0,
0,
0,
0,
0,
0,
0,
0,
0,
0,
14791,
14790,
25988,
38793,
38793,
65503,
63454,
25988,
14791,
14823,
0,
0,
0,
0,
0,
0,
0,
0,
0,
0,
0,
0,
0,
0,
0,
0,
0,
0,
0,
0,
0,
14790,
25988,
38793,
65502,
58252,
51815,
51815,
51816,
50744,
48663,
25988,
14823,
0,
0,
0,
0,
0,
0,
0,
0,
0,
0,
0,
0,
0,
0,
0,
0,
0,
0,
0,
14791,
38793,
65502,
58284,
51815,
51815,
51783,
51783,
51783,
51815,
51815,
50711,
25988,
14791,
14823,
0,
0,
0,
0,
0,
0,
14791,
14823,
0,
0,
0,
0,
0,
0,
0,
0,
14823,
48948,
58284,
58284,
58252,
58252,
58252,
58252,
58252,
58252,
51783,
51783,
51815,
21162,
63237,
61189,
14823,
0,
0,
0,
14791,
14791,
63237,
61189,
14823,
0,
0,
0,
0,
0,
0,
0,
12678,
14791,
58252,
51783,
12678,
12678,
12678,
12678,
12678,
14758,
58252,
58252,
21130,
21162,
63269,
58597,
37702,
14791,
14791,
14791,
63237,
63237,
63237,
14791,
0,
0,
0,
0,
0,
0,
0,
0,
0,
12678,
12678,
14790,
0,
0,
0,
0,
0,
0,
12678,
14758,
63237,
58565,
37734,
63269,
63237,
56517,
21162,
63237,
58597,
63237,
14791,
0,
0,
0,
0,
0,
0,
0,
0,
0,
0,
0,
0,
0,
0,
0,
0,
0,
0,
0,
0,
12710,
63269,
63269,
63237,
37734,
37734,
63237,
58252,
58284,
63269,
58597,
14791,
0,
0,
0,
0,
0,
0,
0,
0,
0,
0,
0,
0,
0,
0,
0,
0,
0,
0,
0,
0,
0,
12710,
37734,
58597,
63237,
51783,
58284,
21130,
43463,
58252,
14791,
0,
0,
0,
0,
0,
0,
0,
0,
0,
0,
0,
0,
0,
0,
0,
0,
0,
0,
0,
0,
0,
0,
12678,
58565,
37702,
51815,
58252,
21162,
50712,
65502,
58252,
12678,
14791,
14823,
0,
14791,
14823,
0,
0,
0,
0,
0,
0,
0,
0,
0,
0,
0,
0,
0,
0,
0,
0,
0,
0,
12710,
21162,
58252,
58252,
21130,
21162,
58284,
21130,
51783,
40147,
63454,
14791,
31701,
31701,
14823,
0,
0,
0,
0,
0,
0,
0,
0,
0,
0,
0,
0,
0,
0,
0,
0,
0,
0,
12678,
21162,
58252,
58252,
58252,
25988,
21162,
50712,
50712,
40179,
21130,
31701,
12678,
14791,
0,
0,
0,
0,
0,
0,
0,
0,
0,
0,
0,
0,
0,
0,
0,
0,
14791,
14791,
58565,
56517,
21162,
25988,
25988,
51815,
51783,
58284,
65535,
50712,
21130,
21130,
31701,
14791,
0,
0,
0,
0,
0,
0,
0,
0,
0,
0,
0,
0,
0,
0,
0,
14791,
37702,
56517,
37702,
37702,
56517,
21130,
51815,
51783,
58252,
58284,
65535,
65535,
50712,
21130,
14791,
0,
0,
0,
0,
0,
0,
0,
0,
0,
0,
0,
0,
0,
0,
0,
14791,
65502,
63237,
63269,
58565,
37702,
37702,
56517,
21130,
21162,
65503,
65535,
65535,
65535,
50712,
14791,
0,
0,
0,
0,
0,
0,
0,
0,
0,
0,
0,
0,
0,
0,
0,
0,
12710,
65535,
65502,
37734,
37734,
58565,
58565,
21162,
21130,
58284,
65535,
65535,
65535,
65535,
50712,
14791,
0,
0,
0,
0,
0,
0,
0,
0,
0,
0,
0,
0,
0,
0,
0,
14791,
21130,
37734,
37734,
63269,
63237,
58565,
21162,
58252,
58252,
58252,
51848,
65535,
65535,
50744,
40179,
48663,
14823,
0,
0,
0,
0,
0,
0,
0,
0,
0,
0,
0,
0,
0,
0,
12710,
65502,
63269,
63269,
63237,
37734,
37702,
21162,
58252,
51783,
51783,
43463,
50744,
50744,
50744,
65535,
65535,
63454,
14791,
14823,
0,
0,
0,
0,
0,
0,
0,
0,
0,
0,
0,
0,
12710,
65535,
65502,
37734,
37734,
58565,
21130,
58252,
51815,
51783,
51783,
51783,
21162,
21162,
65535,
65535,
65535,
65503,
31701,
31701,
14791,
0,
0,
0,
0,
0,
0,
0,
0,
0,
0,
0,
12678,
12710,
37734,
58597,
63237,
63237,
21162,
58252,
51783,
51783,
51815,
50712,
21130,
37702,
23211,
65535,
65503,
21162,
31701,
21130,
12678,
0,
0,
0,
0,
0,
0,
0,
0,
0,
0,
0,
0,
12710,
65502,
63269,
58565,
21162,
58252,
51815,
51783,
51815,
65502,
25988,
21162,
58565,
37702,
12710,
12710,
12678,
21162,
31701,
12678,
0,
0,
0,
0,
0,
0,
0,
0,
0,
0,
0,
0,
12710,
65503,
37734,
21162,
58252,
51815,
51783,
51783,
51815,
65503,
21162,
56517,
12678,
14790,
0,
0,
0,
12678,
14791,
0,
0,
0,
0,
0,
0,
0,
0,
14791,
14823,
0,
0,
0,
12678,
21162,
21130,
58252,
51815,
51783,
51783,
51815,
65502,
26020,
21162,
58565,
14758,
0,
0,
0,
0,
0,
0,
0,
0,
0,
0,
0,
0,
0,
12678,
12710,
56204,
14791,
14791,
14791,
58252,
58252,
58252,
51815,
51783,
51783,
51815,
65502,
38793,
21162,
56517,
14791,
0,
0,
0,
0,
0,
0,
0,
0,
0,
0,
0,
0,
0,
0,
12710,
38793,
65502,
58252,
58252,
58252,
51783,
51783,
51815,
51783,
51783,
51815,
65502,
38793,
21162,
63237,
63269,
14791,
0,
0,
0,
0,
0,
0,
0,
0,
0,
0,
0,
0,
0,
0,
0,
12742,
38825,
65503,
65502,
51815,
51783,
51783,
51783,
51815,
65503,
65502,
25988,
12678,
12678,
12710,
14791,
0,
0,
0,
0,
0,
0,
0,
0,
0,
0,
0,
0,
0,
0,
0,
0,
0,
12710,
26020,
38825,
65503,
65503,
65535,
65535,
65535,
65535,
38793,
14791,
0,
0,
0,
0,
0,
0,
0,
0,
0,
0,
0,
0,
0,
0,
0,
0,
0,
0,
0,
0,
0,
0,
12678,
12710,
38825,
38793,
12710,
38825,
38793,
12678,
14791,
0,
0,
0,
0,
0,
0,
0,
0,
0,
0,
0,
0,
0,
0,
0,
0,
0,
0,
0,
0,
0,
0,
0,
0,
0,
12678,
14791,
0,
12678,
14791,
0,
0,
0,
0,
0,
0,
0,
0,
0,
0,
0,
0,
0,
0,
0,
0,
0,
0,
0,
0,
0,
0,
0,
0,
0,
0,
0,
0,
0,
0,
0,
0,
0,
0,
0,
0,
0,
0,
0,
0,
0,
0,
0,
0,
0,
0,
0,
0,
0,
0,
0,
0,
0,
0,
0,
0,
0,
0,
0,
0,
0,
0,
0,
0,
0,
0,
0,
0,
0,
0,
0,
0,
0,
0,
0,
0,
0,
0,
0,
0,
0,
