1818
0,
0,
0,
0,
0,
0,
0,
0,
0,
0,
0,
0,
0,
0,
0,
0,
0,
0,
0,
0,
0,
0,
0,
0,
0,
0,
0,
0,
0,
0,
0,
0,
0,
0,
0,
0,
0,
0,
0,
0,
0,
0,
0,
0,
0,
0,
0,
0,
0,
0,
0,
0,
0,
0,
0,
0,
0,
0,
0,
0,
0,
0,
0,
0,
0,
0,
0,
0,
0,
0,
0,
0,
0,
0,
0,
0,
0,
0,
0,
14791,
14823,
0,
0,
0,
0,
0,
0,
0,
0,
0,
0,
0,
0,
0,
0,
0,
0,
0,
0,
0,
0,
0,
0,
0,
0,
0,
0,
0,
0,
0,
0,
12678,
19658,
14823,
0,
0,
0,
0,
0,
0,
0,
0,
0,
0,
0,
0,
0,
0,
0,
0,
0,
0,
0,
0,
0,
0,
0,
0,
0,
0,
0,
14791,
14791,
12678,
17224,
12678,
14823,
0,
0,
0,
0,
0,
0,
0,
0,
0,
0,
0,
0,
0,
0,
0,
0,
0,
0,
0,
0,
0,
14791,
14791,
14791,
14823,
0,
12678,
30222,
30222,
21130,
40722,
40722,
14823,
0,
0,
0,
0,
0,
0,
0,
0,
0,
0,
0,
0,
0,
0,
0,
0,
0,
0,
14791,
14791,
40722,
40722,
38674,
30222,
14823,
0,
12710,
12710,
19658,
30222,
14823,
0,
0,
0,
0,
0,
0,
0,
0,
0,
0,
0,
0,
0,
0,
0,
0,
0,
14791,
14791,
40722,
40722,
30254,
30254,
40754,
19658,
14791,
0,
0,
0,
12710,
19690,
30222,
14791,
0,
0,
0,
0,
0,
14823,
0,
0,
0,
0,
0,
0,
0,
0,
0,
14791,
40722,
40722,
30254,
30254,
30254,
40754,
40754,
40722,
55947,
14823,
0,
14791,
19658,
12678,
14791,
0,
0,
14791,
14823,
0,
14791,
30222,
14791,
0,
0,
0,
0,
0,
0,
0,
0,
12678,
30254,
30254,
30254,
30254,
19690,
40754,
40754,
30254,
57995,
14791,
0,
12710,
19658,
14791,
0,
0,
14791,
30222,
30222,
14791,
21130,
19658,
14791,
0,
0,
0,
0,
0,
0,
0,
0,
0,
12710,
19690,
30254,
19690,
40754,
30254,
63269,
30254,
57995,
55947,
14791,
19658,
12678,
0,
0,
14791,
21130,
17256,
17256,
19658,
17256,
30222,
14791,
0,
0,
0,
0,
0,
0,
0,
0,
0,
0,
12678,
19690,
40754,
40722,
21162,
12710,
64874,
57995,
43594,
21130,
17224,
12678,
14791,
14791,
19658,
30222,
57995,
19658,
17256,
19658,
19690,
12678,
0,
0,
0,
0,
0,
0,
0,
0,
0,
0,
12710,
40754,
40754,
30254,
63237,
63237,
58027,
43594,
19658,
19658,
19690,
30222,
30222,
19658,
30254,
30254,
30222,
55979,
19658,
17224,
12678,
0,
0,
0,
0,
0,
0,
0,
0,
0,
0,
0,
12710,
40754,
40754,
43626,
58027,
58027,
19658,
19658,
19690,
30254,
30254,
30222,
19690,
19690,
30254,
30254,
30254,
58027,
19658,
14791,
0,
0,
0,
0,
0,
0,
0,
0,
0,
0,
0,
14791,
40722,
40754,
30254,
30222,
30222,
30222,
19690,
21162,
21162,
19690,
30222,
17256,
19690,
30254,
30254,
30254,
30254,
58027,
19658,
12678,
0,
0,
0,
0,
0,
0,
0,
0,
0,
0,
0,
12710,
40754,
40754,
30254,
30222,
19658,
12710,
12678,
63237,
62794,
21162,
30222,
21130,
17224,
19690,
30254,
30222,
58027,
43626,
19658,
12678,
0,
0,
0,
0,
0,
0,
0,
0,
0,
0,
0,
12710,
40754,
30254,
19690,
12710,
12678,
0,
0,
12710,
12678,
12678,
21162,
30254,
21130,
17256,
19658,
21130,
21130,
17224,
17224,
12678,
0,
0,
0,
0,
0,
0,
0,
0,
0,
0,
0,
0,
12710,
12710,
12678,
0,
0,
0,
0,
0,
0,
12678,
63237,
21162,
30222,
30222,
21162,
40722,
40722,
21162,
19658,
19658,
14791,
0,
14791,
0,
0,
0,
0,
0,
0,
0,
0,
0,
0,
0,
0,
0,
0,
0,
0,
0,
0,
0,
12710,
12678,
21162,
19690,
30222,
30222,
21162,
19690,
30254,
30254,
19658,
14791,
19658,
14791,
0,
0,
0,
0,
0,
0,
0,
0,
0,
0,
0,
0,
0,
0,
0,
0,
0,
0,
0,
12678,
19658,
40754,
21162,
40754,
40722,
21162,
30254,
30254,
19690,
19658,
40754,
12678,
0,
0,
0,
0,
0,
0,
0,
0,
0,
0,
0,
0,
0,
0,
0,
0,
0,
0,
14791,
40722,
40754,
21162,
30222,
21162,
21162,
30222,
30254,
19690,
12678,
17224,
19690,
12678,
0,
0,
0,
0,
0,
0,
0,
0,
0,
0,
0,
0,
0,
0,
0,
0,
0,
0,
12678,
12710,
21162,
21130,
40754,
21162,
30222,
21162,
17224,
14791,
0,
12678,
40754,
12678,
0,
0,
0,
0,
0,
0,
0,
0,
0,
0,
0,
0,
0,
0,
0,
0,
0,
0,
0,
12678,
30222,
21130,
40754,
21130,
30254,
21162,
19658,
12678,
0,
0,
12710,
0,
0,
0,
0,
0,
0,
0,
0,
0,
0,
0,
0,
0,
0,
0,
0,
0,
0,
0,
0,
12678,
21162,
21130,
21162,
30222,
21162,
19658,
19658,
14791,
0,
0,
0,
0,
0,
0,
0,
0,
0,
0,
0,
0,
0,
0,
0,
0,
0,
0,
0,
0,
0,
0,
14791,
30222,
30222,
19658,
21130,
30254,
21130,
21130,
14791,
0,
0,
0,
0,
0,
0,
0,
0,
0,
0,
0,
0,
0,
0,
0,
0,
0,
0,
0,
0,
0,
0,
0,
12678,
21162,
21162,
21162,
30222,
21162,
19658,
19658,
12678,
0,
0,
0,
0,
0,
0,
0,
0,
0,
0,
0,
0,
0,
0,
0,
0,
0,
0,
0,
0,
0,
0,
0,
12710,
30222,
19658,
21130,
30254,
21130,
21162,
12678,
0,
0,
0,
0,
0,
0,
0,
0,
0,
0,
0,
0,
0,
0,
0,
0,
0,
0,
0,
0,
0,
0,
0,
0,
12678,
12710,
12678,
30222,
21162,
19658,
12678,
0,
0,
0,
0,
0,
0,
0,
0,
0,
0,
0,
0,
0,
0,
0,
0,
0,
0,
0,
0,
0,
0,
0,
0,
0,
0,
0,
12678,
30254,
12678,
12678,
0,
0,
0,
0,
0,
0,
0,
0,
0,
0,
0,
0,
0,
0,
0,
0,
0,
0,
0,
0,
0,
0,
0,
0,
0,
0,
0,
0,
12678,
12710,
0,
0,
0,
0,
0,
0,
0,
0,
0,
0,
0,
0,
0,
0,
0,
0,
0,
0,
0,
0,
0,
0,
0,
0,
0,
0,
0,
0,
0,
0,
0,
0,
0,
0,
0,
0,
0,
0,
0,
0,
0,
0,
0,
0,
0,
0,
0,
0,
0,
0,
0,
0,
0,
0,
0,
0,
0,
0,
0,
0,
0,
0,
0,
0,
0,
0,
0,
0,
0,
0,
0,
0,
0,
0,
0,
0,
0,
