1818
0,
0,
0,
0,
0,
0,
0,
0,
0,
0,
0,
0,
0,
0,
0,
0,
0,
0,
0,
0,
0,
0,
0,
0,
0,
0,
0,
0,
0,
0,
0,
0,
0,
0,
0,
0,
0,
0,
0,
0,
0,
0,
0,
0,
0,
0,
0,
0,
0,
0,
0,
0,
0,
0,
0,
0,
0,
0,
0,
0,
0,
0,
0,
0,
0,
0,
0,
0,
0,
0,
0,
0,
0,
0,
0,
0,
0,
0,
0,
0,
0,
0,
0,
0,
0,
0,
0,
0,
0,
0,
0,
0,
0,
0,
0,
0,
0,
0,
0,
0,
0,
0,
0,
0,
0,
0,
0,
0,
0,
0,
0,
0,
0,
0,
0,
0,
0,
0,
0,
0,
0,
0,
0,
0,
0,
0,
0,
0,
0,
0,
0,
0,
0,
0,
0,
0,
0,
0,
0,
0,
0,
0,
0,
0,
0,
0,
0,
0,
0,
0,
0,
0,
0,
0,
0,
0,
0,
0,
0,
0,
0,
0,
0,
0,
0,
0,
0,
0,
0,
0,
0,
0,
0,
0,
0,
0,
0,
0,
0,
10597,
12710,
0,
0,
0,
0,
0,
0,
0,
0,
0,
0,
0,
0,
0,
0,
0,
0,
0,
0,
0,
0,
0,
0,
0,
0,
0,
0,
0,
0,
0,
12710,
65535,
65503,
12711,
0,
0,
0,
0,
0,
0,
0,
0,
0,
0,
0,
0,
0,
0,
0,
0,
0,
0,
0,
0,
0,
0,
0,
0,
0,
0,
0,
12678,
65535,
48265,
12678,
0,
0,
0,
0,
0,
0,
0,
0,
0,
0,
0,
0,
0,
0,
0,
0,
0,
0,
0,
0,
0,
0,
0,
0,
0,
0,
0,
0,
12678,
54570,
54732,
12710,
0,
0,
0,
0,
0,
0,
0,
0,
0,
0,
0,
0,
0,
0,
0,
0,
0,
0,
0,
0,
0,
0,
12678,
12678,
12711,
0,
12678,
12710,
61037,
61037,
12711,
0,
0,
0,
0,
0,
0,
0,
0,
0,
0,
0,
0,
0,
0,
0,
0,
0,
0,
0,
0,
0,
0,
12678,
56974,
65392,
48297,
12645,
64584,
19049,
54700,
37704,
10597,
12678,
0,
0,
12678,
0,
0,
0,
0,
0,
0,
0,
0,
0,
0,
0,
0,
0,
0,
0,
0,
0,
12710,
61167,
59087,
65392,
61167,
61135,
64616,
19049,
35591,
37736,
59087,
61167,
12678,
12678,
46486,
12711,
0,
0,
0,
0,
0,
0,
0,
0,
0,
0,
0,
0,
12678,
12678,
12711,
0,
12710,
65392,
65360,
65392,
65392,
65360,
43688,
65360,
65392,
65392,
43656,
43688,
58184,
21130,
33808,
12711,
0,
0,
0,
0,
0,
0,
0,
0,
0,
0,
0,
12678,
56295,
64584,
39527,
12645,
65360,
59054,
56974,
65392,
59054,
59054,
65392,
59054,
59054,
65392,
59022,
54023,
43656,
51943,
19049,
12711,
0,
0,
0,
0,
0,
0,
0,
0,
0,
0,
0,
0,
12646,
21162,
62536,
50377,
65392,
63247,
61167,
65392,
41608,
61309,
12710,
61167,
61199,
65392,
41576,
41608,
58184,
39527,
12710,
0,
0,
0,
0,
0,
0,
0,
0,
0,
0,
0,
0,
12710,
62536,
64616,
54570,
65360,
65392,
65392,
65360,
54570,
58184,
58184,
54570,
65360,
65392,
65392,
65360,
43656,
43688,
56136,
12711,
0,
0,
0,
0,
0,
0,
0,
0,
0,
0,
0,
12678,
60423,
56295,
64616,
59087,
19049,
65360,
59054,
56974,
37736,
59054,
59054,
65392,
59054,
59054,
65392,
59054,
59087,
65360,
39495,
39527,
12711,
0,
0,
0,
0,
0,
0,
0,
0,
0,
0,
12710,
62536,
60423,
43688,
62536,
60424,
12710,
52458,
61167,
65392,
63247,
61199,
65392,
61167,
52458,
65392,
61167,
63279,
43688,
54023,
56104,
12711,
0,
12711,
0,
0,
0,
0,
0,
0,
0,
0,
12678,
12678,
12678,
64616,
64584,
12711,
0,
12678,
12678,
12710,
54570,
65360,
54570,
54538,
65360,
37736,
65360,
43688,
58184,
58184,
58184,
58184,
12710,
48599,
12711,
0,
0,
0,
0,
0,
0,
0,
0,
0,
12645,
64584,
54023,
12678,
0,
0,
0,
0,
10597,
10597,
12678,
33511,
59054,
54570,
19017,
19049,
58184,
51943,
54023,
56136,
29614,
31695,
12711,
0,
0,
0,
0,
0,
0,
0,
0,
0,
12678,
64584,
12710,
0,
0,
0,
0,
0,
0,
0,
0,
12678,
52457,
65392,
21097,
41608,
21162,
54023,
56104,
12678,
12678,
46518,
12711,
0,
0,
0,
0,
0,
0,
0,
0,
0,
0,
12711,
0,
0,
0,
0,
0,
0,
0,
0,
0,
0,
12710,
65392,
52458,
21130,
43656,
12678,
12711,
0,
0,
12711,
0,
0,
0,
0,
0,
0,
0,
0,
0,
0,
0,
0,
0,
0,
0,
0,
0,
0,
0,
0,
0,
0,
12646,
65392,
56974,
19049,
12711,
0,
0,
0,
0,
0,
0,
0,
0,
0,
0,
0,
0,
0,
0,
0,
0,
0,
0,
0,
0,
0,
0,
0,
0,
0,
0,
0,
12678,
54570,
61167,
63279,
12678,
12678,
0,
0,
0,
0,
0,
0,
0,
0,
0,
0,
0,
0,
0,
0,
0,
0,
0,
0,
0,
0,
0,
0,
0,
0,
0,
0,
0,
12710,
63280,
54570,
65535,
61341,
12711,
0,
0,
0,
0,
0,
0,
0,
0,
0,
0,
0,
0,
0,
0,
0,
0,
0,
0,
0,
0,
0,
0,
0,
0,
0,
0,
12710,
48297,
59196,
48599,
12678,
0,
0,
0,
0,
0,
0,
0,
0,
0,
0,
0,
0,
0,
0,
0,
0,
0,
0,
0,
0,
0,
0,
0,
0,
0,
0,
0,
0,
12678,
12678,
12711,
0,
0,
0,
0,
0,
0,
0,
0,
0,
0,
0,
0,
0,
0,
0,
0,
0,
0,
0,
0,
0,
0,
0,
0,
0,
0,
0,
0,
0,
0,
0,
0,
0,
0,
0,
0,
0,
0,
0,
0,
0,
0,
0,
0,
0,
0,
0,
0,
0,
0,
0,
0,
0,
0,
0,
0,
0,
0,
0,
0,
0,
0,
0,
0,
0,
0,
0,
0,
0,
0,
0,
0,
0,
0,
0,
0,
0,
0,
0,
0,
0,
0,
0,
0,
0,
0,
0,
0,
0,
0,
0,
0,
0,
0,
0,
0,
0,
0,
0,
0,
0,
0,
0,
0,
0,
0,
0,
0,
0,
0,
0,
0,
0,
0,
0,
0,
0,
0,
0,
0,
0,
0,
0,
0,
0,
0,
0,
0,
0,
0,
0,
0,
0,
0,
0,
0,
0,
0,
0,
0,
0,
0,
0,
0,
0,
0,
0,
0,
0,
0,
0,
0,
0,
0,
0,
0,
0,
0,
0,
0,
0,
0,
0,
0,
0,
0,
0,
0,
0,
0,
