1818
0,
0,
0,
0,
0,
0,
0,
0,
0,
0,
0,
0,
0,
0,
0,
0,
0,
0,
0,
0,
0,
0,
0,
0,
0,
0,
0,
0,
0,
0,
0,
0,
0,
0,
0,
0,
0,
0,
0,
0,
0,
0,
0,
0,
0,
0,
0,
0,
0,
0,
0,
0,
0,
0,
0,
0,
0,
0,
0,
0,
0,
0,
0,
0,
0,
0,
0,
0,
0,
12678,
12678,
12710,
12710,
0,
14823,
0,
0,
0,
0,
0,
0,
0,
0,
0,
0,
0,
0,
0,
0,
0,
0,
0,
0,
0,
0,
0,
0,
0,
0,
0,
0,
14791,
30286,
30318,
30286,
14791,
30286,
14823,
0,
0,
0,
0,
0,
0,
0,
0,
0,
0,
0,
0,
0,
0,
0,
0,
0,
0,
0,
0,
0,
0,
0,
0,
0,
0,
12678,
30318,
28109,
28141,
30286,
12711,
0,
0,
0,
12743,
0,
0,
0,
0,
0,
0,
0,
0,
0,
0,
0,
0,
0,
0,
0,
0,
0,
0,
0,
0,
0,
0,
0,
14791,
28077,
28077,
23243,
12710,
0,
0,
12678,
52366,
14791,
0,
0,
0,
0,
0,
0,
0,
0,
0,
0,
0,
0,
0,
0,
0,
0,
0,
0,
0,
0,
0,
14791,
30318,
30286,
23275,
65535,
65535,
12710,
14759,
33480,
56559,
14823,
0,
0,
12710,
14823,
0,
12710,
14823,
0,
0,
0,
0,
0,
0,
0,
0,
0,
0,
0,
0,
0,
12678,
12678,
23243,
21162,
65535,
65535,
65503,
65535,
23243,
52366,
45993,
14823,
0,
14758,
56559,
41865,
12710,
46025,
12711,
0,
0,
0,
0,
0,
0,
0,
0,
0,
0,
0,
0,
14791,
52366,
52366,
23275,
63422,
63454,
65535,
63422,
65503,
23243,
50285,
21162,
57051,
12678,
21162,
23243,
29319,
45993,
45993,
29319,
14791,
0,
0,
0,
0,
0,
0,
0,
0,
0,
0,
0,
0,
12710,
12710,
23243,
65535,
65535,
65535,
40211,
57083,
65535,
23243,
42260,
57083,
65535,
35528,
56559,
23243,
23243,
33480,
46026,
14823,
0,
0,
0,
0,
0,
0,
0,
0,
0,
0,
0,
0,
0,
12710,
57083,
63422,
63454,
42260,
63422,
65503,
40211,
50744,
52857,
40211,
63390,
33447,
56559,
41833,
45993,
12710,
12710,
0,
0,
0,
0,
0,
0,
0,
0,
0,
0,
0,
0,
0,
12710,
63454,
65535,
63422,
63454,
65535,
63422,
38034,
14790,
61285,
52857,
57051,
21130,
45993,
46026,
41833,
45993,
14791,
0,
0,
0,
0,
0,
0,
0,
0,
0,
0,
0,
0,
0,
0,
14791,
65535,
65535,
65535,
65535,
65535,
42259,
65509,
65510,
40211,
57083,
57083,
57083,
23243,
48106,
48106,
48106,
14823,
0,
0,
0,
0,
0,
0,
0,
0,
0,
0,
0,
0,
0,
14791,
65503,
65503,
40211,
63422,
65503,
65535,
35953,
21162,
23243,
50744,
52857,
23243,
29319,
33447,
46026,
41833,
45993,
14791,
0,
0,
0,
0,
0,
0,
0,
0,
0,
0,
0,
0,
0,
12710,
12710,
38034,
65535,
21130,
21162,
33480,
31399,
54938,
57083,
52825,
54938,
57051,
21130,
46025,
46058,
41865,
33447,
23211,
12710,
0,
0,
0,
0,
0,
0,
0,
0,
0,
0,
0,
0,
0,
14791,
65535,
23243,
56559,
56559,
48106,
57083,
57083,
57083,
57083,
57083,
23243,
23243,
23243,
48106,
33480,
48106,
48106,
33480,
14823,
0,
0,
0,
0,
0,
0,
0,
0,
0,
0,
0,
0,
0,
12678,
56591,
29319,
31367,
56559,
31367,
52857,
57083,
50744,
21162,
56559,
41833,
45993,
23243,
41865,
54478,
54479,
41833,
33447,
12710,
12710,
0,
0,
0,
0,
0,
0,
0,
0,
0,
0,
12710,
52366,
33480,
31367,
52366,
23243,
52825,
54938,
57083,
38034,
54478,
46058,
43913,
54479,
33480,
43913,
54479,
54511,
41865,
33480,
23243,
41865,
14791,
0,
0,
0,
0,
0,
0,
0,
0,
0,
12710,
12710,
12710,
23243,
23243,
57083,
57083,
57083,
57083,
40179,
56591,
48106,
56559,
48106,
33480,
48106,
48106,
48106,
48106,
33480,
23243,
46058,
14823,
0,
0,
0,
0,
0,
0,
0,
0,
0,
0,
0,
0,
12678,
50776,
40211,
50744,
52857,
57083,
50744,
21162,
46058,
50285,
31399,
23211,
29319,
45993,
45993,
29287,
33447,
12710,
12710,
0,
0,
0,
0,
0,
0,
0,
0,
0,
0,
0,
0,
0,
12678,
12678,
14791,
52825,
40147,
57083,
52825,
54938,
23243,
21162,
54479,
33480,
21130,
21162,
23211,
29319,
14791,
0,
0,
0,
0,
0,
0,
0,
0,
0,
0,
0,
0,
0,
0,
0,
0,
0,
14791,
57051,
12710,
12710,
14791,
57083,
57083,
57051,
23243,
56559,
23243,
30286,
30286,
23211,
14823,
0,
0,
0,
0,
0,
0,
0,
0,
0,
0,
0,
0,
0,
0,
0,
0,
0,
0,
12710,
0,
0,
0,
12710,
57051,
50744,
54938,
23243,
26028,
19529,
28173,
25996,
14791,
0,
0,
0,
0,
0,
0,
0,
0,
0,
0,
0,
0,
0,
0,
0,
0,
0,
0,
0,
0,
0,
0,
0,
14791,
52825,
40147,
23243,
28077,
30254,
23243,
28077,
30254,
14791,
0,
0,
0,
0,
0,
0,
0,
0,
0,
0,
0,
0,
0,
0,
0,
0,
0,
0,
0,
0,
0,
0,
14791,
57051,
23243,
30318,
21610,
30286,
30286,
12710,
12710,
14823,
0,
0,
0,
0,
0,
0,
0,
0,
0,
0,
0,
0,
0,
0,
0,
0,
0,
0,
0,
0,
0,
12710,
57051,
50744,
21162,
30286,
19433,
28173,
28173,
12710,
0,
0,
0,
0,
0,
0,
0,
0,
0,
0,
0,
0,
0,
0,
0,
0,
0,
0,
0,
0,
0,
0,
0,
14759,
57083,
52857,
23243,
30286,
12710,
30286,
30254,
12711,
0,
0,
0,
0,
0,
0,
0,
0,
0,
0,
0,
0,
0,
0,
0,
0,
0,
0,
0,
0,
0,
0,
0,
12710,
14791,
57051,
57051,
14824,
0,
14791,
30286,
14791,
0,
0,
0,
0,
0,
0,
0,
0,
0,
0,
0,
0,
0,
0,
0,
0,
0,
0,
0,
0,
0,
0,
0,
0,
14791,
50712,
12743,
0,
0,
0,
12743,
0,
0,
0,
0,
0,
0,
0,
0,
0,
0,
0,
0,
0,
0,
0,
0,
0,
0,
0,
0,
0,
0,
0,
0,
0,
12710,
12711,
0,
0,
0,
0,
0,
0,
0,
0,
0,
0,
0,
0,
0,
0,
0,
0,
0,
0,
0,
0,
0,
0,
0,
0,
0,
0,
0,
0,
0,
0,
0,
0,
0,
0,
0,
0,
0,
0,
0,
0,
0,
0,
0,
0,
0,
0,
0,
0,
0,
0,
0,
0,
0,
0,
0,
0,
0,
0,
0,
0,
0,
0,
0,
0,
0,
0,
0,
0,
0,
0,
0,
0,
0,
0,
0,
0,
0,
0,
