1818
0,
0,
0,
0,
0,
0,
0,
0,
0,
0,
0,
0,
0,
0,
0,
0,
0,
0,
0,
0,
0,
0,
0,
0,
0,
0,
0,
0,
0,
0,
0,
0,
0,
0,
0,
0,
0,
0,
0,
0,
0,
0,
0,
0,
0,
0,
0,
0,
0,
0,
0,
0,
0,
0,
0,
0,
0,
0,
0,
0,
0,
0,
0,
0,
0,
0,
0,
0,
0,
0,
0,
0,
0,
0,
0,
0,
0,
0,
0,
0,
0,
0,
0,
0,
0,
0,
0,
0,
0,
0,
0,
0,
0,
0,
0,
0,
0,
0,
0,
0,
0,
0,
0,
0,
0,
0,
0,
0,
0,
0,
0,
0,
0,
14823,
0,
0,
0,
0,
0,
0,
0,
0,
0,
0,
0,
0,
0,
0,
0,
0,
0,
0,
0,
0,
0,
0,
0,
0,
0,
0,
0,
0,
0,
0,
12710,
38734,
12678,
0,
0,
0,
0,
0,
0,
0,
0,
0,
0,
0,
0,
0,
0,
0,
0,
0,
0,
0,
0,
0,
0,
12710,
12678,
14823,
0,
0,
0,
0,
12710,
38734,
34445,
14791,
0,
0,
0,
0,
0,
0,
0,
0,
0,
0,
0,
0,
0,
0,
0,
0,
0,
0,
0,
14759,
14791,
38734,
38734,
38734,
14759,
14823,
0,
0,
14791,
38734,
32271,
14823,
0,
0,
0,
14759,
14823,
0,
0,
0,
0,
0,
0,
0,
0,
0,
0,
0,
0,
0,
12710,
34445,
38734,
34477,
30126,
32303,
30094,
34477,
14823,
0,
12710,
32271,
12711,
0,
0,
0,
14791,
52859,
63422,
14791,
0,
0,
0,
0,
0,
0,
0,
0,
0,
0,
0,
14791,
30158,
34477,
32303,
30158,
34509,
38734,
34477,
30158,
36686,
12710,
30158,
14823,
0,
0,
12710,
12710,
65535,
65535,
19595,
14791,
0,
0,
0,
0,
0,
0,
0,
0,
0,
0,
0,
14791,
38734,
34351,
38734,
38734,
38734,
32303,
32303,
32303,
23243,
23275,
32303,
23243,
14759,
14823,
65535,
65535,
21772,
21772,
14823,
0,
0,
0,
0,
0,
0,
0,
0,
0,
0,
0,
12710,
36686,
30126,
34445,
38734,
34477,
30094,
38734,
34445,
19627,
52859,
21130,
21162,
64207,
37388,
48633,
52827,
19595,
19659,
23243,
12711,
0,
0,
0,
0,
0,
0,
0,
0,
0,
0,
0,
12710,
38734,
30158,
34477,
38734,
30158,
34509,
38734,
19627,
21162,
65535,
31727,
39469,
64207,
57998,
39501,
65535,
65503,
65535,
65535,
46553,
14791,
0,
0,
0,
0,
0,
0,
0,
0,
0,
0,
14791,
34383,
38734,
36686,
34383,
38734,
38734,
21772,
41549,
64240,
65535,
52859,
57183,
32303,
32303,
52859,
54940,
65535,
65535,
65535,
65535,
52859,
14823,
0,
0,
0,
0,
0,
0,
0,
0,
0,
12710,
32303,
34477,
34445,
32303,
34477,
34445,
21805,
63454,
65503,
52859,
21162,
19627,
21772,
30094,
65535,
65535,
46553,
50746,
65535,
63422,
65535,
14791,
0,
0,
0,
0,
0,
0,
0,
0,
0,
12710,
21804,
36622,
36589,
38734,
36590,
21740,
65535,
50714,
50746,
21804,
36557,
23211,
38734,
19627,
21772,
65535,
65535,
65535,
35921,
65535,
65535,
65535,
12743,
0,
0,
0,
0,
0,
0,
0,
0,
0,
14791,
38734,
36686,
38734,
38734,
21804,
65535,
21772,
65535,
21804,
36654,
14759,
14791,
36686,
32303,
23275,
65535,
65535,
65535,
35921,
65535,
65535,
14823,
0,
0,
0,
0,
0,
0,
0,
0,
0,
14791,
30126,
34445,
38734,
34445,
19595,
21772,
34445,
19627,
38734,
28013,
12743,
0,
12678,
34477,
32271,
21162,
65535,
65535,
31695,
65535,
14791,
0,
0,
0,
0,
0,
0,
0,
0,
0,
0,
0,
14791,
30158,
38734,
36622,
36590,
38734,
36589,
36590,
32303,
14791,
0,
0,
12678,
36622,
38734,
23211,
65535,
65535,
65535,
33840,
14823,
0,
0,
0,
0,
0,
0,
0,
0,
0,
0,
0,
0,
12710,
14791,
38734,
38734,
38734,
36686,
14759,
14823,
0,
0,
0,
0,
14791,
38734,
36654,
23275,
65535,
65535,
65535,
65535,
14823,
0,
0,
0,
0,
0,
0,
0,
0,
0,
0,
0,
0,
0,
12678,
12678,
14759,
12678,
0,
0,
0,
0,
0,
0,
12710,
36654,
34413,
23243,
65535,
63422,
65535,
50714,
12711,
0,
0,
0,
0,
0,
0,
0,
0,
0,
0,
0,
0,
0,
0,
0,
0,
0,
0,
0,
0,
0,
0,
0,
14790,
38734,
21162,
35921,
65535,
65535,
21740,
14823,
0,
0,
0,
0,
0,
0,
0,
0,
0,
0,
0,
0,
0,
0,
0,
0,
0,
0,
0,
0,
0,
0,
0,
0,
12710,
14823,
65535,
54939,
65535,
19692,
14823,
0,
0,
0,
0,
0,
0,
0,
0,
0,
0,
0,
0,
0,
0,
0,
0,
0,
0,
0,
0,
0,
0,
0,
0,
0,
0,
14791,
63422,
50746,
65535,
19563,
14791,
0,
0,
0,
0,
0,
0,
0,
0,
0,
0,
0,
0,
0,
0,
0,
0,
0,
0,
0,
0,
0,
0,
0,
0,
0,
0,
14823,
65535,
65535,
54940,
65535,
14823,
0,
0,
0,
0,
0,
0,
0,
0,
0,
0,
0,
0,
0,
0,
0,
0,
0,
0,
0,
0,
0,
0,
0,
0,
0,
0,
14823,
65535,
65535,
52859,
14791,
0,
0,
0,
0,
0,
0,
0,
0,
0,
0,
0,
0,
0,
0,
0,
0,
0,
0,
0,
0,
0,
0,
0,
0,
0,
0,
0,
14791,
63422,
65535,
14823,
0,
0,
0,
0,
0,
0,
0,
0,
0,
0,
0,
0,
0,
0,
0,
0,
0,
0,
0,
0,
0,
0,
0,
0,
0,
0,
0,
0,
0,
14791,
65535,
14823,
0,
0,
0,
0,
0,
0,
0,
0,
0,
0,
0,
0,
0,
0,
0,
0,
0,
0,
0,
0,
0,
0,
0,
0,
0,
0,
0,
0,
0,
14791,
65535,
14823,
0,
0,
0,
0,
0,
0,
0,
0,
0,
0,
0,
0,
0,
0,
0,
0,
0,
0,
0,
0,
0,
0,
0,
0,
0,
0,
0,
0,
0,
0,
14791,
0,
0,
0,
0,
0,
0,
0,
0,
0,
0,
0,
0,
0,
0,
0,
0,
0,
0,
0,
0,
0,
0,
0,
0,
0,
0,
0,
0,
0,
0,
0,
0,
0,
0,
0,
0,
0,
0,
0,
0,
0,
0,
0,
0,
0,
0,
0,
0,
0,
0,
0,
0,
0,
0,
0,
0,
0,
0,
0,
0,
0,
0,
0,
0,
0,
0,
0,
0,
0,
0,
0,
0,
0,
0,
0,
0,
0,
0,
0,
0,
0,
0,
0,
0,
0,
0,
0,
0,
0,
0,
0,
0,
0,
0,
0,
0,
0,
0,
0,
0,
0,
0,
0,
0,
0,
