1818
0,
0,
0,
0,
0,
0,
0,
0,
0,
0,
0,
0,
0,
0,
0,
0,
0,
0,
0,
0,
0,
0,
0,
0,
0,
0,
0,
0,
0,
0,
0,
0,
0,
0,
0,
0,
0,
0,
0,
0,
0,
0,
0,
0,
0,
0,
0,
0,
0,
0,
0,
0,
0,
0,
0,
0,
0,
0,
0,
0,
0,
0,
0,
0,
0,
0,
0,
0,
0,
0,
0,
0,
0,
0,
0,
0,
0,
0,
0,
0,
0,
0,
0,
0,
0,
0,
0,
0,
0,
0,
0,
0,
0,
0,
0,
0,
0,
0,
0,
0,
0,
0,
0,
0,
0,
0,
0,
0,
0,
0,
0,
0,
0,
0,
0,
0,
0,
0,
0,
0,
0,
0,
0,
0,
0,
0,
0,
0,
0,
0,
0,
0,
0,
0,
0,
0,
0,
0,
0,
0,
0,
0,
0,
0,
0,
0,
0,
0,
0,
0,
0,
0,
0,
0,
0,
0,
0,
0,
0,
0,
0,
0,
0,
0,
0,
0,
0,
0,
0,
0,
0,
0,
0,
0,
14791,
14791,
14824,
0,
0,
0,
0,
0,
0,
0,
0,
0,
0,
0,
0,
0,
0,
0,
0,
0,
0,
0,
0,
0,
0,
0,
0,
0,
0,
0,
0,
14791,
40190,
31739,
33820,
14791,
0,
0,
0,
0,
0,
0,
0,
0,
0,
0,
0,
0,
0,
0,
0,
0,
0,
0,
0,
0,
12678,
14791,
12743,
0,
0,
0,
0,
14791,
38076,
38109,
23275,
12743,
0,
0,
0,
0,
0,
0,
0,
0,
0,
0,
0,
0,
0,
0,
0,
0,
0,
0,
0,
14791,
50687,
52767,
50687,
14823,
0,
0,
14791,
14791,
23275,
23275,
33820,
14823,
0,
14791,
14823,
0,
14791,
14823,
0,
0,
0,
0,
0,
0,
0,
0,
0,
0,
0,
0,
14823,
54975,
54065,
25324,
62486,
50655,
14791,
14791,
50655,
65484,
65356,
23243,
23275,
23211,
14790,
58826,
63243,
14791,
33852,
57083,
14823,
0,
0,
0,
0,
0,
0,
0,
0,
0,
0,
0,
14791,
48510,
52016,
64599,
54065,
46462,
25356,
63454,
12710,
58826,
63243,
65535,
65535,
52016,
54097,
65535,
52521,
65356,
23275,
29593,
14791,
0,
0,
0,
0,
0,
0,
0,
0,
0,
0,
0,
14791,
42303,
50687,
52767,
52767,
42303,
44383,
52767,
65535,
33852,
65452,
65452,
58258,
58226,
58226,
58258,
58258,
65452,
25356,
63390,
14824,
0,
0,
0,
0,
0,
0,
0,
0,
0,
0,
0,
0,
12710,
40157,
42335,
31706,
31706,
52799,
54975,
31706,
52767,
54601,
65388,
58258,
54065,
56145,
25323,
60437,
65420,
23275,
29625,
14823,
0,
0,
0,
0,
0,
0,
0,
0,
0,
0,
0,
0,
0,
12678,
14791,
12710,
38109,
59199,
52863,
29626,
52767,
52553,
63275,
58226,
52016,
23211,
62550,
58356,
56714,
65420,
12743,
0,
0,
0,
0,
0,
0,
0,
0,
0,
0,
0,
0,
0,
0,
0,
0,
0,
14823,
59231,
52767,
52767,
33820,
52767,
65453,
58258,
23275,
25324,
64599,
64599,
58258,
65452,
14824,
0,
0,
0,
0,
0,
0,
0,
0,
0,
0,
0,
0,
0,
0,
0,
0,
0,
12710,
52767,
48543,
48575,
65535,
48574,
65388,
58794,
21162,
23243,
58258,
60405,
58226,
65452,
63211,
14823,
0,
0,
0,
0,
0,
0,
0,
0,
0,
0,
0,
0,
0,
0,
0,
0,
12710,
42335,
48542,
65503,
14791,
29625,
65323,
65452,
65503,
59196,
23275,
52016,
65535,
58794,
63211,
14791,
0,
0,
0,
0,
0,
0,
0,
0,
0,
0,
0,
0,
0,
0,
0,
0,
0,
14791,
52767,
65535,
65535,
33852,
65484,
65484,
58794,
23275,
25323,
58226,
58258,
58826,
65452,
14824,
0,
0,
0,
0,
0,
0,
0,
0,
0,
0,
0,
0,
0,
0,
0,
12710,
12710,
14791,
40157,
48575,
65535,
48542,
23275,
65452,
63243,
65388,
65452,
63243,
65420,
65452,
21162,
31739,
14823,
0,
0,
0,
0,
0,
0,
0,
0,
0,
0,
0,
0,
0,
14791,
48542,
48542,
52767,
29625,
48542,
52767,
46462,
48543,
23275,
21162,
21162,
23275,
21162,
23243,
23275,
29625,
50655,
31739,
12743,
0,
0,
0,
0,
0,
0,
0,
0,
0,
0,
0,
14791,
59231,
58258,
23275,
64599,
52767,
33820,
52767,
52767,
42335,
42335,
42303,
33820,
33820,
33820,
33820,
42335,
42335,
52799,
65535,
14824,
0,
0,
0,
0,
0,
0,
0,
0,
0,
0,
0,
12711,
52767,
54065,
60405,
58258,
46462,
12710,
14791,
29626,
40190,
42303,
21162,
23243,
42302,
21162,
31739,
42303,
38076,
50655,
31739,
12743,
0,
0,
0,
0,
0,
0,
0,
0,
0,
0,
0,
12710,
42303,
48542,
48542,
52767,
29625,
12743,
0,
12678,
12710,
25324,
46462,
40157,
42302,
21162,
12710,
14791,
12710,
42270,
65535,
12743,
0,
0,
0,
0,
0,
0,
0,
0,
0,
0,
0,
0,
14791,
42303,
42303,
42303,
14824,
0,
0,
0,
0,
14791,
52767,
52767,
42303,
14824,
0,
0,
0,
14791,
14824,
0,
0,
0,
0,
0,
0,
0,
0,
0,
0,
0,
0,
0,
0,
12710,
12710,
14824,
0,
0,
0,
0,
0,
14791,
46462,
40190,
31740,
12743,
0,
0,
0,
0,
0,
0,
0,
0,
0,
0,
0,
0,
0,
0,
0,
0,
0,
0,
0,
0,
0,
0,
0,
0,
0,
0,
0,
0,
12678,
12710,
14823,
0,
0,
0,
0,
0,
0,
0,
0,
0,
0,
0,
0,
0,
0,
0,
0,
0,
0,
0,
0,
0,
0,
0,
0,
0,
0,
0,
0,
0,
0,
0,
0,
0,
0,
0,
0,
0,
0,
0,
0,
0,
0,
0,
0,
0,
0,
0,
0,
0,
0,
0,
0,
0,
0,
0,
0,
0,
0,
0,
0,
0,
0,
0,
0,
0,
0,
0,
0,
0,
0,
0,
0,
0,
0,
0,
0,
0,
0,
0,
0,
0,
0,
0,
0,
0,
0,
0,
0,
0,
0,
0,
0,
0,
0,
0,
0,
0,
0,
0,
0,
0,
0,
0,
0,
0,
0,
0,
0,
0,
0,
0,
0,
0,
0,
0,
0,
0,
0,
0,
0,
0,
0,
0,
0,
0,
0,
0,
0,
0,
0,
0,
0,
0,
0,
0,
0,
0,
0,
0,
0,
0,
0,
0,
0,
0,
0,
0,
0,
0,
0,
0,
0,
0,
0,
0,
0,
0,
0,
0,
0,
0,
0,
0,
0,
0,
0,
0,
0,
0,
0,
0,
0,
0,
0,
0,
0,
0,
0,
0,
0,
0,
0,
0,
0,
0,
0,
0,
0,
0,
0,
0,
0,
0,
0,
0,
0,
0,
0,
0,
0,
0,
0,
0,
0,
