1818
0,
0,
0,
0,
0,
0,
0,
0,
0,
0,
0,
0,
0,
0,
0,
0,
0,
0,
0,
0,
0,
0,
0,
0,
0,
0,
0,
0,
0,
0,
0,
0,
0,
0,
0,
0,
0,
0,
0,
0,
0,
0,
0,
0,
12678,
0,
0,
0,
0,
0,
0,
0,
0,
0,
0,
0,
0,
0,
0,
0,
0,
0,
0,
0,
0,
0,
0,
0,
0,
0,
0,
0,
0,
0,
0,
12710,
63422,
12678,
0,
0,
0,
0,
0,
0,
0,
0,
0,
0,
0,
0,
0,
0,
0,
0,
0,
0,
0,
0,
0,
0,
12710,
12710,
0,
0,
0,
0,
0,
12710,
65535,
12710,
0,
0,
0,
0,
0,
0,
0,
0,
0,
0,
0,
0,
0,
0,
0,
0,
0,
0,
0,
0,
0,
0,
12678,
65535,
12678,
0,
0,
0,
12678,
65535,
63422,
12678,
0,
0,
12678,
12710,
0,
0,
0,
0,
0,
0,
0,
0,
0,
0,
0,
0,
0,
0,
0,
0,
0,
0,
12678,
52922,
65503,
12678,
0,
0,
12678,
65535,
48664,
12678,
0,
12678,
65535,
12710,
12678,
0,
0,
0,
0,
0,
0,
0,
0,
0,
0,
0,
0,
0,
0,
0,
0,
0,
0,
12710,
52922,
52922,
12710,
12710,
65535,
65535,
52922,
12710,
12710,
33840,
33840,
52922,
12710,
0,
0,
0,
0,
0,
0,
0,
0,
0,
0,
0,
0,
0,
0,
0,
0,
0,
12678,
12710,
31695,
46583,
23243,
65503,
63454,
65535,
29614,
21130,
23243,
29614,
31695,
23243,
12678,
0,
0,
0,
0,
12710,
12678,
0,
0,
0,
0,
0,
0,
0,
0,
0,
0,
0,
12678,
65535,
21130,
31695,
65535,
65503,
65503,
52922,
21130,
21130,
52922,
21130,
31727,
12710,
0,
0,
0,
12678,
12710,
52890,
12678,
12710,
0,
0,
0,
0,
0,
0,
0,
0,
0,
0,
12710,
65535,
65535,
23243,
65535,
65535,
65535,
33840,
52922,
52922,
33840,
52922,
23243,
12710,
0,
0,
12710,
65535,
33840,
23243,
52890,
12710,
0,
0,
0,
0,
0,
0,
0,
0,
0,
0,
0,
12710,
63422,
63390,
23243,
46615,
63422,
33840,
28093,
46583,
33840,
29614,
48664,
23243,
12678,
12678,
33808,
63390,
48729,
33808,
19049,
12678,
0,
0,
0,
0,
0,
0,
0,
0,
0,
0,
0,
12710,
65503,
63454,
65535,
21130,
31695,
9501,
12678,
48664,
52922,
31695,
48729,
23243,
21130,
21162,
23243,
31695,
65535,
33840,
21130,
12710,
0,
0,
0,
0,
0,
0,
0,
0,
0,
0,
0,
12710,
33840,
65535,
65535,
23243,
33840,
30303,
30303,
52890,
33840,
52890,
23243,
33840,
23243,
33840,
33840,
23243,
23243,
12710,
12710,
0,
0,
0,
0,
0,
0,
0,
0,
0,
0,
0,
12678,
52890,
63422,
29614,
23243,
46615,
29614,
52922,
46583,
29614,
52890,
46583,
21130,
33840,
21130,
31695,
33808,
29614,
21162,
12710,
0,
0,
0,
0,
0,
0,
0,
0,
0,
0,
0,
0,
12678,
65535,
65535,
65535,
65535,
50777,
48729,
33840,
31727,
48729,
52922,
21162,
33808,
23243,
21130,
21162,
23243,
21130,
21162,
33840,
12678,
0,
0,
0,
0,
0,
0,
0,
0,
0,
0,
0,
12710,
65535,
65535,
23243,
23243,
65535,
52890,
33840,
52890,
52890,
23243,
23243,
33840,
23243,
33808,
33840,
33840,
33808,
23243,
33840,
12710,
0,
0,
0,
0,
0,
0,
0,
0,
0,
0,
0,
12678,
65535,
63422,
21130,
23243,
63422,
46583,
33840,
21130,
21130,
23243,
21130,
21130,
23243,
21130,
21130,
33808,
21130,
31727,
21162,
19049,
12678,
0,
0,
0,
0,
0,
0,
0,
0,
0,
0,
0,
12710,
65535,
65535,
65535,
50777,
48729,
23243,
21162,
21162,
33840,
31727,
21162,
52922,
21130,
65535,
23243,
21130,
33808,
23243,
21130,
12710,
0,
0,
0,
0,
0,
0,
0,
0,
0,
0,
0,
12710,
52890,
65535,
65535,
52890,
23243,
23243,
23243,
33840,
33840,
23243,
65535,
33840,
33808,
23243,
23243,
33808,
23243,
52922,
50841,
23243,
12710,
12710,
0,
0,
0,
0,
0,
0,
0,
0,
0,
0,
12678,
46583,
52922,
21130,
63422,
23243,
29614,
29614,
33840,
21130,
63454,
33840,
29614,
63454,
21162,
19049,
48728,
65535,
19049,
21162,
65535,
12678,
0,
0,
0,
0,
0,
0,
0,
0,
0,
0,
0,
12678,
23243,
65535,
65535,
23243,
21162,
31727,
33840,
21162,
65535,
52922,
31695,
33808,
65535,
21130,
65535,
65535,
21130,
33808,
23243,
12678,
0,
0,
0,
0,
0,
0,
0,
0,
0,
0,
0,
12710,
65535,
65535,
42357,
42390,
21162,
21162,
33840,
33808,
12710,
65535,
50809,
23243,
23243,
31727,
65535,
65535,
21162,
23243,
65535,
12710,
0,
0,
0,
0,
0,
0,
0,
0,
0,
0,
0,
0,
12710,
63422,
29614,
52922,
46583,
12678,
12710,
12678,
0,
12710,
12678,
21130,
33808,
29614,
21162,
50809,
29614,
65535,
12710,
12678,
0,
0,
0,
0,
0,
0,
0,
0,
0,
0,
0,
0,
12710,
65535,
12710,
12710,
48728,
12710,
0,
0,
0,
0,
12678,
33808,
23243,
21130,
33808,
23243,
21130,
12710,
12710,
0,
0,
0,
0,
0,
0,
0,
0,
0,
0,
0,
0,
0,
0,
12710,
12710,
0,
12710,
12710,
0,
0,
0,
12710,
21162,
23243,
33840,
31727,
33840,
33840,
21162,
12710,
0,
0,
0,
0,
0,
0,
0,
0,
0,
0,
0,
0,
0,
0,
0,
0,
0,
0,
0,
0,
0,
12678,
12678,
33840,
29614,
21130,
21162,
29614,
31727,
21162,
19049,
12678,
0,
0,
0,
0,
0,
0,
0,
0,
0,
0,
0,
0,
0,
0,
0,
0,
0,
0,
0,
0,
12710,
33808,
23243,
33840,
21162,
33808,
33840,
21162,
23243,
23243,
12710,
0,
0,
0,
0,
0,
0,
0,
0,
0,
0,
0,
0,
0,
0,
0,
0,
0,
0,
0,
0,
12710,
23243,
33808,
12710,
12710,
21162,
33808,
33840,
31727,
33840,
23243,
12710,
0,
0,
0,
0,
0,
0,
0,
0,
0,
0,
0,
0,
0,
0,
0,
0,
0,
0,
0,
0,
12678,
33840,
12678,
0,
0,
12678,
21130,
33808,
29614,
21162,
12710,
0,
0,
0,
0,
0,
0,
0,
0,
0,
0,
0,
0,
0,
0,
0,
0,
0,
0,
0,
0,
0,
12710,
12710,
0,
0,
0,
0,
12710,
12710,
12710,
12710,
0,
0,
0,
0,
0,
0,
0,
0,
0,
0,
0,
0,
0,
0,
0,
0,
0,
0,
0,
0,
0,
0,
0,
0,
0,
0,
0,
0,
0,
0,
0,
0,
0,
0,
0,
0,
0,
0,
0,
0,
0,
0,
0,
0,
0,
0,
0,
0,
0,
0,
0,
0,
0,
0,
0,
0,
0,
0,
0,
0,
0,
0,
0,
0,
0,
0,
0,
0,
0,
0,
0,
0,
0,
