1818
0,
0,
0,
0,
0,
0,
0,
0,
0,
0,
0,
0,
0,
0,
0,
0,
0,
0,
0,
0,
0,
0,
0,
0,
0,
0,
0,
0,
0,
0,
0,
0,
0,
0,
0,
0,
0,
0,
0,
0,
0,
0,
0,
0,
0,
0,
0,
12678,
14791,
12678,
12678,
14823,
0,
0,
0,
0,
0,
0,
0,
0,
0,
0,
0,
0,
0,
0,
0,
0,
0,
0,
0,
0,
0,
0,
0,
0,
0,
14791,
14791,
23935,
23935,
23935,
48895,
65535,
14791,
14823,
0,
0,
0,
0,
0,
0,
0,
0,
0,
0,
0,
0,
0,
0,
0,
0,
0,
0,
0,
0,
0,
0,
12711,
23935,
21758,
21791,
23935,
21726,
65535,
52857,
48631,
65535,
14823,
0,
0,
0,
0,
0,
0,
0,
0,
0,
0,
0,
0,
0,
0,
0,
0,
0,
0,
0,
0,
12711,
21791,
23935,
21759,
21823,
23935,
21758,
65535,
65535,
65503,
65535,
65535,
12711,
0,
0,
0,
0,
0,
0,
0,
0,
0,
0,
0,
0,
0,
0,
0,
0,
0,
0,
14791,
23935,
23935,
23935,
23935,
23935,
23935,
25983,
65535,
54938,
52889,
54970,
65535,
52857,
14823,
0,
0,
0,
0,
0,
0,
0,
0,
0,
0,
0,
0,
0,
0,
0,
0,
0,
14791,
21758,
21758,
23935,
21758,
21791,
23935,
21758,
44671,
65535,
65503,
65535,
52857,
33806,
14791,
0,
0,
0,
0,
0,
0,
0,
0,
0,
0,
0,
0,
0,
0,
0,
0,
12711,
23935,
21759,
21791,
23935,
21759,
21823,
23935,
21758,
23871,
65535,
65503,
65535,
65535,
65503,
35951,
14823,
0,
0,
0,
0,
0,
0,
0,
0,
0,
0,
0,
0,
0,
0,
0,
14791,
23935,
23935,
23935,
23935,
23935,
23935,
23935,
23935,
25983,
65535,
52889,
54938,
54970,
65535,
52857,
14823,
0,
0,
0,
0,
0,
0,
0,
0,
0,
0,
0,
0,
0,
0,
0,
12711,
23935,
42527,
21758,
23935,
21726,
21759,
23935,
21726,
21791,
46815,
65503,
65535,
65535,
48599,
50744,
14791,
0,
0,
0,
0,
0,
0,
0,
0,
0,
0,
0,
0,
0,
0,
0,
12711,
48895,
65535,
21791,
23935,
21759,
21823,
23935,
21758,
21823,
23935,
65503,
65535,
65535,
65503,
38031,
52825,
12711,
0,
0,
0,
0,
0,
0,
0,
0,
0,
0,
0,
0,
0,
14791,
23935,
65535,
65535,
23935,
23935,
23903,
23935,
23935,
23903,
23935,
25983,
65535,
52889,
54970,
65535,
52889,
38031,
14823,
0,
0,
0,
0,
0,
0,
0,
0,
0,
0,
0,
0,
0,
12678,
21758,
65535,
42527,
21758,
23935,
21726,
21759,
23935,
21726,
21759,
23903,
42527,
65535,
65535,
33806,
50744,
50744,
12711,
0,
0,
0,
0,
0,
0,
0,
0,
0,
0,
0,
0,
0,
14791,
23871,
65535,
21791,
23871,
23935,
21791,
23871,
23935,
21759,
14791,
23935,
23839,
65535,
65535,
50711,
38032,
52857,
14791,
0,
0,
0,
0,
0,
0,
0,
0,
0,
0,
0,
0,
0,
14791,
23935,
23935,
23903,
23935,
23935,
23903,
23935,
23935,
23903,
23935,
23935,
23935,
46815,
54938,
52857,
38032,
52857,
14823,
0,
0,
0,
0,
0,
0,
0,
0,
0,
0,
0,
0,
0,
12711,
42559,
23935,
21726,
21758,
23935,
21726,
21759,
23935,
21726,
21759,
23903,
21726,
23871,
52857,
48599,
50744,
14791,
0,
0,
0,
0,
0,
0,
0,
0,
0,
0,
0,
0,
0,
0,
12710,
44703,
65535,
21791,
23871,
23935,
21791,
23871,
23935,
21791,
23871,
23935,
21791,
19547,
52889,
50712,
52825,
14823,
0,
0,
0,
0,
0,
0,
0,
0,
0,
0,
0,
0,
0,
0,
14791,
23935,
65535,
23903,
23935,
23935,
23903,
23935,
23935,
23903,
23935,
23935,
19515,
19548,
54938,
52857,
52857,
14823,
0,
0,
0,
0,
0,
0,
0,
0,
0,
0,
0,
0,
0,
0,
12678,
21726,
23935,
21726,
21726,
23935,
21726,
21758,
23935,
21726,
21758,
19515,
17369,
50744,
52857,
46518,
14791,
0,
0,
0,
0,
0,
0,
0,
0,
0,
0,
0,
0,
0,
0,
0,
0,
12711,
23935,
21791,
23871,
23935,
21791,
23871,
23935,
21791,
23871,
19548,
19482,
52857,
52889,
48631,
14823,
0,
0,
0,
0,
0,
0,
0,
0,
0,
0,
0,
0,
0,
0,
0,
0,
14791,
65535,
23903,
23903,
23935,
23903,
23903,
23935,
23871,
23903,
23275,
52825,
52889,
52857,
14791,
0,
0,
0,
0,
0,
0,
0,
0,
0,
0,
0,
0,
0,
0,
0,
0,
0,
12710,
23935,
21726,
21726,
23935,
21726,
21758,
23935,
21726,
21758,
23903,
21162,
50744,
52825,
12711,
0,
0,
0,
0,
0,
0,
0,
0,
0,
0,
0,
0,
14791,
14791,
0,
0,
0,
0,
14791,
21791,
23871,
23935,
21791,
23871,
23935,
21791,
23871,
23903,
23211,
52825,
14823,
0,
0,
0,
0,
0,
0,
0,
0,
0,
0,
0,
0,
0,
14791,
23903,
12710,
0,
0,
0,
14791,
23903,
23903,
23935,
23903,
23903,
23935,
23871,
23275,
23935,
23871,
14823,
0,
0,
0,
0,
0,
0,
0,
0,
0,
0,
0,
0,
0,
0,
14791,
21758,
21725,
14791,
12678,
12710,
19548,
17369,
21726,
23935,
21726,
21758,
23275,
21725,
21162,
23903,
21725,
14791,
0,
0,
0,
0,
0,
0,
0,
0,
0,
0,
0,
0,
0,
0,
0,
14791,
23871,
19548,
19515,
19515,
19548,
19515,
19515,
23935,
23871,
23903,
23275,
50744,
23275,
23935,
23871,
14823,
0,
0,
0,
0,
0,
0,
0,
0,
0,
0,
0,
0,
0,
0,
0,
14759,
23871,
23935,
19515,
19515,
14791,
12710,
14791,
19548,
23903,
19548,
23935,
12710,
14759,
14791,
23871,
14823,
0,
0,
0,
0,
0,
0,
0,
0,
0,
0,
0,
0,
0,
0,
0,
12678,
21726,
19548,
17369,
12678,
0,
0,
0,
14791,
12678,
21162,
23903,
12711,
0,
0,
12711,
0,
0,
0,
0,
0,
0,
0,
0,
0,
0,
0,
0,
0,
0,
0,
14791,
23903,
23871,
14791,
14823,
0,
0,
0,
0,
0,
0,
23275,
23935,
14791,
0,
0,
0,
0,
0,
0,
0,
0,
0,
0,
0,
0,
0,
0,
0,
0,
0,
0,
14791,
23871,
14791,
0,
0,
0,
0,
0,
0,
0,
0,
0,
14823,
0,
0,
0,
0,
0,
0,
0,
0,
0,
0,
0,
0,
0,
0,
0,
0,
0,
0,
0,
14759,
12711,
0,
0,
0,
0,
0,
0,
0,
0,
0,
0,
0,
0,
0,
0,
0,
0,
0,
0,
0,
0,
0,
0,
0,
0,
0,
0,
0,
0,
0,
0,
0,
0,
0,
0,
0,
0,
0,
0,
0,
0,
0,
0,
0,
0,
0,
0,
0,
0,
0,
0,
0,
0,
0,
0,
0,
0,
0,
0,
