1818
0,
0,
0,
0,
0,
0,
0,
0,
0,
0,
0,
0,
0,
0,
0,
0,
0,
0,
0,
0,
0,
0,
0,
0,
0,
0,
0,
0,
0,
0,
0,
0,
0,
0,
0,
0,
0,
0,
0,
0,
0,
0,
0,
0,
0,
0,
0,
0,
0,
0,
0,
0,
0,
0,
0,
0,
0,
0,
0,
0,
0,
0,
0,
0,
0,
0,
0,
0,
0,
0,
0,
0,
0,
0,
0,
0,
14791,
14823,
0,
0,
0,
0,
0,
0,
0,
0,
0,
0,
0,
0,
0,
0,
0,
0,
0,
0,
0,
0,
0,
0,
0,
0,
0,
0,
0,
0,
0,
14791,
47659,
45611,
14823,
0,
0,
0,
0,
0,
0,
0,
0,
0,
0,
0,
0,
0,
0,
0,
0,
0,
0,
0,
0,
0,
0,
0,
0,
0,
0,
0,
12678,
23243,
21162,
32103,
49740,
12711,
0,
0,
0,
0,
0,
0,
0,
0,
0,
0,
0,
0,
0,
0,
0,
0,
0,
0,
0,
0,
0,
0,
0,
0,
0,
14791,
64533,
64533,
60077,
23243,
49740,
49740,
14823,
0,
0,
0,
0,
0,
0,
0,
0,
0,
0,
0,
0,
0,
0,
0,
0,
0,
0,
0,
0,
0,
0,
0,
14791,
21770,
21738,
23275,
42665,
40617,
23243,
45611,
14791,
0,
0,
0,
0,
0,
0,
0,
0,
0,
0,
0,
0,
0,
0,
0,
0,
0,
0,
0,
0,
0,
0,
12710,
23915,
21738,
21706,
23883,
21162,
40553,
44810,
21162,
45611,
14823,
0,
12678,
14823,
0,
0,
0,
0,
0,
0,
0,
0,
0,
0,
0,
0,
0,
0,
0,
0,
0,
14791,
19529,
23915,
23915,
23915,
23915,
23275,
44810,
44810,
23243,
51821,
65535,
14791,
19529,
19529,
14823,
0,
0,
0,
0,
0,
0,
0,
0,
0,
0,
0,
0,
0,
0,
0,
0,
12710,
17352,
23243,
21738,
21738,
23915,
21162,
40553,
44810,
21162,
21162,
36328,
21162,
17416,
36328,
32071,
12710,
14823,
0,
0,
0,
0,
0,
0,
0,
0,
0,
0,
0,
0,
0,
14791,
17416,
21130,
23915,
21738,
21706,
23243,
21162,
40553,
23275,
32103,
40553,
44810,
40553,
21162,
23275,
32071,
32135,
19497,
12711,
0,
0,
0,
0,
0,
0,
0,
0,
0,
0,
0,
0,
14791,
19529,
23275,
23915,
23883,
25324,
65535,
14791,
60077,
49740,
23243,
44810,
44810,
23275,
44842,
44810,
23275,
36328,
14791,
14823,
0,
0,
0,
0,
0,
0,
0,
0,
0,
0,
0,
0,
14791,
21194,
21738,
23883,
23210,
53836,
60077,
12678,
12678,
60077,
12710,
40553,
44842,
65503,
23210,
44810,
40521,
14791,
0,
0,
0,
0,
0,
0,
0,
0,
0,
0,
0,
0,
0,
12710,
19529,
23243,
21738,
19529,
12710,
12678,
64831,
64735,
62387,
14823,
0,
12710,
44810,
32135,
42697,
44810,
21162,
14791,
0,
0,
0,
0,
0,
0,
0,
0,
0,
0,
0,
0,
0,
14791,
19529,
23275,
23883,
14823,
0,
0,
14791,
14791,
14823,
0,
14791,
14791,
44842,
44810,
23243,
23243,
44810,
36328,
14823,
0,
14823,
0,
0,
0,
0,
0,
0,
0,
0,
0,
0,
12678,
23275,
21770,
17352,
14823,
0,
0,
0,
0,
0,
14791,
53868,
21162,
44810,
21162,
21770,
23915,
21738,
42665,
34248,
12678,
23851,
14823,
0,
0,
0,
0,
0,
0,
0,
0,
0,
0,
14791,
23851,
12743,
0,
0,
0,
0,
0,
14758,
60077,
32103,
53868,
23243,
21162,
21802,
23915,
21738,
42697,
36328,
32103,
19465,
14823,
0,
0,
0,
0,
0,
0,
0,
0,
0,
0,
14791,
23915,
14823,
0,
0,
0,
0,
14791,
60077,
36360,
36328,
60077,
23243,
23275,
44842,
23915,
44810,
44842,
36328,
14791,
14823,
0,
0,
0,
0,
0,
0,
0,
0,
0,
0,
0,
14791,
17384,
12711,
0,
0,
0,
14791,
60339,
40553,
44810,
32071,
53836,
23243,
32071,
21162,
44810,
40521,
32103,
14823,
0,
0,
0,
0,
0,
0,
0,
0,
0,
0,
0,
0,
0,
0,
14791,
0,
14823,
0,
0,
14791,
62419,
40585,
44842,
40585,
42633,
64533,
21162,
34215,
23243,
21162,
14791,
0,
0,
0,
0,
0,
0,
0,
0,
0,
0,
0,
0,
0,
0,
0,
0,
14791,
60077,
14823,
0,
14791,
64533,
44810,
44842,
44810,
44810,
64533,
23275,
36328,
36328,
14823,
0,
0,
0,
0,
0,
0,
0,
0,
0,
0,
0,
0,
0,
0,
0,
0,
12710,
21130,
60045,
53868,
12711,
0,
12710,
60339,
44810,
40521,
60307,
23243,
17352,
17384,
14823,
0,
0,
0,
0,
0,
0,
0,
0,
0,
0,
0,
0,
0,
0,
0,
0,
14791,
47692,
60339,
23243,
21162,
12743,
0,
14758,
62419,
44842,
40553,
62387,
23275,
17384,
17416,
14823,
0,
0,
0,
0,
0,
0,
0,
0,
0,
0,
0,
0,
0,
0,
0,
14791,
51821,
64533,
44778,
36296,
49740,
23243,
14791,
14791,
64533,
44810,
64501,
23243,
36360,
19497,
14823,
0,
0,
0,
0,
0,
0,
0,
0,
0,
0,
0,
0,
0,
0,
0,
0,
0,
14791,
47659,
58259,
23243,
21162,
21162,
23915,
40553,
12710,
64533,
53836,
12678,
14791,
12711,
0,
0,
0,
0,
0,
0,
0,
0,
0,
0,
0,
0,
0,
0,
0,
0,
0,
0,
0,
14791,
23211,
64501,
55949,
12710,
14791,
12710,
14759,
64501,
14791,
0,
0,
0,
0,
0,
0,
0,
0,
0,
0,
0,
0,
0,
0,
0,
0,
0,
0,
0,
0,
0,
0,
14791,
64501,
36328,
14823,
0,
0,
0,
0,
14791,
0,
0,
0,
0,
0,
0,
0,
0,
0,
0,
0,
0,
0,
0,
0,
0,
0,
0,
0,
0,
0,
0,
0,
14758,
60307,
57997,
12711,
0,
0,
0,
0,
0,
0,
0,
0,
0,
0,
0,
0,
0,
0,
0,
0,
0,
0,
0,
0,
0,
0,
0,
0,
0,
0,
0,
0,
14759,
12710,
14823,
0,
0,
0,
0,
0,
0,
0,
0,
0,
0,
0,
0,
0,
0,
0,
0,
0,
0,
0,
0,
0,
0,
0,
0,
0,
0,
0,
0,
0,
0,
0,
0,
0,
0,
0,
0,
0,
0,
0,
0,
0,
0,
0,
0,
0,
0,
0,
0,
0,
0,
0,
0,
0,
0,
0,
0,
0,
0,
0,
0,
0,
0,
0,
0,
0,
0,
0,
0,
0,
0,
0,
0,
0,
0,
0,
0,
0,
0,
0,
0,
0,
0,
0,
0,
0,
0,
0,
0,
0,
0,
0,
0,
0,
0,
0,
0,
0,
0,
0,
0,
0,
0,
0,
0,
0,
0,
0,
0,
0,
0,
0,
0,
0,
0,
0,
0,
0,
0,
0,
