1818
0,
0,
0,
0,
0,
0,
0,
0,
0,
0,
0,
0,
0,
0,
0,
0,
0,
0,
0,
0,
0,
0,
0,
0,
0,
0,
0,
0,
0,
0,
0,
0,
0,
0,
0,
0,
0,
0,
0,
0,
0,
0,
0,
0,
0,
0,
0,
0,
0,
0,
0,
0,
0,
0,
0,
0,
0,
0,
0,
0,
0,
0,
0,
0,
0,
0,
0,
0,
0,
0,
0,
0,
0,
0,
0,
0,
0,
0,
0,
0,
0,
0,
0,
0,
0,
0,
0,
0,
0,
0,
0,
0,
0,
0,
0,
0,
0,
0,
0,
0,
0,
0,
0,
0,
0,
0,
0,
0,
0,
0,
0,
0,
0,
0,
0,
0,
0,
0,
0,
0,
0,
0,
0,
0,
0,
0,
0,
0,
0,
0,
0,
0,
0,
0,
0,
0,
0,
0,
0,
0,
0,
0,
0,
0,
0,
0,
0,
0,
0,
0,
0,
0,
0,
0,
0,
0,
0,
0,
0,
0,
0,
0,
0,
0,
0,
0,
0,
0,
0,
0,
0,
0,
0,
0,
0,
0,
0,
0,
0,
0,
0,
0,
0,
0,
0,
0,
0,
0,
0,
0,
0,
0,
0,
0,
0,
0,
0,
0,
0,
0,
0,
0,
12710,
0,
0,
0,
0,
0,
0,
0,
0,
0,
0,
0,
0,
0,
0,
0,
0,
0,
0,
0,
0,
0,
0,
0,
0,
0,
0,
0,
0,
0,
0,
12710,
25867,
14759,
0,
0,
0,
0,
0,
0,
0,
0,
0,
0,
0,
0,
0,
0,
0,
0,
0,
0,
0,
0,
0,
0,
0,
0,
0,
0,
0,
0,
0,
0,
12678,
0,
0,
0,
0,
0,
0,
0,
0,
12710,
12710,
0,
0,
0,
0,
0,
0,
0,
0,
0,
0,
0,
0,
0,
0,
0,
0,
0,
0,
0,
0,
12710,
23754,
14759,
0,
0,
14759,
12678,
0,
0,
12678,
34253,
36333,
12678,
0,
0,
0,
0,
0,
0,
0,
0,
0,
0,
0,
0,
0,
0,
0,
0,
0,
0,
0,
12710,
25867,
25867,
12710,
12710,
25867,
12710,
0,
14759,
34221,
34285,
36333,
12710,
0,
14759,
12710,
14759,
0,
0,
0,
0,
0,
0,
0,
0,
0,
0,
0,
0,
0,
0,
14759,
23690,
23690,
25867,
23690,
23722,
19498,
21130,
12678,
12710,
32076,
32141,
23243,
12678,
12710,
19465,
32076,
23211,
12710,
0,
0,
0,
0,
0,
0,
0,
0,
0,
0,
0,
0,
0,
14759,
23754,
23754,
36333,
23754,
15177,
19530,
32140,
23211,
36333,
32140,
23243,
23243,
32108,
34253,
34253,
32108,
34285,
12710,
0,
0,
0,
0,
0,
0,
0,
0,
0,
12710,
0,
12710,
12710,
25867,
34253,
34253,
17258,
15178,
19498,
17258,
34221,
34253,
23243,
23211,
44819,
44819,
19465,
44819,
23243,
34221,
36333,
14759,
0,
0,
0,
0,
0,
0,
0,
0,
12678,
23690,
14759,
32076,
32076,
36333,
15113,
15113,
19498,
17353,
17385,
17258,
21130,
32108,
23243,
32076,
17385,
42738,
38481,
42674,
42674,
21130,
23211,
12710,
12678,
0,
0,
0,
0,
0,
0,
14759,
19498,
19465,
19530,
17226,
15178,
17258,
19465,
19498,
19530,
19465,
17226,
52642,
21162,
23243,
36333,
34221,
44819,
44819,
42674,
44819,
44819,
42674,
44819,
34285,
21162,
14759,
0,
0,
0,
0,
0,
0,
12710,
25835,
14759,
19498,
19498,
19530,
19466,
19498,
19530,
15178,
23243,
14759,
65351,
23243,
36333,
34221,
44819,
44819,
42706,
44819,
19530,
42706,
44819,
44819,
34221,
14759,
0,
0,
0,
0,
0,
0,
0,
12678,
0,
12678,
12678,
17258,
17353,
17353,
19498,
17353,
15113,
65416,
21130,
32108,
12710,
38481,
42674,
23243,
21130,
21162,
42674,
38481,
19465,
42674,
17353,
12710,
0,
0,
0,
0,
0,
0,
0,
0,
0,
0,
0,
14759,
15177,
19498,
19530,
15177,
23243,
36333,
34221,
12710,
0,
12710,
44819,
44819,
21162,
23243,
23243,
42674,
44819,
44819,
34221,
14759,
0,
0,
0,
0,
0,
0,
0,
0,
0,
0,
0,
0,
12710,
15177,
19530,
17417,
15178,
14759,
12710,
0,
0,
12710,
44786,
44819,
40593,
44786,
34285,
21162,
14759,
12710,
12710,
0,
0,
0,
0,
0,
0,
0,
0,
0,
0,
0,
0,
0,
0,
12678,
19498,
17353,
12678,
0,
0,
0,
0,
0,
12710,
42738,
38481,
42674,
42674,
12678,
0,
0,
0,
0,
0,
0,
0,
0,
0,
0,
0,
0,
0,
0,
0,
0,
0,
0,
14759,
19465,
12710,
0,
0,
0,
0,
0,
0,
14759,
42674,
19498,
44819,
12710,
0,
0,
0,
0,
0,
0,
0,
0,
0,
0,
0,
0,
0,
0,
0,
0,
0,
0,
0,
12710,
0,
0,
0,
0,
0,
0,
0,
0,
12710,
12710,
12710,
0,
0,
0,
0,
0,
0,
0,
0,
0,
0,
0,
0,
0,
0,
0,
0,
0,
0,
0,
14759,
17353,
12678,
0,
0,
0,
0,
0,
0,
0,
0,
0,
0,
0,
0,
0,
0,
0,
0,
0,
0,
0,
0,
0,
0,
0,
0,
0,
0,
0,
0,
0,
0,
12710,
0,
0,
0,
0,
0,
0,
0,
0,
0,
0,
0,
0,
0,
0,
0,
0,
0,
0,
0,
0,
0,
0,
0,
0,
0,
0,
0,
0,
0,
0,
0,
0,
0,
0,
0,
0,
0,
0,
0,
0,
0,
0,
0,
0,
0,
0,
0,
0,
0,
0,
0,
0,
0,
0,
0,
0,
0,
0,
0,
0,
0,
0,
0,
0,
0,
0,
0,
0,
0,
0,
0,
0,
0,
0,
0,
0,
0,
0,
0,
0,
0,
0,
0,
0,
0,
0,
0,
0,
0,
0,
0,
0,
0,
0,
0,
0,
0,
0,
0,
0,
0,
0,
0,
0,
0,
0,
0,
0,
0,
0,
0,
0,
0,
0,
0,
0,
0,
0,
0,
0,
0,
0,
0,
0,
0,
0,
0,
0,
0,
0,
0,
0,
0,
0,
0,
0,
0,
0,
0,
0,
0,
0,
0,
0,
0,
0,
0,
0,
0,
0,
0,
0,
0,
0,
0,
0,
0,
0,
0,
0,
0,
0,
0,
0,
0,
0,
0,
0,
0,
0,
0,
0,
0,
0,
0,
0,
0,
0,
0,
0,
0,
0,
0,
0,
0,
0,
0,
0,
0,
0,
0,
0,
0,
0,
0,
0,
0,
0,
0,
0,
0,
0,
0,
0,
0,
0,
0,
0,
0,
0,
0,
0,
0,
0,
0,
0,
0,
0,
0,
0,
0,
0,
0,
0,
0,
0,
0,
0,
0,
0,
0,
0,
0,
0,
0,
0,
0,
0,
0,
0,
0,
0,
0,
