1818
0,
0,
0,
0,
0,
0,
0,
0,
0,
0,
0,
0,
0,
0,
0,
0,
0,
0,
0,
0,
0,
0,
0,
0,
0,
0,
0,
0,
0,
0,
0,
0,
0,
0,
0,
0,
0,
0,
0,
0,
0,
0,
0,
0,
0,
0,
0,
0,
0,
0,
0,
0,
0,
0,
0,
0,
0,
0,
0,
0,
0,
0,
0,
0,
0,
0,
0,
0,
0,
0,
0,
0,
0,
0,
0,
0,
0,
0,
0,
0,
0,
0,
0,
0,
0,
0,
0,
0,
0,
0,
0,
0,
0,
0,
0,
0,
0,
0,
0,
0,
0,
0,
0,
0,
0,
0,
0,
0,
0,
0,
0,
0,
0,
0,
0,
0,
0,
0,
0,
0,
0,
0,
0,
0,
0,
0,
0,
0,
0,
0,
0,
0,
0,
0,
0,
0,
0,
0,
0,
0,
0,
0,
0,
0,
0,
0,
0,
0,
0,
0,
0,
0,
0,
0,
0,
0,
0,
0,
0,
0,
0,
0,
0,
0,
0,
0,
0,
0,
0,
0,
0,
0,
0,
0,
0,
0,
0,
0,
0,
0,
0,
0,
0,
0,
0,
0,
0,
0,
0,
0,
0,
0,
0,
0,
0,
0,
0,
0,
0,
0,
0,
0,
0,
0,
0,
0,
12678,
14791,
0,
0,
12710,
14823,
0,
14791,
0,
0,
0,
0,
0,
0,
0,
0,
0,
0,
0,
0,
0,
0,
0,
0,
0,
0,
0,
0,
0,
0,
0,
14823,
54938,
54938,
14791,
14823,
65535,
54938,
14823,
36511,
14824,
0,
0,
0,
0,
0,
0,
0,
0,
0,
0,
0,
0,
0,
0,
0,
0,
0,
0,
0,
0,
0,
14791,
54938,
48663,
52825,
65535,
65503,
65535,
65535,
21162,
19381,
14823,
0,
0,
0,
0,
0,
0,
0,
0,
0,
0,
0,
0,
0,
0,
0,
0,
0,
0,
0,
0,
0,
14759,
54938,
48599,
23243,
65535,
65503,
65535,
65535,
21162,
34399,
19380,
12711,
0,
0,
0,
0,
0,
0,
0,
0,
0,
0,
0,
0,
0,
0,
0,
0,
0,
0,
0,
0,
14791,
23275,
25324,
63487,
25356,
65535,
65535,
65535,
42292,
23276,
25917,
25917,
14824,
0,
0,
0,
0,
0,
0,
0,
0,
0,
0,
0,
0,
0,
0,
0,
0,
0,
0,
12711,
34367,
36511,
23738,
59327,
63487,
21162,
52825,
54938,
65503,
65535,
19381,
21130,
14823,
0,
0,
0,
0,
0,
0,
0,
0,
0,
0,
0,
0,
0,
12678,
14791,
12711,
0,
14823,
32255,
34367,
36511,
32255,
25851,
63487,
21162,
52857,
65535,
63454,
65535,
65535,
48631,
52857,
14823,
0,
0,
0,
0,
0,
0,
0,
0,
0,
0,
0,
14791,
19413,
25917,
25917,
14791,
19413,
19414,
36543,
36543,
36511,
27997,
63487,
23275,
25356,
65535,
65535,
65535,
54970,
54938,
54938,
14824,
0,
0,
0,
0,
0,
0,
0,
0,
0,
0,
14791,
17300,
23771,
14791,
17267,
23771,
36511,
21162,
34367,
36543,
63454,
12711,
25885,
21162,
25852,
23275,
38066,
65535,
65535,
48599,
23243,
14823,
0,
0,
0,
0,
0,
0,
0,
0,
0,
0,
14791,
25819,
12710,
0,
12710,
32287,
23276,
32287,
34399,
36511,
32255,
34399,
65535,
23738,
25884,
36543,
65503,
65535,
65535,
21162,
36479,
23243,
12743,
0,
0,
0,
0,
0,
0,
0,
0,
0,
14791,
25917,
23275,
14791,
36511,
36511,
14791,
27965,
36543,
36543,
36511,
36543,
65535,
23276,
27997,
36543,
65535,
65535,
65535,
23275,
19414,
25917,
14824,
0,
0,
0,
0,
0,
0,
0,
0,
0,
14791,
23771,
17267,
23275,
32255,
12710,
0,
12710,
25851,
36511,
32255,
25819,
25324,
63454,
23243,
65535,
65503,
65535,
65535,
21162,
34431,
25884,
23738,
14823,
0,
0,
0,
0,
0,
0,
0,
0,
0,
12711,
23771,
23276,
32287,
12710,
0,
0,
12710,
23275,
21162,
23243,
65535,
65503,
65535,
65535,
65503,
65535,
52857,
48631,
23243,
14759,
12743,
0,
0,
0,
0,
0,
0,
0,
0,
0,
0,
14791,
25917,
14791,
25917,
19413,
14824,
0,
14823,
54970,
54970,
65535,
65535,
65535,
65535,
65535,
65535,
54970,
54970,
54938,
54938,
14824,
0,
0,
0,
0,
0,
0,
0,
0,
0,
0,
14791,
23738,
12711,
0,
12710,
23738,
19413,
12711,
0,
14823,
63454,
65535,
65535,
63454,
65535,
65535,
48599,
40179,
52825,
48599,
14823,
0,
0,
0,
0,
0,
0,
0,
0,
0,
0,
0,
14791,
14791,
0,
0,
0,
12711,
36511,
14791,
0,
14823,
65503,
65535,
65535,
38098,
65535,
65535,
65503,
52857,
42260,
12711,
0,
0,
0,
0,
0,
0,
0,
0,
0,
0,
0,
0,
0,
0,
0,
0,
0,
14823,
36511,
14823,
0,
0,
14823,
65535,
44373,
65535,
65535,
65535,
65535,
54938,
54938,
14823,
0,
0,
0,
0,
0,
0,
0,
0,
0,
0,
0,
0,
0,
0,
0,
0,
12678,
32254,
14824,
0,
0,
0,
0,
12710,
14823,
63454,
65535,
65535,
48599,
52825,
50776,
12711,
0,
0,
0,
0,
0,
0,
0,
0,
0,
0,
0,
0,
0,
0,
0,
0,
12710,
12710,
0,
0,
0,
0,
0,
0,
14791,
50712,
65535,
14791,
48631,
52825,
14823,
0,
0,
0,
0,
0,
0,
0,
0,
0,
0,
0,
0,
0,
0,
0,
0,
0,
0,
0,
0,
0,
0,
0,
0,
0,
0,
14759,
14824,
0,
14759,
14824,
0,
0,
0,
0,
0,
0,
0,
0,
0,
0,
0,
0,
0,
0,
0,
0,
0,
0,
0,
0,
0,
0,
0,
0,
0,
0,
0,
0,
0,
0,
0,
0,
0,
0,
0,
0,
0,
0,
0,
0,
0,
0,
0,
0,
0,
0,
0,
0,
0,
0,
0,
0,
0,
0,
0,
0,
0,
0,
0,
0,
0,
0,
0,
0,
0,
0,
0,
0,
0,
0,
0,
0,
0,
0,
0,
0,
0,
0,
0,
0,
0,
0,
0,
0,
0,
0,
0,
0,
0,
0,
0,
0,
0,
0,
0,
0,
0,
0,
0,
0,
0,
0,
0,
0,
0,
0,
0,
0,
0,
0,
0,
0,
0,
0,
0,
0,
0,
0,
0,
0,
0,
0,
0,
0,
0,
0,
0,
0,
0,
0,
0,
0,
0,
0,
0,
0,
0,
0,
0,
0,
0,
0,
0,
0,
0,
0,
0,
0,
0,
0,
0,
0,
0,
0,
0,
0,
0,
0,
0,
0,
0,
0,
0,
0,
0,
0,
0,
0,
0,
0,
0,
0,
0,
0,
0,
0,
0,
0,
0,
0,
0,
0,
0,
0,
0,
0,
0,
0,
0,
0,
0,
0,
0,
0,
0,
0,
0,
0,
0,
0,
0,
0,
