1818
0,
0,
0,
0,
0,
0,
0,
0,
0,
0,
0,
0,
0,
14791,
12678,
12678,
0,
0,
0,
0,
0,
0,
0,
0,
0,
0,
0,
0,
0,
0,
0,
0,
0,
0,
0,
0,
0,
0,
0,
0,
0,
0,
0,
12710,
12710,
24173,
24044,
12710,
0,
0,
0,
0,
0,
0,
0,
0,
0,
0,
0,
0,
0,
0,
0,
0,
0,
0,
0,
0,
0,
0,
0,
0,
0,
0,
14791,
24172,
24140,
24173,
24172,
23275,
14791,
0,
0,
0,
0,
0,
0,
0,
0,
0,
0,
0,
0,
0,
0,
0,
0,
0,
0,
0,
0,
0,
0,
0,
0,
12678,
24140,
21963,
21931,
24173,
23594,
21162,
48303,
12678,
0,
0,
0,
0,
0,
0,
0,
0,
0,
0,
0,
0,
0,
0,
0,
0,
0,
0,
0,
0,
0,
0,
14791,
24044,
24173,
24076,
24044,
24173,
23243,
46190,
48303,
12710,
0,
0,
0,
0,
0,
0,
0,
0,
0,
0,
0,
0,
0,
0,
0,
0,
0,
0,
0,
0,
0,
0,
14791,
24140,
24173,
24172,
24140,
23275,
14791,
37771,
48303,
14791,
0,
0,
0,
0,
0,
0,
0,
0,
0,
0,
0,
0,
0,
0,
0,
0,
0,
0,
0,
0,
0,
14791,
24044,
21931,
24140,
21963,
21162,
65535,
65503,
33578,
48303,
12678,
12678,
14791,
0,
0,
0,
0,
0,
0,
0,
0,
0,
0,
0,
0,
0,
0,
0,
0,
0,
0,
0,
14791,
24108,
24044,
24173,
23243,
23243,
23275,
23243,
46190,
23275,
65321,
65321,
14791,
0,
0,
0,
0,
0,
0,
0,
0,
0,
0,
0,
0,
0,
0,
0,
0,
0,
0,
0,
14791,
24173,
24140,
23275,
25771,
24140,
24173,
23275,
48303,
23275,
37771,
14791,
0,
0,
0,
0,
0,
0,
0,
0,
0,
0,
0,
0,
0,
0,
0,
0,
0,
0,
0,
0,
14791,
21996,
21931,
23275,
21963,
21931,
27819,
21162,
21162,
58825,
63144,
63176,
14791,
0,
0,
0,
12678,
12710,
0,
0,
0,
0,
0,
0,
0,
0,
0,
0,
0,
0,
0,
0,
14791,
24108,
25707,
23275,
24076,
25707,
14791,
14759,
56713,
58825,
56681,
14759,
0,
0,
0,
14791,
35659,
37739,
14791,
0,
0,
0,
0,
0,
0,
0,
0,
0,
0,
0,
0,
0,
0,
14791,
25739,
27819,
23243,
23243,
14791,
0,
14791,
14791,
14759,
0,
14791,
14759,
14791,
37771,
37739,
37739,
37771,
14759,
0,
0,
0,
0,
0,
0,
0,
0,
0,
0,
0,
0,
0,
12710,
23594,
25771,
23594,
50480,
56786,
12678,
0,
0,
0,
12678,
25771,
23594,
21162,
23275,
21130,
21162,
37739,
12678,
0,
0,
0,
0,
0,
0,
0,
0,
0,
14791,
14791,
12710,
14791,
0,
12710,
27819,
54673,
54641,
56786,
35659,
14759,
14791,
12710,
25707,
27819,
23243,
24108,
24173,
23211,
46222,
14791,
0,
0,
0,
0,
0,
0,
0,
0,
0,
14759,
21449,
21449,
21417,
21449,
14791,
14759,
23275,
56754,
54706,
37771,
56754,
56754,
56786,
46222,
23243,
23275,
24108,
25771,
27819,
24108,
23275,
48303,
14759,
0,
0,
0,
0,
0,
0,
0,
0,
12678,
25739,
19337,
23594,
21449,
19337,
19304,
21449,
21162,
21162,
56786,
52560,
50512,
56786,
42029,
42029,
23275,
21162,
21963,
24172,
21130,
44109,
46222,
12678,
0,
0,
0,
0,
0,
0,
0,
0,
0,
14791,
21449,
25707,
21449,
25771,
21417,
27819,
21417,
21417,
23275,
23243,
56754,
48303,
46222,
46222,
23275,
24108,
23275,
23275,
54673,
56754,
23275,
23243,
14791,
0,
0,
0,
0,
0,
0,
0,
0,
0,
14791,
14759,
14791,
25771,
21417,
27819,
21417,
21417,
21449,
21417,
23243,
48303,
46222,
23243,
24173,
24108,
23275,
56786,
54706,
56754,
56786,
37739,
65417,
14791,
0,
0,
0,
0,
0,
0,
0,
0,
0,
0,
0,
12710,
12678,
14791,
12678,
12678,
14791,
19304,
19304,
23275,
21162,
21931,
24172,
21931,
21963,
23275,
50480,
52561,
56754,
33546,
65321,
14791,
0,
0,
0,
0,
0,
0,
0,
0,
0,
0,
0,
0,
0,
0,
0,
0,
0,
14791,
23243,
23275,
24108,
24108,
24173,
24108,
25771,
23275,
54673,
56754,
56786,
54673,
37771,
14791,
0,
0,
0,
0,
0,
0,
0,
0,
0,
0,
0,
0,
0,
0,
14759,
12710,
14791,
25707,
21417,
27819,
23243,
25707,
27819,
25707,
24108,
24173,
23243,
56754,
14791,
12710,
14791,
0,
0,
0,
0,
0,
0,
0,
0,
0,
0,
0,
0,
0,
12678,
14791,
23594,
23594,
27819,
19304,
19304,
27819,
21162,
21931,
24172,
21931,
21963,
24172,
21130,
12710,
0,
0,
0,
0,
0,
0,
0,
0,
0,
0,
0,
0,
0,
0,
14791,
14791,
24108,
24173,
25739,
21417,
21449,
25739,
14791,
27819,
25739,
23243,
24173,
24108,
23275,
23275,
54673,
14791,
0,
0,
0,
0,
0,
0,
0,
0,
0,
0,
0,
0,
0,
12710,
24173,
25739,
24076,
24173,
21417,
25707,
27819,
14759,
0,
14791,
25707,
23243,
23275,
23243,
56754,
56786,
54641,
65353,
14791,
0,
0,
0,
0,
0,
0,
0,
0,
0,
0,
0,
12710,
23594,
24140,
25674,
23594,
25771,
21963,
23594,
14791,
0,
0,
14791,
19304,
21162,
48303,
50480,
52561,
56786,
50480,
35626,
14791,
0,
0,
0,
0,
0,
0,
0,
0,
0,
0,
14791,
24173,
25739,
24173,
27819,
24140,
24173,
25771,
14791,
0,
0,
0,
14791,
24140,
24140,
23275,
14791,
56786,
56786,
56754,
65417,
14791,
0,
0,
0,
0,
0,
0,
0,
0,
0,
0,
14791,
24108,
25707,
27819,
24108,
24076,
14791,
14759,
0,
0,
0,
0,
14791,
24076,
25707,
14791,
0,
14759,
14791,
12710,
14759,
0,
0,
0,
0,
0,
0,
0,
0,
0,
0,
0,
14759,
23211,
21931,
24140,
12710,
12678,
0,
0,
0,
0,
0,
0,
14791,
21931,
21963,
14791,
0,
0,
0,
0,
0,
0,
0,
0,
0,
0,
0,
0,
0,
0,
0,
0,
0,
14791,
14791,
14791,
0,
0,
0,
0,
0,
0,
0,
0,
0,
14791,
25771,
14791,
0,
0,
0,
0,
0,
0,
0,
0,
0,
0,
0,
0,
0,
0,
0,
0,
0,
0,
0,
0,
0,
0,
0,
0,
0,
0,
0,
0,
0,
12710,
24044,
14791,
0,
0,
0,
0,
0,
0,
0,
0,
0,
0,
0,
0,
0,
0,
0,
0,
0,
0,
0,
0,
0,
0,
0,
0,
0,
0,
0,
0,
0,
0,
12678,
0,
0,
0,
0,
0,
0,
0,
0,
0,
0,
0,
0,
0,
0,
0,
0,
0,
0,
0,
0,
0,
0,
0,
0,
0,
0,
0,
0,
0,
0,
0,
0,
0,
0,
0,
0,
0,
0,
0,
0,
0,
0,
0,
0,
0,
