1818
0,
0,
0,
0,
0,
0,
0,
0,
0,
0,
0,
0,
0,
0,
0,
0,
0,
0,
0,
0,
0,
0,
0,
0,
0,
0,
0,
0,
0,
0,
0,
0,
0,
0,
0,
0,
0,
0,
0,
0,
0,
0,
0,
0,
0,
0,
0,
0,
0,
0,
0,
0,
0,
0,
0,
0,
0,
0,
0,
0,
0,
0,
0,
0,
0,
0,
0,
0,
0,
0,
0,
0,
0,
0,
0,
0,
12710,
14823,
0,
0,
0,
0,
0,
0,
0,
0,
0,
0,
0,
0,
0,
0,
0,
0,
0,
0,
0,
0,
0,
0,
0,
0,
0,
0,
12678,
14823,
0,
12710,
55102,
48763,
12743,
0,
0,
0,
0,
0,
0,
0,
0,
0,
0,
0,
0,
0,
0,
0,
0,
0,
0,
0,
0,
0,
0,
0,
0,
12710,
50844,
55102,
12710,
50876,
55102,
21130,
21162,
14791,
0,
0,
0,
0,
0,
12710,
12710,
0,
0,
0,
0,
0,
0,
0,
0,
0,
0,
0,
0,
0,
0,
0,
14791,
38031,
55102,
55102,
55102,
23243,
23243,
61070,
61102,
61070,
14823,
0,
0,
0,
14791,
21722,
21690,
14823,
0,
0,
0,
0,
0,
0,
0,
0,
0,
0,
0,
0,
0,
12710,
55102,
50844,
21162,
23275,
50844,
23210,
61102,
54797,
21162,
23243,
12678,
14791,
0,
12678,
19609,
19641,
19543,
14791,
0,
0,
0,
0,
0,
0,
0,
0,
0,
0,
0,
0,
0,
12710,
55102,
21130,
28061,
21690,
21162,
50844,
23243,
21130,
53930,
58059,
21130,
28126,
12710,
12678,
19252,
19609,
19511,
14791,
0,
0,
0,
0,
0,
0,
0,
0,
0,
0,
0,
0,
0,
0,
12710,
14791,
30239,
30239,
23275,
55102,
23243,
58059,
58059,
64720,
64688,
23275,
65535,
21722,
65535,
19284,
14823,
0,
0,
0,
0,
0,
0,
0,
0,
0,
0,
0,
0,
0,
0,
0,
0,
12678,
19544,
30239,
21162,
50876,
23243,
21130,
21162,
23243,
21130,
21163,
30239,
63422,
21657,
65535,
17170,
14791,
0,
0,
0,
0,
0,
0,
0,
0,
0,
0,
0,
0,
0,
0,
14791,
63422,
21130,
23275,
48763,
50844,
23243,
54765,
56877,
65459,
63217,
65362,
23243,
63390,
21657,
65535,
17170,
14791,
0,
0,
0,
0,
0,
0,
0,
0,
0,
0,
0,
0,
0,
0,
14791,
65535,
65535,
14759,
23275,
55102,
23243,
61102,
61102,
23243,
23243,
23243,
30271,
65535,
21722,
55102,
19285,
21690,
14823,
0,
0,
0,
0,
0,
0,
0,
0,
0,
0,
0,
0,
0,
12710,
63422,
50376,
65321,
21162,
50876,
55102,
21130,
21162,
30239,
28028,
28126,
30239,
48763,
21657,
52989,
17170,
19609,
14791,
0,
0,
0,
0,
0,
0,
0,
0,
0,
0,
0,
0,
0,
0,
12678,
50408,
65321,
21162,
52957,
55102,
50843,
52956,
23243,
19543,
23243,
55070,
19543,
21689,
52990,
17171,
21689,
14791,
0,
0,
0,
0,
0,
0,
0,
0,
0,
0,
0,
0,
0,
0,
12710,
23243,
23275,
65535,
55102,
55102,
55102,
55102,
55102,
23275,
55102,
23243,
21722,
55102,
21722,
30239,
23243,
14823,
0,
0,
0,
0,
0,
0,
0,
0,
0,
0,
0,
0,
0,
12710,
21130,
65503,
65535,
63422,
50876,
55102,
48763,
33838,
23243,
48763,
52957,
23243,
19543,
52989,
19609,
28028,
30206,
14791,
0,
0,
0,
0,
0,
0,
0,
0,
0,
0,
0,
0,
0,
14791,
65503,
65503,
65535,
50844,
52957,
55102,
50843,
52956,
23243,
50843,
21163,
21722,
48763,
21689,
30207,
28060,
30239,
30206,
12711,
0,
0,
0,
0,
0,
0,
0,
0,
0,
0,
0,
0,
0,
12710,
65535,
14791,
55102,
55102,
55102,
35951,
23275,
55102,
55102,
55102,
23243,
21722,
30239,
30239,
30239,
30239,
30239,
30239,
14823,
0,
0,
0,
0,
0,
0,
0,
0,
0,
0,
0,
0,
12678,
12678,
0,
12678,
50844,
38031,
48763,
50844,
55070,
48763,
52956,
23243,
25948,
21163,
28126,
25980,
21690,
28126,
27996,
14791,
0,
0,
0,
0,
0,
0,
0,
0,
0,
0,
0,
0,
0,
0,
0,
0,
12710,
38031,
50843,
52957,
55070,
33806,
23243,
30239,
28060,
21657,
23211,
21130,
30239,
21690,
28028,
14791,
0,
0,
0,
0,
0,
0,
0,
0,
0,
0,
0,
0,
0,
0,
0,
0,
14791,
55102,
35951,
55102,
55102,
23243,
30239,
30239,
21690,
21690,
21722,
21689,
23243,
21722,
30207,
14823,
0,
0,
0,
0,
0,
0,
0,
0,
0,
0,
0,
0,
0,
0,
0,
0,
0,
14759,
21130,
21130,
23243,
28028,
28126,
30207,
19049,
21162,
19609,
19049,
23243,
28126,
12710,
0,
0,
0,
0,
0,
0,
0,
0,
0,
0,
0,
0,
0,
0,
0,
0,
0,
12710,
30239,
50843,
52956,
23243,
28060,
30207,
30239,
19543,
21657,
23243,
19543,
12743,
30206,
12711,
0,
0,
0,
0,
0,
0,
0,
0,
0,
0,
0,
0,
0,
0,
0,
0,
12743,
30239,
55102,
21690,
21690,
23243,
30239,
30239,
21722,
21690,
21690,
21690,
14791,
0,
14823,
0,
0,
0,
0,
0,
0,
0,
0,
0,
0,
0,
0,
0,
0,
0,
0,
0,
12678,
48796,
21722,
28028,
19576,
53022,
21130,
19577,
21690,
19511,
19576,
12743,
0,
0,
0,
0,
0,
0,
0,
0,
0,
0,
0,
0,
0,
0,
0,
0,
0,
0,
0,
0,
12710,
19609,
30239,
28093,
52989,
21690,
19576,
12710,
12711,
12678,
14791,
0,
0,
0,
0,
0,
0,
0,
0,
0,
0,
0,
0,
0,
0,
0,
0,
0,
0,
0,
0,
0,
0,
14791,
30271,
55070,
21690,
21690,
14791,
0,
0,
0,
0,
0,
0,
0,
0,
0,
0,
0,
0,
0,
0,
0,
0,
0,
0,
0,
0,
0,
0,
0,
0,
0,
0,
12710,
55102,
19511,
28060,
14791,
0,
0,
0,
0,
0,
0,
0,
0,
0,
0,
0,
0,
0,
0,
0,
0,
0,
0,
0,
0,
0,
0,
0,
0,
0,
0,
0,
0,
14791,
28093,
30174,
14823,
0,
0,
0,
0,
0,
0,
0,
0,
0,
0,
0,
0,
0,
0,
0,
0,
0,
0,
0,
0,
0,
0,
0,
0,
0,
0,
0,
0,
0,
12710,
14791,
0,
0,
0,
0,
0,
0,
0,
0,
0,
0,
0,
0,
0,
0,
0,
0,
0,
0,
0,
0,
0,
0,
0,
0,
0,
0,
0,
0,
0,
0,
0,
0,
0,
0,
0,
0,
0,
0,
0,
0,
0,
0,
0,
0,
0,
0,
0,
0,
0,
0,
0,
0,
0,
0,
0,
0,
0,
0,
0,
0,
0,
0,
0,
0,
0,
0,
0,
0,
0,
0,
0,
0,
0,
0,
0,
0,
0,
0,
0,
0,
0,
