1818
0,
0,
0,
0,
0,
0,
0,
0,
0,
0,
0,
0,
0,
0,
0,
0,
0,
0,
0,
0,
0,
0,
0,
0,
0,
0,
0,
0,
0,
0,
0,
0,
0,
0,
0,
0,
0,
0,
0,
0,
0,
0,
0,
0,
0,
0,
0,
0,
0,
0,
0,
0,
0,
0,
0,
0,
0,
0,
0,
0,
0,
0,
0,
0,
0,
0,
0,
0,
0,
0,
0,
0,
0,
0,
0,
0,
0,
0,
0,
0,
0,
0,
0,
0,
0,
0,
0,
0,
0,
0,
0,
0,
0,
0,
0,
0,
0,
0,
0,
0,
0,
0,
0,
0,
0,
0,
0,
0,
0,
0,
0,
0,
14823,
0,
0,
0,
0,
14759,
14823,
0,
14759,
14823,
0,
0,
0,
0,
0,
0,
0,
0,
0,
0,
0,
0,
0,
0,
0,
12678,
14823,
0,
0,
0,
0,
12710,
58343,
12711,
0,
0,
12710,
32383,
25949,
12678,
48010,
14791,
0,
0,
0,
0,
0,
0,
0,
0,
0,
0,
0,
0,
0,
0,
12710,
23242,
64775,
14791,
0,
0,
14758,
64775,
65535,
62630,
12710,
14823,
65535,
61309,
23275,
23803,
14823,
0,
0,
0,
0,
0,
0,
0,
0,
0,
0,
0,
0,
0,
0,
0,
14791,
50091,
64775,
14823,
0,
14791,
32479,
34527,
64807,
32447,
23243,
23243,
47690,
47690,
23275,
32415,
14823,
0,
0,
0,
0,
0,
0,
0,
0,
0,
0,
0,
0,
0,
0,
14791,
62598,
62598,
50091,
60550,
12678,
23275,
30238,
30271,
32479,
60550,
23803,
65535,
21130,
45609,
23243,
30206,
14791,
0,
0,
0,
0,
0,
0,
0,
0,
0,
0,
0,
0,
0,
0,
14791,
64742,
64710,
64807,
47978,
23243,
32479,
30335,
32415,
64807,
65503,
58310,
23243,
45609,
47690,
23275,
30271,
14823,
0,
0,
0,
0,
0,
0,
0,
0,
0,
0,
0,
0,
0,
0,
14791,
50059,
50091,
64807,
64742,
64775,
32479,
32415,
32447,
34527,
64743,
32447,
23243,
47690,
65535,
65535,
23243,
32447,
14823,
0,
0,
0,
0,
0,
0,
0,
0,
0,
0,
0,
0,
0,
0,
12678,
62598,
50091,
45898,
21162,
32479,
30238,
62630,
65535,
60550,
30271,
65535,
21130,
45642,
61309,
21130,
30303,
14791,
0,
0,
0,
0,
0,
0,
0,
0,
0,
0,
0,
0,
0,
0,
14758,
64710,
64807,
62662,
12710,
23275,
64743,
65535,
14823,
65535,
64742,
23243,
21162,
47690,
47690,
21162,
25949,
50091,
12743,
0,
0,
0,
0,
0,
0,
0,
0,
0,
0,
0,
0,
0,
0,
14790,
64775,
14791,
0,
14791,
32415,
64807,
65535,
64743,
32447,
23275,
25916,
23243,
23275,
32415,
25949,
50091,
64742,
14823,
0,
0,
0,
0,
0,
0,
0,
0,
0,
0,
0,
0,
0,
12678,
14759,
12711,
0,
0,
12710,
30271,
32479,
30206,
21162,
25949,
23770,
23836,
25949,
23770,
48010,
64710,
60550,
14791,
0,
0,
0,
0,
0,
0,
0,
0,
0,
0,
0,
14759,
14759,
23243,
23243,
32415,
14823,
0,
12710,
23275,
25950,
25916,
25949,
25950,
25916,
23243,
23275,
48010,
64775,
64775,
64710,
14823,
0,
0,
0,
0,
0,
0,
0,
0,
0,
0,
14758,
64807,
64774,
58342,
58343,
23243,
32415,
14791,
64742,
23243,
25950,
25917,
25949,
25950,
25917,
25949,
14759,
14758,
64775,
64775,
14791,
0,
0,
0,
0,
0,
0,
0,
0,
0,
0,
12710,
60550,
60391,
54150,
21130,
23243,
54150,
21130,
64775,
60550,
62630,
23275,
23770,
23803,
25917,
12678,
14791,
0,
0,
12710,
14791,
0,
0,
0,
0,
0,
0,
0,
0,
0,
0,
0,
0,
12710,
60391,
23243,
25949,
25950,
23243,
58342,
60423,
64742,
64775,
23275,
56263,
25949,
14823,
0,
0,
0,
0,
0,
0,
0,
0,
0,
0,
0,
0,
0,
0,
0,
0,
0,
0,
12710,
23275,
25916,
25916,
14759,
12710,
21162,
60391,
56230,
23243,
60423,
59164,
58310,
14823,
0,
0,
0,
0,
0,
0,
0,
0,
0,
0,
0,
0,
0,
0,
0,
0,
0,
12710,
52102,
23275,
23771,
12711,
0,
0,
12678,
23243,
21130,
23803,
25949,
52102,
12711,
0,
0,
0,
0,
0,
0,
0,
0,
0,
0,
0,
0,
0,
0,
0,
0,
0,
0,
14790,
56262,
23275,
25917,
14823,
0,
0,
14791,
25950,
58343,
25949,
25950,
25916,
14823,
0,
0,
0,
0,
0,
0,
0,
0,
0,
0,
0,
0,
0,
0,
0,
0,
0,
0,
0,
12711,
25950,
14791,
0,
0,
0,
0,
14791,
59196,
58343,
25950,
14791,
0,
0,
0,
0,
0,
0,
0,
0,
0,
0,
0,
0,
0,
0,
0,
0,
0,
0,
12710,
12710,
23771,
25950,
23771,
12678,
14823,
0,
0,
0,
12678,
12678,
14823,
0,
0,
0,
0,
0,
0,
0,
0,
0,
0,
0,
0,
0,
0,
0,
0,
0,
0,
0,
14791,
25949,
50091,
60391,
50091,
25949,
14823,
0,
0,
0,
0,
0,
0,
0,
0,
0,
0,
0,
0,
0,
0,
0,
0,
0,
0,
0,
0,
0,
0,
0,
0,
0,
0,
14758,
56263,
63422,
58310,
12710,
0,
0,
0,
0,
0,
0,
0,
0,
0,
0,
0,
0,
0,
0,
0,
0,
0,
0,
0,
0,
0,
0,
0,
0,
0,
0,
0,
12678,
45898,
60391,
45898,
12711,
0,
0,
0,
0,
0,
0,
0,
0,
0,
0,
0,
0,
0,
0,
0,
0,
0,
0,
0,
0,
0,
0,
0,
0,
0,
0,
0,
0,
12710,
25950,
12710,
0,
0,
0,
0,
0,
0,
0,
0,
0,
0,
0,
0,
0,
0,
0,
0,
0,
0,
0,
0,
0,
0,
0,
0,
0,
0,
0,
0,
0,
0,
14823,
0,
0,
0,
0,
0,
0,
0,
0,
0,
0,
0,
0,
0,
0,
0,
0,
0,
0,
0,
0,
0,
0,
0,
0,
0,
0,
0,
0,
0,
0,
0,
0,
0,
0,
0,
0,
0,
0,
0,
0,
0,
0,
0,
0,
0,
0,
0,
0,
0,
0,
0,
0,
0,
0,
0,
0,
0,
0,
0,
0,
0,
0,
0,
0,
0,
0,
0,
0,
0,
0,
0,
0,
0,
0,
0,
0,
0,
0,
0,
0,
0,
0,
0,
0,
0,
0,
0,
0,
0,
0,
0,
0,
0,
0,
0,
0,
0,
0,
0,
0,
0,
0,
0,
0,
0,
0,
0,
0,
0,
0,
0,
0,
0,
0,
0,
0,
0,
0,
0,
0,
0,
0,
0,
0,
0,
0,
0,
0,
0,
0,
0,
0,
0,
0,
0,
0,
0,
0,
0,
0,
0,
0,
0,
0,
0,
0,
0,
0,
0,
0,
0,
0,
