1818
0,
0,
0,
0,
0,
0,
0,
0,
0,
0,
0,
0,
0,
0,
0,
0,
0,
0,
0,
0,
0,
0,
0,
0,
0,
0,
0,
0,
0,
0,
0,
0,
0,
0,
0,
0,
0,
0,
0,
0,
0,
0,
0,
0,
0,
0,
0,
0,
0,
0,
0,
0,
0,
0,
0,
0,
0,
0,
0,
0,
0,
0,
0,
0,
0,
0,
0,
0,
0,
0,
0,
0,
0,
0,
0,
0,
0,
0,
0,
0,
0,
0,
0,
0,
0,
0,
0,
0,
0,
0,
0,
0,
0,
0,
0,
0,
0,
0,
0,
0,
0,
0,
0,
0,
0,
0,
0,
0,
0,
0,
0,
0,
0,
0,
12710,
14759,
12743,
0,
0,
0,
0,
0,
0,
0,
0,
0,
0,
0,
0,
0,
0,
0,
0,
0,
0,
0,
0,
0,
0,
0,
0,
0,
0,
0,
14759,
14791,
31727,
31727,
31727,
14759,
14823,
0,
0,
0,
0,
0,
0,
0,
0,
0,
0,
0,
0,
0,
0,
0,
0,
0,
0,
0,
0,
0,
0,
0,
12678,
12710,
46287,
54739,
63253,
65431,
54738,
54771,
23243,
12711,
0,
0,
0,
0,
0,
0,
0,
0,
0,
0,
0,
0,
0,
0,
0,
0,
0,
0,
0,
0,
0,
14791,
56852,
44207,
65463,
65334,
58964,
61077,
56851,
56884,
23275,
42094,
14823,
0,
0,
0,
0,
0,
0,
0,
0,
0,
0,
0,
0,
0,
0,
0,
0,
0,
0,
0,
14791,
61077,
46287,
58997,
61077,
58997,
61045,
46287,
46287,
46287,
46320,
58965,
14823,
0,
0,
0,
0,
0,
0,
0,
0,
0,
0,
0,
0,
0,
0,
0,
0,
0,
14759,
12710,
54739,
46287,
42062,
42062,
58997,
54738,
42094,
46287,
52658,
21162,
58964,
52658,
44174,
14823,
0,
0,
0,
0,
0,
0,
0,
0,
0,
0,
0,
0,
0,
0,
0,
14758,
65463,
65366,
44207,
61077,
56852,
56884,
46320,
56852,
56884,
23275,
56851,
56884,
23275,
56851,
46255,
14823,
0,
0,
0,
0,
0,
0,
0,
0,
0,
0,
0,
0,
0,
0,
14791,
65366,
61077,
58964,
58964,
61077,
58964,
58964,
61077,
58964,
46287,
46320,
58964,
58965,
23275,
44207,
46287,
14823,
0,
0,
0,
0,
0,
0,
0,
0,
0,
0,
0,
0,
0,
0,
12710,
54738,
61045,
54739,
54739,
61045,
54738,
54739,
58997,
52658,
21162,
58997,
52658,
42094,
23243,
40014,
14791,
0,
0,
0,
0,
0,
0,
0,
0,
0,
0,
0,
0,
0,
0,
14759,
65366,
56852,
61077,
56884,
56852,
23243,
23210,
44207,
61077,
56851,
23243,
61077,
56851,
58964,
58997,
21162,
14823,
0,
0,
0,
0,
0,
0,
0,
0,
0,
0,
0,
0,
0,
0,
14791,
58964,
58964,
61077,
58964,
23243,
31727,
31695,
23243,
23243,
58964,
58997,
61077,
58964,
58997,
61077,
58964,
58997,
14823,
0,
0,
0,
0,
0,
0,
0,
0,
0,
0,
0,
0,
0,
0,
12678,
12678,
14791,
21162,
54739,
31727,
29582,
29582,
31727,
21130,
54771,
58997,
52658,
54771,
58964,
40014,
14791,
0,
0,
0,
0,
0,
0,
0,
0,
0,
0,
0,
0,
0,
0,
0,
0,
0,
0,
14791,
58964,
61045,
31695,
31727,
31727,
23243,
58997,
61077,
56884,
46287,
23243,
14791,
0,
0,
0,
0,
0,
0,
0,
0,
0,
0,
0,
0,
0,
0,
0,
0,
0,
0,
14791,
58964,
58964,
46287,
31695,
58190,
60270,
31695,
23243,
23243,
23211,
23243,
31727,
12710,
0,
0,
0,
0,
0,
0,
0,
0,
0,
0,
0,
0,
0,
0,
0,
0,
0,
12678,
23275,
54739,
29582,
31727,
29582,
29582,
58222,
51981,
29614,
31727,
29582,
29582,
14823,
0,
0,
0,
0,
0,
0,
0,
0,
0,
0,
0,
0,
0,
0,
0,
0,
14759,
14791,
31695,
31727,
46255,
31727,
31727,
31695,
31727,
31727,
31695,
31727,
46287,
23211,
31727,
31727,
14791,
0,
0,
0,
0,
0,
0,
0,
0,
0,
0,
0,
0,
0,
0,
14758,
58997,
31695,
29614,
31727,
31695,
31695,
31727,
29614,
31695,
33808,
56852,
46255,
58997,
21162,
31695,
31727,
29614,
14823,
0,
0,
0,
0,
0,
0,
0,
0,
0,
0,
0,
0,
12710,
54738,
46287,
54739,
29582,
14791,
29582,
29582,
31727,
29582,
29582,
33807,
54738,
54771,
58997,
52658,
12710,
31727,
29582,
14791,
0,
0,
0,
0,
0,
0,
0,
0,
0,
0,
0,
0,
14791,
44207,
58997,
12710,
12710,
14791,
31727,
31727,
33808,
58964,
46255,
61077,
58964,
58997,
46287,
12710,
0,
14759,
14791,
0,
0,
0,
0,
0,
0,
0,
0,
0,
0,
0,
0,
0,
12710,
12710,
14791,
0,
0,
14791,
23211,
31695,
46287,
56852,
56884,
61077,
56852,
23211,
14823,
0,
0,
0,
0,
0,
0,
0,
0,
0,
0,
0,
0,
0,
0,
0,
0,
0,
0,
0,
0,
0,
12678,
31727,
21162,
54739,
61045,
54738,
54739,
58997,
21130,
21162,
31727,
12711,
0,
0,
0,
0,
0,
0,
0,
0,
0,
0,
0,
0,
0,
0,
0,
0,
0,
0,
0,
14791,
31727,
33807,
46287,
58997,
46287,
31727,
58997,
46287,
31727,
23243,
31727,
31727,
14823,
0,
0,
0,
0,
0,
0,
0,
0,
0,
0,
0,
0,
0,
0,
0,
0,
0,
0,
14759,
29614,
31727,
31727,
56884,
31727,
29614,
31695,
31727,
29614,
14759,
31727,
29614,
14791,
0,
0,
0,
0,
0,
0,
0,
0,
0,
0,
0,
0,
0,
0,
0,
0,
0,
0,
0,
12678,
14791,
42062,
42062,
14759,
12678,
29582,
31727,
12711,
0,
14791,
29582,
12711,
0,
0,
0,
0,
0,
0,
0,
0,
0,
0,
0,
0,
0,
0,
0,
0,
0,
0,
0,
0,
0,
12710,
14823,
0,
0,
12710,
14823,
0,
0,
0,
14823,
0,
0,
0,
0,
0,
0,
0,
0,
0,
0,
0,
0,
0,
0,
0,
0,
0,
0,
0,
0,
0,
0,
0,
0,
0,
0,
0,
0,
0,
0,
0,
0,
0,
0,
0,
0,
0,
0,
0,
0,
0,
0,
0,
0,
0,
0,
0,
0,
0,
0,
0,
0,
0,
0,
0,
0,
0,
0,
0,
0,
0,
0,
0,
0,
0,
0,
0,
0,
0,
0,
0,
0,
0,
0,
0,
0,
0,
0,
0,
0,
0,
0,
0,
0,
0,
0,
0,
0,
0,
0,
0,
0,
0,
0,
0,
0,
0,
0,
0,
0,
0,
0,
0,
0,
0,
0,
0,
0,
0,
0,
0,
0,
0,
0,
0,
0,
0,
0,
0,
0,
0,
0,
0,
0,
0,
0,
0,
0,
0,
0,
0,
0,
0,
0,
0,
0,
0,
0,
0,
