1818
0,
0,
0,
0,
0,
0,
0,
0,
0,
0,
0,
0,
0,
12743,
0,
0,
0,
0,
0,
0,
0,
0,
0,
0,
0,
0,
0,
0,
0,
0,
0,
0,
0,
0,
0,
0,
0,
0,
0,
0,
0,
0,
0,
0,
14791,
34367,
12710,
0,
0,
0,
0,
0,
0,
0,
0,
0,
0,
0,
0,
0,
0,
0,
0,
0,
0,
0,
0,
0,
0,
12710,
12678,
12710,
0,
0,
12678,
14791,
30142,
30142,
17396,
12710,
0,
0,
0,
0,
0,
0,
0,
0,
0,
0,
0,
0,
0,
0,
0,
0,
0,
0,
0,
0,
0,
12710,
23802,
21689,
12710,
12710,
37353,
34431,
32287,
15284,
23803,
12743,
0,
0,
0,
0,
0,
0,
0,
0,
0,
0,
0,
0,
0,
0,
0,
0,
0,
0,
0,
0,
0,
0,
12711,
21722,
23803,
49803,
34367,
34431,
34399,
34399,
23835,
50712,
14791,
0,
0,
0,
0,
0,
14791,
0,
0,
0,
0,
0,
0,
0,
0,
0,
0,
0,
0,
0,
0,
0,
0,
12678,
23803,
45642,
30142,
23243,
46519,
30142,
17397,
46486,
12710,
0,
0,
0,
12710,
12678,
46518,
14791,
0,
0,
0,
0,
0,
0,
0,
0,
0,
0,
0,
0,
0,
0,
0,
0,
14791,
34367,
23210,
51851,
14791,
34367,
23243,
50712,
14791,
0,
0,
12711,
23835,
23770,
50744,
14823,
0,
0,
0,
0,
0,
0,
0,
0,
0,
0,
0,
0,
0,
14823,
0,
0,
14759,
23243,
64398,
51883,
65535,
34367,
23243,
50712,
14791,
0,
12711,
23803,
23835,
21722,
23803,
14823,
0,
0,
0,
0,
0,
0,
0,
0,
0,
0,
0,
0,
12678,
39401,
12711,
0,
0,
12678,
60237,
52857,
63422,
30142,
34399,
21130,
21130,
12710,
21624,
21657,
23803,
19576,
12711,
0,
0,
0,
0,
0,
0,
0,
0,
0,
0,
0,
0,
0,
12710,
39401,
14791,
0,
14759,
64398,
64398,
51883,
34399,
34367,
34431,
34335,
23243,
23835,
21722,
17364,
23243,
39400,
14791,
0,
0,
0,
0,
0,
0,
0,
0,
0,
0,
0,
0,
0,
12678,
39401,
39401,
12678,
14759,
64365,
21163,
34431,
34335,
32287,
34431,
32287,
32287,
23243,
21690,
17364,
52825,
12711,
0,
0,
0,
0,
0,
0,
0,
0,
0,
0,
0,
0,
0,
0,
12678,
39401,
37320,
35272,
23243,
21130,
30142,
34399,
15251,
30142,
23243,
21130,
21656,
34399,
21130,
33808,
35953,
31727,
12711,
0,
0,
0,
0,
0,
0,
0,
0,
0,
0,
0,
0,
0,
0,
14759,
39401,
21195,
23835,
34399,
34367,
34399,
17396,
34367,
23243,
21722,
23211,
23243,
21163,
17397,
65535,
65535,
14791,
0,
0,
0,
0,
0,
0,
0,
0,
0,
0,
0,
0,
0,
0,
14759,
23211,
32255,
34399,
34335,
21162,
23243,
15316,
32287,
23243,
21722,
34335,
39401,
47722,
17364,
35953,
35921,
65535,
14823,
0,
0,
0,
0,
0,
0,
0,
0,
0,
0,
0,
0,
0,
14791,
32223,
30142,
23243,
21130,
35272,
39433,
21130,
30142,
23243,
21130,
30142,
34399,
35272,
32222,
17397,
63390,
33808,
14791,
0,
0,
0,
0,
0,
0,
0,
0,
0,
0,
0,
0,
0,
14759,
23243,
23243,
39401,
39401,
39401,
39401,
14791,
34399,
14759,
39401,
23243,
34431,
34399,
34399,
17429,
65535,
65535,
14823,
0,
0,
0,
0,
0,
0,
0,
0,
0,
0,
0,
0,
0,
0,
14758,
37320,
39401,
39400,
37320,
12710,
0,
14791,
0,
12710,
21163,
34431,
32287,
34367,
34399,
21162,
21162,
14823,
0,
0,
0,
0,
0,
0,
0,
0,
0,
0,
0,
0,
0,
14758,
62285,
21130,
39401,
37320,
35272,
14823,
0,
0,
14759,
21130,
30142,
34399,
30142,
32223,
34399,
30142,
32222,
23211,
12710,
0,
0,
0,
0,
0,
0,
0,
0,
0,
0,
0,
0,
14759,
64430,
49803,
23243,
23243,
39401,
14823,
0,
12710,
12710,
51851,
51851,
23243,
34399,
34399,
34431,
34399,
34399,
34431,
34367,
14823,
0,
0,
0,
0,
0,
0,
0,
0,
0,
0,
0,
14759,
64365,
47690,
51851,
47722,
21130,
23243,
14758,
62285,
51851,
47690,
47722,
23243,
32223,
32287,
34399,
32222,
32287,
34399,
32222,
65535,
14823,
0,
0,
0,
0,
0,
0,
0,
0,
0,
0,
14758,
62285,
45642,
51851,
45642,
45642,
51851,
45642,
45642,
51851,
45642,
21130,
34399,
30142,
15283,
34399,
30142,
32223,
34399,
30142,
15283,
14791,
0,
0,
0,
0,
0,
0,
0,
0,
0,
0,
0,
14759,
64398,
51851,
51851,
51851,
51851,
51851,
51851,
51851,
23243,
34399,
34431,
34399,
34399,
23243,
23211,
12710,
34431,
34399,
65535,
14823,
0,
0,
0,
0,
0,
0,
0,
0,
0,
0,
0,
14758,
62285,
51851,
47722,
47690,
51851,
47722,
47722,
12710,
12678,
32255,
34399,
32223,
32287,
23803,
12711,
0,
12710,
12678,
14791,
0,
0,
0,
0,
0,
0,
0,
0,
0,
0,
0,
0,
0,
12678,
64398,
45642,
45642,
51851,
45642,
12710,
0,
12678,
30142,
34399,
32190,
47690,
39401,
12710,
0,
0,
0,
0,
0,
0,
0,
0,
0,
0,
0,
0,
0,
0,
0,
0,
0,
14759,
64430,
51851,
51851,
51851,
51851,
14823,
0,
0,
12710,
34431,
34399,
36447,
51851,
51851,
12710,
0,
0,
0,
0,
0,
0,
0,
0,
0,
0,
0,
0,
0,
0,
0,
0,
0,
14759,
62317,
47690,
51851,
47722,
12711,
0,
0,
12710,
34399,
32223,
32287,
34399,
21657,
48631,
14823,
0,
0,
0,
0,
0,
0,
0,
0,
0,
0,
0,
0,
0,
0,
0,
0,
0,
12678,
45642,
51851,
47690,
45642,
14823,
0,
12678,
23243,
30142,
32255,
23803,
21624,
15251,
14791,
0,
0,
0,
0,
0,
0,
0,
0,
0,
0,
0,
0,
0,
0,
0,
0,
0,
0,
14759,
51851,
51851,
51851,
12710,
0,
12710,
17396,
23243,
23243,
23835,
23835,
52825,
14823,
0,
0,
0,
0,
0,
0,
0,
0,
0,
0,
0,
0,
0,
0,
0,
0,
0,
0,
0,
12710,
12710,
47722,
51851,
12711,
0,
14791,
15251,
15283,
23243,
12678,
12743,
0,
0,
0,
0,
0,
0,
0,
0,
0,
0,
0,
0,
0,
0,
0,
0,
0,
0,
0,
0,
0,
0,
12678,
12710,
12678,
0,
14791,
15250,
15251,
14823,
0,
0,
0,
0,
0,
0,
0,
0,
0,
0,
0,
0,
0,
0,
0,
0,
0,
0,
0,
0,
0,
0,
0,
0,
0,
0,
0,
0,
14791,
17396,
39401,
14823,
0,
0,
0,
0,
0,
0,
0,
0,
0,
0,
0,
0,
0,
0,
0,
0,
0,
0,
0,
0,
0,
0,
0,
0,
0,
0,
0,
0,
0,
12678,
12711,
0,
0,
0,
0,
0,
0,
0,
0,
0,
0,
0,
0,
