1818
0,
0,
0,
0,
0,
0,
0,
0,
0,
0,
0,
0,
0,
0,
0,
0,
0,
0,
0,
0,
0,
0,
0,
0,
0,
0,
0,
0,
0,
0,
0,
0,
0,
0,
0,
0,
0,
0,
0,
0,
0,
0,
0,
0,
0,
0,
0,
0,
0,
0,
0,
0,
0,
0,
0,
0,
0,
0,
0,
0,
0,
0,
0,
0,
0,
0,
0,
0,
0,
0,
0,
0,
0,
0,
0,
12678,
12710,
12678,
12678,
12710,
0,
0,
0,
0,
0,
0,
0,
0,
0,
0,
0,
0,
0,
0,
0,
0,
0,
0,
0,
0,
0,
0,
0,
0,
0,
12710,
14791,
27837,
27869,
21431,
23243,
52825,
14823,
0,
0,
0,
0,
0,
0,
0,
0,
0,
0,
0,
0,
0,
0,
0,
0,
0,
0,
0,
0,
0,
0,
0,
12710,
27869,
25723,
25723,
21431,
25691,
25723,
23243,
12711,
0,
0,
0,
0,
0,
0,
0,
0,
0,
0,
0,
0,
0,
0,
0,
0,
0,
0,
0,
0,
0,
0,
0,
0,
14759,
19285,
25691,
21431,
25690,
25690,
14823,
0,
0,
0,
0,
0,
0,
0,
0,
0,
0,
0,
0,
0,
0,
0,
0,
0,
0,
0,
0,
0,
0,
0,
12710,
12710,
14759,
21430,
23243,
23243,
23243,
14823,
0,
12710,
14823,
0,
0,
0,
0,
0,
0,
0,
0,
0,
0,
0,
0,
0,
0,
0,
0,
0,
0,
0,
0,
0,
12710,
48599,
38098,
21162,
34239,
36383,
19285,
19285,
12710,
63454,
12743,
0,
0,
0,
0,
0,
0,
0,
0,
0,
0,
0,
0,
0,
0,
0,
0,
0,
0,
0,
12678,
14759,
21162,
46518,
23243,
25691,
21130,
23243,
34174,
21162,
65535,
63422,
21162,
14823,
0,
0,
0,
0,
0,
0,
0,
0,
0,
0,
0,
0,
0,
0,
0,
0,
0,
0,
14791,
52857,
38066,
23243,
27869,
27837,
27837,
27869,
23275,
65535,
65535,
52825,
23243,
21431,
14823,
0,
0,
0,
0,
0,
0,
0,
0,
0,
0,
0,
0,
0,
0,
0,
0,
0,
12710,
52825,
21162,
19284,
21431,
25691,
25691,
21431,
63422,
65503,
65535,
21130,
34239,
23243,
19252,
12678,
0,
0,
0,
0,
0,
0,
0,
0,
0,
0,
0,
0,
0,
0,
0,
0,
0,
14759,
21162,
34174,
36383,
19285,
25691,
27837,
19285,
63454,
65535,
21130,
34239,
23243,
19252,
12711,
0,
0,
0,
0,
0,
0,
0,
0,
0,
0,
0,
0,
0,
0,
0,
0,
0,
14791,
36383,
36383,
27869,
36383,
21431,
27869,
27837,
21431,
23243,
36383,
36383,
36383,
23243,
21431,
14823,
0,
0,
0,
0,
0,
0,
0,
0,
0,
0,
0,
0,
0,
0,
0,
0,
14791,
34207,
34206,
27869,
34207,
19285,
27869,
25690,
21162,
64329,
21130,
34239,
36383,
21130,
19285,
14791,
0,
0,
0,
0,
0,
0,
0,
0,
0,
0,
0,
0,
0,
0,
0,
12710,
36383,
34239,
25691,
36383,
34239,
34207,
21431,
19285,
43528,
14759,
60168,
25724,
27837,
21130,
21162,
14791,
0,
0,
0,
0,
0,
0,
0,
0,
0,
0,
0,
0,
0,
0,
0,
14791,
36383,
27869,
36383,
36383,
27837,
27837,
21431,
27837,
23243,
64329,
23243,
36383,
36383,
23243,
21431,
14823,
0,
0,
0,
0,
0,
0,
0,
0,
0,
0,
0,
0,
0,
0,
0,
12678,
27869,
34207,
34206,
27869,
34207,
34206,
21431,
25690,
21130,
23243,
21130,
34239,
36383,
21130,
19285,
14791,
0,
0,
0,
0,
0,
0,
0,
0,
0,
0,
0,
0,
0,
0,
0,
12710,
36383,
34239,
25691,
36383,
34239,
34207,
21431,
25691,
25723,
27837,
21162,
36319,
36383,
21130,
19318,
14791,
0,
0,
0,
0,
0,
0,
0,
0,
0,
0,
0,
0,
0,
0,
0,
0,
14791,
36383,
27869,
36383,
36383,
21431,
27869,
27837,
27837,
21431,
36383,
36383,
23243,
21431,
21431,
14823,
0,
0,
0,
0,
0,
0,
0,
0,
0,
0,
0,
0,
0,
0,
0,
0,
12711,
25691,
32126,
36383,
34174,
19285,
27837,
25690,
25690,
23243,
21130,
34207,
23243,
19252,
12711,
0,
0,
0,
0,
0,
0,
0,
0,
0,
0,
0,
0,
0,
0,
0,
0,
0,
0,
12710,
34207,
36383,
19317,
25723,
27869,
25691,
21162,
65535,
48599,
21162,
23243,
19284,
12743,
0,
0,
12710,
14791,
0,
0,
0,
0,
0,
0,
0,
0,
0,
0,
0,
0,
0,
0,
0,
12710,
23243,
21431,
27837,
27869,
23243,
23243,
65535,
52825,
52825,
23243,
14791,
0,
12710,
14791,
65535,
12710,
12710,
12710,
0,
0,
0,
0,
0,
0,
0,
0,
0,
0,
0,
0,
0,
0,
14791,
34174,
19284,
23243,
63422,
46518,
40147,
63422,
48599,
14823,
0,
12678,
36351,
32126,
21162,
23243,
61341,
12678,
0,
0,
0,
0,
0,
0,
0,
0,
0,
0,
0,
0,
0,
0,
0,
12710,
34239,
36383,
65503,
48631,
40147,
63454,
21163,
27837,
12710,
36287,
21431,
34174,
23243,
65535,
21130,
12710,
0,
0,
0,
0,
0,
0,
0,
0,
0,
0,
0,
0,
0,
0,
0,
0,
12710,
14791,
38066,
65535,
52825,
12710,
14791,
27869,
21398,
27837,
21431,
36383,
36383,
23243,
50744,
12710,
0,
0,
0,
0,
0,
0,
0,
0,
0,
0,
0,
0,
0,
0,
0,
0,
0,
0,
12678,
63422,
14823,
0,
0,
14791,
32126,
34207,
36351,
19284,
36287,
23211,
12710,
0,
0,
0,
0,
0,
0,
0,
0,
0,
0,
0,
0,
0,
0,
0,
0,
0,
0,
0,
0,
12710,
14823,
0,
12710,
21431,
19285,
19350,
36383,
19285,
12710,
14823,
0,
0,
0,
0,
0,
0,
0,
0,
0,
0,
0,
0,
0,
0,
0,
0,
0,
0,
0,
0,
0,
0,
0,
14791,
36383,
36383,
36351,
12710,
12710,
14791,
0,
0,
0,
0,
0,
0,
0,
0,
0,
0,
0,
0,
0,
0,
0,
0,
0,
0,
0,
0,
0,
0,
0,
0,
0,
0,
12678,
12710,
12710,
0,
0,
0,
0,
0,
0,
0,
0,
0,
0,
0,
0,
0,
0,
0,
0,
0,
0,
0,
0,
0,
0,
0,
0,
0,
0,
0,
0,
0,
0,
0,
0,
0,
0,
0,
0,
0,
0,
0,
0,
0,
0,
0,
0,
0,
0,
0,
0,
0,
0,
0,
0,
0,
0,
0,
0,
0,
0,
0,
0,
0,
0,
0,
0,
0,
0,
0,
0,
0,
0,
0,
0,
0,
0,
0,
0,
0,
0,
0,
0,
0,
0,
0,
0,
0,
0,
0,
0,
0,
0,
0,
0,
0,
0,
0,
0,
0,
0,
0,
0,
0,
0,
0,
0,
0,
0,
0,
0,
