1818
0,
0,
0,
0,
0,
0,
0,
0,
0,
0,
0,
0,
0,
0,
0,
0,
0,
0,
12711,
0,
12711,
0,
0,
0,
0,
0,
0,
0,
0,
0,
0,
0,
0,
0,
0,
0,
0,
0,
0,
0,
0,
0,
0,
0,
0,
0,
0,
0,
0,
12711,
65503,
12711,
65503,
12711,
0,
0,
0,
0,
0,
0,
0,
0,
0,
0,
0,
0,
0,
0,
0,
0,
0,
0,
0,
0,
12711,
12711,
0,
12711,
0,
0,
12711,
65503,
21162,
65503,
21162,
12678,
0,
0,
0,
0,
0,
0,
0,
0,
0,
0,
0,
0,
0,
0,
0,
0,
0,
0,
0,
12711,
45705,
45705,
12711,
62149,
12711,
0,
12678,
21162,
21130,
48631,
21130,
48599,
12711,
0,
0,
0,
0,
0,
0,
0,
0,
0,
0,
0,
0,
0,
0,
0,
0,
12711,
12711,
62149,
21130,
21130,
45705,
45705,
35854,
12711,
27468,
27468,
27468,
21162,
48599,
12710,
0,
0,
0,
0,
0,
0,
0,
0,
0,
0,
0,
0,
0,
0,
0,
12711,
12711,
45705,
62149,
21130,
45705,
45705,
21130,
62149,
48599,
21130,
21130,
27468,
27468,
27468,
12710,
0,
0,
0,
0,
0,
0,
0,
0,
0,
0,
0,
0,
0,
0,
0,
12678,
62149,
62149,
62149,
21130,
62149,
21130,
21130,
45705,
21130,
35886,
21130,
35854,
21130,
27468,
27468,
12678,
0,
0,
0,
0,
0,
0,
0,
0,
0,
0,
0,
0,
0,
0,
0,
0,
12678,
21130,
23178,
62149,
21130,
45705,
45705,
21130,
21130,
65535,
21130,
35886,
21130,
27468,
12678,
0,
0,
0,
0,
0,
0,
0,
0,
0,
0,
0,
0,
0,
0,
0,
0,
12711,
62149,
62149,
60101,
21130,
62149,
12678,
63177,
21130,
21130,
35886,
21130,
35886,
12678,
12678,
0,
0,
0,
0,
0,
0,
0,
0,
0,
0,
0,
0,
0,
0,
0,
0,
0,
0,
12678,
21130,
23178,
62149,
21130,
63177,
44200,
21130,
65503,
21130,
35854,
27468,
12678,
0,
0,
12711,
12711,
12711,
0,
0,
0,
0,
0,
0,
0,
0,
0,
0,
0,
0,
0,
12678,
62149,
62149,
62149,
45705,
21130,
21162,
21162,
62149,
21162,
35854,
35886,
21130,
12678,
0,
12711,
35335,
21130,
35335,
12711,
0,
0,
0,
0,
0,
0,
0,
0,
0,
0,
0,
0,
0,
12678,
23178,
62149,
21130,
21130,
62149,
62149,
62149,
62149,
21130,
21130,
35854,
35854,
12711,
21130,
21130,
35335,
35335,
35335,
12711,
0,
0,
0,
0,
0,
0,
0,
0,
0,
0,
0,
0,
0,
12678,
21130,
21130,
62149,
45705,
65503,
45705,
62149,
62149,
62149,
21130,
35886,
35854,
35854,
12678,
12678,
12678,
35335,
12678,
0,
0,
0,
0,
0,
0,
0,
0,
0,
0,
0,
0,
0,
12678,
45705,
45705,
21130,
65503,
65535,
48599,
21130,
21130,
21130,
35854,
12678,
12678,
12678,
65503,
21130,
65503,
21130,
12678,
0,
0,
0,
0,
0,
0,
0,
0,
0,
0,
0,
0,
0,
12678,
21130,
21130,
45705,
21162,
65535,
21162,
35854,
35854,
35854,
12678,
62149,
21130,
65503,
27500,
65503,
21162,
12678,
12678,
0,
0,
0,
0,
0,
0,
0,
0,
0,
0,
0,
0,
0,
0,
12678,
62149,
45705,
65503,
21130,
35886,
35886,
35886,
12678,
27468,
27468,
62149,
21162,
65503,
21162,
48599,
12678,
0,
0,
0,
0,
0,
0,
0,
0,
0,
0,
0,
0,
0,
0,
0,
12678,
62149,
65503,
65535,
48599,
12678,
12678,
12678,
27468,
62149,
27468,
27468,
62149,
21162,
48599,
21162,
12678,
0,
12711,
0,
0,
0,
0,
0,
0,
0,
0,
0,
0,
0,
0,
0,
0,
12678,
21162,
65535,
12710,
62149,
62149,
21130,
62149,
62149,
62149,
27468,
62149,
12678,
12710,
12678,
45705,
12711,
48599,
12711,
0,
0,
0,
0,
0,
0,
0,
0,
0,
0,
0,
0,
0,
12678,
62149,
12710,
62149,
62149,
62149,
62149,
21130,
62149,
27468,
12678,
12678,
45705,
62149,
45705,
21130,
45705,
45737,
21130,
12711,
0,
0,
0,
0,
0,
0,
0,
0,
0,
0,
0,
0,
0,
12678,
12678,
62149,
27468,
27468,
62149,
12678,
12678,
12678,
35854,
21130,
62149,
62149,
62149,
21130,
21130,
21130,
48599,
12678,
0,
0,
0,
0,
0,
0,
0,
0,
0,
0,
0,
0,
0,
0,
12678,
21130,
27468,
62149,
12678,
65535,
45705,
21130,
35886,
21130,
45705,
62149,
45705,
21130,
45705,
45705,
21162,
12678,
0,
0,
0,
0,
0,
0,
0,
0,
0,
0,
0,
0,
0,
0,
0,
12678,
12678,
12678,
65503,
65535,
48599,
45705,
21130,
21130,
21130,
21130,
21130,
45705,
21130,
21130,
48631,
12678,
0,
0,
0,
0,
0,
0,
0,
0,
0,
0,
0,
0,
0,
0,
0,
0,
0,
12678,
12710,
65535,
45737,
45705,
65503,
45705,
21130,
62149,
62149,
45705,
45705,
45705,
21130,
12678,
0,
0,
0,
0,
0,
0,
0,
0,
0,
0,
0,
0,
0,
0,
0,
0,
0,
0,
0,
12710,
21130,
65503,
65535,
48599,
45705,
21130,
21130,
45705,
45705,
12678,
12678,
0,
0,
0,
0,
0,
0,
0,
0,
0,
0,
0,
0,
0,
0,
0,
0,
0,
0,
12711,
12711,
45705,
21130,
21130,
65535,
21162,
21130,
21130,
21130,
12678,
12678,
0,
0,
0,
0,
0,
0,
0,
0,
0,
0,
0,
0,
0,
0,
0,
0,
0,
0,
0,
12711,
62149,
62149,
35335,
21130,
45705,
21162,
21130,
45705,
21130,
48599,
12678,
0,
0,
0,
0,
0,
0,
0,
0,
0,
0,
0,
0,
0,
0,
0,
0,
0,
0,
0,
0,
0,
12678,
35335,
45705,
45705,
21130,
45705,
21130,
45705,
21130,
65535,
12678,
0,
0,
0,
0,
0,
0,
0,
0,
0,
0,
0,
0,
0,
0,
0,
0,
0,
0,
0,
0,
12711,
62149,
62149,
35335,
45705,
21130,
45705,
45705,
21130,
21130,
12710,
0,
0,
0,
0,
0,
0,
0,
0,
0,
0,
0,
0,
0,
0,
0,
0,
0,
0,
0,
0,
0,
0,
12678,
35335,
45705,
45705,
21130,
45705,
21130,
48599,
12678,
0,
0,
0,
0,
0,
0,
0,
0,
0,
0,
0,
0,
0,
0,
0,
0,
0,
0,
0,
0,
0,
0,
12711,
62149,
62149,
35335,
45705,
45705,
21130,
21130,
65535,
12678,
0,
0,
0,
0,
0,
0,
0,
0,
0,
0,
0,
0,
0,
0,
0,
0,
0,
0,
0,
0,
0,
0,
0,
12678,
35335,
45705,
45705,
21130,
48599,
21130,
12710,
0,
0,
0,
0,
0,
0,
0,
0,
0,
0,
0,
0,
0,
0,
0,
0,
0,
0,
0,
0,
0,
0,
0,
0,
0,
12678,
12678,
12678,
12678,
65535,
12678,
0,
0,
0,
0,
0,
0,
0,
0,
0,
0,
0,
0,
0,
0,
0,
0,
0,
0,
0,
0,
0,
0,
0,
0,
0,
0,
0,
0,
0,
0,
12710,
0,
0,
0,
0,
0,
0,
0,
0,
0,
0,
0,
0,
0,
