1818
0,
0,
0,
0,
0,
0,
0,
0,
0,
0,
0,
0,
0,
0,
0,
0,
0,
0,
0,
0,
0,
0,
0,
0,
0,
0,
0,
0,
0,
0,
0,
0,
0,
0,
0,
0,
0,
0,
0,
0,
0,
0,
0,
0,
0,
0,
0,
0,
0,
0,
0,
0,
0,
0,
0,
0,
0,
0,
0,
0,
0,
0,
0,
0,
0,
0,
0,
0,
0,
0,
0,
0,
0,
0,
0,
0,
0,
0,
0,
0,
0,
0,
0,
0,
0,
0,
0,
0,
0,
0,
0,
0,
0,
0,
0,
0,
0,
0,
0,
0,
0,
0,
0,
0,
0,
0,
0,
0,
0,
0,
0,
0,
0,
14791,
14791,
14791,
0,
0,
0,
0,
0,
0,
0,
0,
0,
0,
0,
0,
0,
0,
0,
0,
0,
0,
0,
0,
0,
0,
0,
0,
0,
0,
0,
0,
14791,
48392,
19349,
19349,
14791,
0,
0,
0,
0,
0,
0,
0,
0,
0,
0,
0,
0,
0,
0,
0,
0,
0,
0,
0,
14791,
14791,
14791,
14791,
0,
14791,
14791,
14791,
65159,
48424,
19349,
21130,
12678,
0,
0,
0,
0,
0,
0,
0,
0,
0,
0,
0,
0,
0,
0,
0,
0,
0,
0,
14791,
56264,
56264,
56264,
56264,
14791,
62151,
62151,
62151,
21162,
21162,
19349,
12678,
0,
0,
0,
0,
0,
0,
0,
0,
0,
0,
0,
0,
0,
0,
0,
0,
0,
0,
0,
0,
12678,
21130,
65503,
65503,
65503,
65503,
65503,
45831,
62151,
45831,
21130,
12678,
0,
0,
0,
0,
0,
0,
0,
0,
0,
0,
0,
0,
0,
0,
0,
0,
0,
0,
0,
14791,
62151,
62151,
33838,
33838,
65535,
65535,
45863,
62151,
62151,
45831,
56264,
12678,
0,
0,
14791,
14791,
0,
0,
0,
0,
0,
0,
0,
0,
0,
0,
0,
0,
0,
0,
14791,
62151,
62151,
65159,
65159,
33838,
65535,
45863,
62151,
62151,
45831,
56264,
56264,
12678,
0,
14791,
45831,
21130,
14791,
0,
0,
0,
0,
0,
0,
0,
0,
0,
0,
0,
0,
0,
12678,
62151,
64711,
65191,
33838,
65535,
65535,
45831,
62151,
62151,
12678,
56264,
56264,
21130,
14791,
21130,
45831,
48599,
12678,
0,
0,
0,
0,
0,
0,
0,
0,
0,
0,
0,
0,
0,
0,
12678,
65191,
33838,
65535,
65535,
65535,
45831,
62151,
62151,
65159,
56264,
21130,
65159,
21130,
65503,
45831,
48631,
12678,
0,
0,
0,
0,
0,
0,
0,
0,
0,
0,
0,
0,
0,
14791,
62151,
62151,
33838,
33838,
33838,
65535,
65503,
45831,
62151,
62151,
65503,
21130,
48631,
65503,
65535,
48599,
12710,
0,
0,
0,
0,
0,
0,
0,
0,
0,
0,
0,
0,
0,
14791,
62151,
62151,
62151,
64711,
33838,
65535,
65535,
65535,
65503,
65503,
65503,
65535,
21130,
48631,
65191,
48424,
65535,
48599,
14791,
14791,
0,
0,
0,
0,
0,
0,
0,
0,
0,
0,
14791,
62151,
62151,
62151,
64711,
65191,
65159,
33838,
65535,
21162,
21162,
65535,
65535,
21162,
48392,
48631,
65191,
48424,
48631,
56296,
45831,
48392,
14791,
0,
0,
0,
0,
0,
0,
0,
0,
0,
0,
12678,
62151,
62151,
65191,
65191,
65191,
21130,
21162,
56264,
56264,
21162,
21162,
65159,
65191,
21162,
48424,
65535,
56296,
56264,
56264,
65191,
23643,
14791,
0,
0,
0,
0,
0,
0,
0,
0,
0,
12678,
62151,
64711,
65191,
65191,
21162,
56264,
56264,
19349,
19349,
56264,
21130,
48424,
48424,
65159,
21162,
21162,
56264,
45831,
56264,
65191,
19349,
12678,
0,
0,
0,
0,
0,
0,
0,
0,
0,
12678,
62151,
65191,
64743,
21162,
56264,
56264,
19349,
23643,
56264,
12678,
12678,
65191,
48424,
65191,
21130,
12678,
56264,
12678,
65503,
19381,
23643,
12678,
0,
0,
0,
0,
0,
0,
0,
0,
0,
0,
12678,
64743,
62151,
62151,
21130,
21130,
12678,
12678,
12678,
0,
0,
12710,
65191,
65191,
12678,
0,
12678,
0,
12710,
12678,
12678,
0,
0,
0,
0,
0,
0,
0,
0,
0,
0,
0,
0,
12678,
62151,
62151,
62151,
12678,
0,
0,
0,
0,
0,
0,
12710,
45863,
56264,
14791,
12678,
0,
0,
0,
0,
0,
0,
0,
0,
0,
0,
0,
0,
0,
0,
0,
0,
12678,
62151,
62151,
62151,
12678,
0,
0,
0,
0,
0,
0,
12678,
56264,
56264,
56264,
45831,
14791,
14791,
14791,
0,
0,
0,
0,
0,
0,
0,
0,
0,
0,
0,
0,
0,
12678,
62151,
62151,
12678,
0,
0,
0,
0,
0,
0,
14791,
45831,
21130,
12678,
65159,
65159,
48392,
19349,
23643,
14791,
0,
0,
0,
0,
0,
0,
0,
0,
0,
0,
0,
14791,
64711,
62151,
62151,
12678,
0,
0,
0,
0,
14791,
14791,
45831,
45831,
12678,
0,
21162,
65191,
65191,
23643,
12678,
0,
0,
0,
0,
0,
0,
0,
0,
0,
0,
0,
14791,
64711,
65191,
62151,
12678,
0,
0,
0,
0,
14791,
45831,
56264,
45831,
12678,
0,
0,
0,
21130,
19381,
23675,
23643,
14791,
0,
0,
0,
0,
0,
0,
0,
0,
0,
0,
12678,
65191,
21162,
12678,
0,
0,
0,
0,
14791,
45831,
56264,
56264,
12678,
0,
0,
0,
0,
0,
12678,
12678,
12678,
0,
0,
0,
0,
0,
0,
0,
0,
0,
0,
0,
12678,
65191,
12678,
0,
0,
0,
0,
0,
12678,
56264,
56264,
12678,
0,
0,
0,
0,
0,
0,
0,
0,
0,
0,
0,
0,
0,
0,
0,
0,
0,
0,
0,
0,
0,
12710,
0,
0,
0,
0,
0,
0,
12678,
56264,
56264,
12678,
0,
0,
0,
0,
0,
0,
0,
0,
0,
0,
0,
0,
0,
0,
0,
0,
0,
0,
0,
0,
0,
0,
0,
0,
0,
0,
0,
0,
12678,
56264,
45831,
12678,
0,
0,
0,
0,
0,
0,
0,
0,
0,
0,
0,
0,
0,
0,
0,
0,
0,
0,
0,
0,
0,
0,
0,
0,
0,
0,
0,
0,
0,
12678,
12678,
0,
0,
0,
0,
0,
0,
0,
0,
0,
0,
0,
0,
0,
0,
0,
0,
0,
0,
0,
0,
0,
0,
0,
0,
0,
0,
0,
0,
0,
0,
0,
0,
0,
0,
0,
0,
0,
0,
0,
0,
0,
0,
0,
0,
0,
0,
0,
0,
0,
0,
0,
0,
0,
0,
0,
0,
0,
0,
0,
0,
0,
0,
0,
0,
0,
0,
0,
0,
0,
0,
0,
0,
0,
0,
0,
0,
0,
0,
0,
0,
0,
0,
0,
0,
0,
0,
0,
0,
0,
0,
0,
0,
0,
0,
0,
0,
0,
0,
0,
0,
0,
0,
0,
0,
0,
0,
0,
0,
0,
0,
0,
0,
