1818
0,
0,
0,
0,
0,
0,
0,
0,
0,
0,
0,
0,
0,
0,
0,
0,
0,
0,
0,
0,
0,
0,
0,
0,
0,
0,
0,
0,
0,
0,
0,
0,
0,
0,
0,
0,
0,
0,
0,
0,
0,
0,
0,
0,
0,
0,
0,
0,
0,
0,
0,
0,
0,
0,
0,
0,
0,
0,
0,
0,
0,
0,
0,
0,
0,
0,
0,
0,
0,
0,
0,
0,
0,
0,
0,
0,
0,
0,
0,
0,
0,
0,
0,
0,
0,
0,
0,
0,
0,
0,
0,
0,
0,
0,
0,
0,
0,
0,
0,
0,
0,
0,
0,
0,
0,
0,
0,
0,
0,
0,
0,
0,
0,
0,
0,
0,
0,
0,
0,
0,
0,
0,
0,
0,
0,
0,
0,
0,
0,
0,
0,
0,
0,
0,
0,
0,
0,
14791,
14791,
14823,
0,
0,
0,
14824,
0,
0,
0,
0,
0,
0,
0,
0,
0,
0,
0,
0,
0,
0,
0,
0,
0,
0,
0,
0,
0,
0,
0,
14791,
14791,
60297,
62345,
14823,
0,
0,
14791,
23275,
14824,
0,
0,
0,
0,
0,
0,
0,
0,
0,
0,
0,
0,
0,
0,
0,
0,
0,
0,
0,
0,
0,
12710,
62345,
56104,
56104,
25356,
37934,
12710,
14791,
21162,
21162,
14791,
12678,
0,
14791,
12743,
0,
0,
12743,
0,
0,
0,
0,
0,
0,
0,
0,
0,
0,
0,
0,
0,
14791,
60265,
62345,
60297,
25356,
65535,
42128,
50613,
58471,
64999,
25356,
50646,
23243,
14791,
23275,
23243,
14791,
14823,
64967,
14824,
0,
0,
0,
0,
0,
0,
0,
0,
0,
0,
0,
14791,
29483,
58185,
45898,
58217,
23275,
65535,
65535,
42127,
65063,
64966,
56423,
65535,
65535,
65535,
65535,
27403,
23275,
14823,
52230,
14824,
0,
0,
0,
0,
0,
0,
0,
0,
0,
0,
0,
14791,
27370,
39657,
29515,
21162,
65503,
65535,
44371,
40015,
65535,
62822,
52263,
65535,
63454,
46420,
29483,
25290,
23243,
35788,
12678,
14823,
0,
0,
0,
0,
0,
0,
0,
0,
0,
0,
14791,
29515,
29483,
27403,
29515,
23275,
65535,
50678,
42127,
14791,
62377,
50645,
65535,
65535,
27403,
29483,
29515,
23243,
44208,
42160,
14823,
0,
14791,
14823,
0,
0,
0,
0,
0,
0,
0,
0,
14759,
29515,
27403,
27403,
29515,
23243,
42127,
44240,
40047,
35788,
65535,
48533,
65535,
65535,
65535,
27435,
25356,
40047,
42160,
44208,
33676,
14791,
65031,
14791,
0,
0,
0,
0,
0,
0,
0,
0,
0,
14791,
12710,
25322,
29515,
25322,
21162,
44208,
33675,
57051,
50678,
63454,
27403,
50678,
63454,
65503,
29483,
21162,
40047,
42160,
31595,
54311,
23243,
21162,
14823,
0,
0,
0,
0,
0,
0,
0,
0,
0,
0,
14791,
14791,
14791,
25323,
44240,
35788,
61341,
29515,
29483,
29483,
29515,
29483,
29483,
29515,
23275,
44208,
44240,
42160,
25355,
58471,
65031,
14824,
0,
0,
0,
0,
0,
0,
0,
0,
0,
0,
0,
0,
14759,
42127,
35789,
59196,
27403,
29515,
27403,
27435,
29515,
23243,
23243,
25355,
27403,
25323,
44208,
33676,
25323,
56391,
14791,
0,
0,
0,
0,
0,
0,
0,
0,
0,
0,
0,
0,
14823,
40015,
31595,
14791,
12710,
12710,
29483,
25322,
27370,
29483,
21162,
40015,
42160,
21162,
23243,
42160,
37934,
40047,
14823,
0,
0,
0,
0,
0,
0,
0,
0,
0,
0,
0,
0,
0,
14791,
14791,
14791,
0,
0,
0,
14791,
29483,
23275,
23275,
23275,
44208,
44240,
42160,
35821,
44240,
35788,
14824,
0,
0,
0,
0,
0,
0,
0,
0,
0,
0,
0,
0,
0,
0,
0,
0,
0,
0,
12710,
12710,
14791,
23211,
42127,
44208,
40015,
42127,
44208,
40015,
42128,
23275,
14791,
0,
0,
0,
0,
0,
0,
0,
0,
0,
0,
0,
0,
0,
0,
0,
0,
0,
0,
14791,
25322,
25322,
23275,
21162,
40015,
44208,
37934,
40015,
42160,
37934,
40047,
14824,
0,
0,
0,
0,
0,
0,
0,
0,
0,
0,
0,
0,
0,
0,
0,
0,
0,
0,
0,
14791,
23275,
23275,
35789,
23275,
25323,
44240,
42160,
44208,
44240,
42160,
42160,
14824,
0,
0,
0,
0,
0,
0,
0,
0,
0,
0,
0,
0,
0,
0,
0,
0,
0,
0,
12710,
29515,
27402,
23211,
25356,
33676,
33708,
23275,
23210,
42127,
44208,
40014,
14823,
0,
0,
0,
0,
0,
0,
0,
0,
0,
0,
0,
0,
0,
0,
0,
0,
0,
0,
0,
12710,
23275,
21162,
31595,
35788,
21162,
23211,
44208,
37934,
40015,
14791,
12743,
0,
0,
0,
0,
0,
0,
0,
0,
0,
0,
0,
0,
0,
0,
0,
0,
0,
0,
0,
0,
14791,
29515,
29515,
23275,
25356,
35789,
23275,
23275,
14791,
14824,
0,
0,
0,
0,
0,
0,
0,
0,
0,
0,
0,
0,
0,
0,
0,
0,
0,
0,
0,
0,
0,
12710,
27403,
29515,
23210,
27403,
29515,
23211,
33708,
35789,
14791,
0,
0,
0,
0,
0,
0,
0,
0,
0,
0,
0,
0,
0,
0,
0,
0,
0,
0,
0,
0,
0,
0,
12710,
12710,
14791,
25322,
27370,
25355,
25322,
27403,
14824,
0,
0,
0,
0,
0,
0,
0,
0,
0,
0,
0,
0,
0,
0,
0,
0,
0,
0,
0,
0,
0,
0,
0,
0,
0,
14791,
14791,
14791,
29515,
29515,
14824,
0,
0,
0,
0,
0,
0,
0,
0,
0,
0,
0,
0,
0,
0,
0,
0,
0,
0,
0,
0,
0,
0,
0,
0,
0,
0,
0,
0,
0,
14791,
14791,
0,
0,
0,
0,
0,
0,
0,
0,
0,
0,
0,
0,
0,
0,
0,
0,
0,
0,
0,
0,
0,
0,
0,
0,
0,
0,
0,
0,
0,
0,
0,
0,
0,
0,
0,
0,
0,
0,
0,
0,
0,
0,
0,
0,
0,
0,
0,
0,
0,
0,
0,
0,
0,
0,
0,
0,
0,
0,
0,
0,
0,
0,
0,
0,
0,
0,
0,
0,
0,
0,
0,
0,
0,
0,
0,
0,
0,
0,
0,
0,
0,
0,
0,
0,
0,
0,
0,
0,
0,
0,
0,
0,
0,
0,
0,
0,
0,
0,
0,
0,
0,
0,
0,
0,
0,
0,
0,
0,
0,
0,
0,
0,
0,
0,
0,
0,
0,
0,
0,
0,
0,
0,
0,
0,
0,
0,
0,
0,
0,
0,
0,
0,
0,
0,
0,
0,
0,
0,
0,
0,
0,
0,
0,
0,
0,
0,
0,
0,
0,
0,
0,
0,
0,
0,
0,
0,
0,
0,
0,
0,
0,
0,
0,
0,
0,
0,
0,
0,
0,
0,
0,
0,
0,
0,
0,
0,
0,
