1818
0,
0,
0,
0,
0,
0,
0,
0,
0,
0,
0,
0,
0,
0,
0,
0,
0,
0,
0,
0,
0,
0,
0,
0,
0,
0,
0,
0,
0,
0,
0,
0,
0,
0,
0,
0,
0,
0,
0,
0,
0,
0,
0,
0,
0,
0,
0,
0,
14824,
0,
0,
0,
0,
0,
0,
0,
0,
0,
0,
0,
0,
0,
0,
0,
0,
0,
0,
0,
0,
0,
0,
14791,
14791,
14791,
14824,
0,
0,
14791,
14791,
14791,
23275,
14824,
0,
0,
0,
0,
0,
0,
0,
0,
0,
0,
0,
0,
0,
0,
0,
0,
0,
0,
0,
0,
14759,
25356,
30046,
30046,
32159,
14759,
14791,
32159,
30046,
30046,
23275,
14823,
0,
0,
0,
0,
0,
0,
0,
0,
0,
0,
0,
0,
0,
0,
0,
0,
0,
0,
0,
0,
12710,
32159,
29981,
27900,
25356,
29580,
27500,
31694,
27500,
29548,
64392,
12743,
0,
0,
0,
0,
0,
0,
0,
0,
0,
0,
0,
0,
0,
0,
0,
0,
0,
0,
0,
0,
14791,
23275,
23275,
23275,
31694,
31694,
31694,
31694,
31694,
31694,
64392,
32126,
14824,
0,
0,
14791,
14824,
0,
0,
0,
0,
0,
0,
0,
0,
0,
0,
0,
0,
0,
0,
14791,
29581,
31694,
29613,
23243,
25356,
29613,
29613,
31694,
29613,
23211,
36639,
34463,
14759,
14791,
14791,
21529,
32159,
14791,
0,
0,
0,
0,
0,
0,
0,
0,
0,
0,
0,
0,
0,
0,
12710,
31694,
29580,
27500,
25356,
29580,
27500,
23275,
21163,
32383,
36639,
32350,
23242,
54729,
21162,
50537,
32126,
12743,
0,
0,
0,
0,
0,
0,
0,
0,
0,
0,
0,
0,
0,
0,
0,
14791,
31694,
31694,
31694,
31694,
23308,
38719,
65318,
25356,
65535,
36607,
23275,
23275,
23275,
54729,
32159,
14824,
0,
0,
0,
0,
0,
0,
0,
0,
0,
0,
0,
0,
0,
0,
0,
0,
14759,
29581,
31694,
23243,
34463,
38687,
50537,
65254,
65535,
34431,
23243,
31694,
29581,
14759,
14824,
0,
0,
0,
0,
0,
0,
0,
0,
0,
0,
0,
0,
0,
0,
0,
0,
0,
12710,
27500,
31694,
29580,
21163,
38687,
65503,
65503,
36639,
21162,
29581,
31694,
21162,
14791,
0,
12678,
14823,
0,
0,
0,
0,
0,
0,
0,
0,
0,
0,
0,
0,
0,
0,
0,
0,
14791,
31694,
23275,
23275,
25356,
36639,
36639,
36639,
23275,
23275,
25356,
31694,
31694,
14823,
32159,
36639,
14824,
0,
0,
0,
0,
0,
0,
0,
0,
0,
0,
0,
0,
0,
0,
0,
12710,
25356,
34495,
34463,
32159,
23243,
34463,
25356,
29581,
23243,
23275,
23210,
65254,
54761,
63142,
32094,
14824,
0,
0,
0,
0,
0,
0,
0,
0,
0,
0,
0,
0,
0,
0,
14791,
32351,
38687,
50536,
63142,
36639,
21162,
29581,
31694,
27500,
23243,
36639,
32351,
65221,
54729,
63110,
34495,
14824,
0,
0,
0,
0,
0,
0,
0,
0,
0,
0,
0,
0,
0,
14823,
36639,
38687,
56809,
65350,
36639,
23275,
14791,
31694,
31694,
31694,
25356,
36639,
36639,
36639,
14791,
14791,
14824,
0,
0,
0,
0,
0,
0,
0,
0,
0,
0,
0,
0,
0,
0,
14823,
30046,
34431,
36639,
30046,
12710,
14791,
0,
12710,
31694,
23243,
34495,
36639,
34431,
14823,
0,
0,
0,
0,
0,
0,
0,
0,
0,
0,
0,
0,
0,
0,
0,
0,
0,
0,
12710,
12710,
14791,
14791,
0,
0,
12710,
12710,
25356,
27500,
29581,
32159,
32318,
14791,
0,
0,
0,
0,
0,
0,
0,
0,
0,
0,
0,
0,
0,
0,
0,
0,
0,
0,
0,
0,
0,
0,
0,
14791,
31694,
23275,
31694,
31694,
31694,
31694,
31694,
23275,
14824,
0,
0,
0,
0,
0,
0,
0,
0,
0,
0,
0,
0,
0,
0,
0,
0,
0,
0,
0,
0,
0,
0,
14791,
21162,
21162,
25356,
27500,
29581,
31694,
21162,
23211,
32126,
12743,
0,
0,
0,
0,
0,
0,
0,
0,
0,
0,
0,
0,
0,
0,
0,
0,
0,
0,
0,
12710,
12710,
31694,
21162,
29581,
31694,
21162,
12710,
14791,
21162,
23243,
32126,
12743,
0,
0,
0,
0,
0,
0,
0,
0,
0,
0,
0,
0,
0,
0,
0,
0,
0,
0,
14791,
23275,
23275,
14791,
14791,
31694,
14791,
31694,
14824,
0,
14791,
14791,
14824,
0,
0,
0,
0,
0,
0,
0,
0,
0,
0,
0,
0,
0,
0,
0,
0,
0,
0,
12710,
23275,
21162,
14791,
0,
12710,
14791,
0,
14791,
0,
0,
0,
0,
0,
0,
0,
0,
0,
0,
0,
0,
0,
0,
0,
0,
0,
0,
0,
0,
0,
0,
0,
12710,
23275,
14791,
0,
0,
0,
0,
0,
0,
0,
0,
0,
0,
0,
0,
0,
0,
0,
0,
0,
0,
0,
0,
0,
0,
0,
0,
0,
0,
0,
0,
14791,
31694,
23275,
14824,
0,
0,
0,
0,
14791,
14824,
0,
0,
0,
0,
0,
0,
0,
0,
0,
0,
0,
0,
0,
0,
0,
0,
0,
0,
0,
0,
0,
0,
12710,
27500,
14824,
0,
0,
0,
0,
12710,
65350,
14791,
0,
0,
0,
0,
0,
0,
0,
0,
0,
0,
0,
0,
0,
0,
0,
0,
0,
0,
0,
0,
0,
0,
12710,
29581,
14824,
0,
12710,
14791,
14790,
65221,
65350,
14791,
0,
0,
0,
0,
0,
0,
0,
0,
0,
0,
0,
0,
0,
0,
0,
0,
0,
0,
0,
0,
0,
0,
14791,
25356,
31694,
14791,
14823,
65382,
65350,
65350,
54729,
23275,
14824,
0,
0,
0,
0,
0,
0,
0,
0,
0,
0,
0,
0,
0,
0,
0,
0,
0,
0,
0,
0,
0,
0,
12710,
25356,
29580,
27500,
14823,
50504,
63141,
65350,
63109,
14791,
0,
0,
0,
0,
0,
0,
0,
0,
0,
0,
0,
0,
0,
0,
0,
0,
0,
0,
0,
0,
0,
0,
0,
14791,
12710,
12710,
14791,
65189,
65221,
14791,
12710,
14823,
0,
0,
0,
0,
0,
0,
0,
0,
0,
0,
0,
0,
0,
0,
0,
0,
0,
0,
0,
0,
0,
0,
0,
0,
0,
0,
14823,
65318,
14824,
0,
0,
0,
0,
0,
0,
0,
0,
0,
0,
0,
0,
0,
0,
0,
0,
0,
0,
0,
0,
0,
0,
0,
0,
0,
0,
0,
0,
0,
14791,
12710,
0,
0,
0,
0,
0,
0,
0,
0,
0,
0,
0,
0,
0,
0,
0,
0,
0,
0,
0,
0,
0,
0,
0,
0,
0,
0,
0,
0,
0,
0,
0,
0,
0,
0,
0,
0,
0,
0,
0,
0,
0,
0,
0,
0,
0,
0,
0,
0,
0,
