00000000000000000000000000000000000000000000
01000000000000000000000000000000000000000000
02000000000000000000000000000000000000000000
03000000000000000000000000000000000000000000
04000000000000000000000000000000000000000000
05000000000000000000000000000000000000000000
06000000000000000000000000000000000000000000
07000000000000000000000000000000000000000000
08000000000000000000000000000000000000000000
09000000000000000000000000000000000000000000
10000000000000000000000000000000000000000000
11000000000000000000000000000000000000000000
12000000000000000000000000000000000000000000
13000000000000000000000000000000000000000000